1.318416742671124275e+01 -2.194050975465043507e+01 7.489040937249378693e+00 2.524832680903518423e+00 1.128266500776518733e+01 5.937435816174589931e+00 3.825522060099977306e+00 6.003143355122463554e+00 5.242759680196912520e+00 3.723948275870417657e+00 1.039796659629108078e+01 -6.973248074654391004e+00 -6.406605091508128957e+00
1.314066888754075713e+01 -2.032164235239100236e+01 1.309758221388736921e+01 6.950827795470514658e+00 1.207090865493344012e+01 7.730514245536176610e+00 1.220962755624323925e+01 1.144814986692686221e+00 6.226799702450890095e+00 2.506875379071557206e-02 -4.251629558733721836e+00 -9.887523571919270893e+00 -2.208027020866665247e+00
1.311910052323396592e+01 -2.272993308008693347e+01 1.315938251619884980e+01 8.192398495403280023e+00 1.390421585267463023e+01 9.287730158211092046e+00 7.057313254967981564e+00 4.767686086328860817e+00 1.782313268143284191e+01 7.655141951283379598e+00 3.091922499284163184e-01 -1.796197825088674094e+00 -8.352567655123629420e-01
1.306943407115857525e+01 -2.314239414486603152e+01 1.087080546621904276e+01 5.264985082001773620e+00 1.287351147665842177e+01 1.360767863946402656e+01 1.492989092266334161e+01 7.082154459907484600e+00 9.522598523753291744e+00 -7.928549180006995378e+00 -9.868385064781527660e+00 8.560018511295780508e-02 -1.993082124810899192e+00
1.308766702723989539e+01 -2.052155051075845549e+01 1.292352363161156603e+01 6.381678834956032276e+00 8.255860257691349346e+00 8.116143061075383969e+00 1.203801920687527982e+01 7.245632531425542311e+00 1.622310176399376758e+01 1.362930834421869974e+01 7.085391246661711939e+00 9.913825737188112441e+00 5.767907485418698244e+00
1.294834013007753093e+01 -2.023387328152279707e+01 1.231401005660450920e+01 3.340445369771227746e+00 4.412316399951112800e+00 2.138261146864424589e+00 4.642742938350361115e+00 2.051629846538281399e+00 1.087116000630376789e+01 8.586085939284272328e+00 1.301962557377617458e+01 7.283476289519635216e+00 -1.819254034828088062e-01
1.293583195095928140e+01 -2.509764801729037487e+01 5.426503512137424323e+00 3.715611232953215382e+00 5.334930031643458470e+00 1.186121408838515912e+01 1.448696211665579625e+01 6.651296173285671243e-01 5.028550551013415415e+00 -3.975980873873040888e+00 2.964883830294632538e+00 7.729479531364422229e+00 7.831945121194763715e+00
1.317374438243220069e+01 -2.764203965373654270e+01 7.725785862007358062e+00 2.987176980447815211e+00 1.666107067651242701e+01 2.195392970495557705e+01 2.347775629778511330e+01 1.564191214587593137e+01 1.281219814855202443e+01 1.312446316543283409e+01 1.259291262463751160e+01 3.147276679065731386e+00 -3.187596479701352514e+00
1.307065953480808140e+01 -2.202077434633367758e+01 1.086613477457600752e+01 6.060846679297387851e+00 1.130087570416326592e+01 8.559420685485809699e+00 9.840249664050363165e+00 4.350174794659442234e+00 1.007363018680311306e+01 3.260084242694610168e+00 1.479111523425011576e+01 1.018378633012894596e+01 6.010322149777241663e+00
1.314361289400522992e+01 -2.184536549195238564e+01 1.154660578547632710e+01 5.203250128723754919e+00 1.053453452291058490e+01 1.346397585899650551e+01 1.562677617825841736e+01 9.968574371895616792e+00 8.507668079643307735e+00 -4.255687530036166288e-01 7.836885378965107840e+00 2.606007151685381551e+00 2.941526342906026215e-01
1.315479374235122201e+01 -2.004075143726755925e+01 1.316910389070594078e+01 2.574585324487366211e+00 6.692852404073177830e+00 7.204477831341938199e+00 1.686484484147395335e+01 3.087076937735155457e+00 6.497478219007467359e+00 3.453215882251867708e+00 5.943628723965365346e+00 1.879780912319648944e+00 -6.013600057782927166e+00
1.317430471565138461e+01 -2.247571706049736306e+01 1.036665619299698449e+01 3.023414501781244379e+00 6.540541015766438981e+00 4.132914545558686648e+00 7.233604934423766508e+00 -2.227024741287842446e-01 9.401135813641801064e-01 1.360838220854476477e+00 -2.509977993780834193e+00 -3.971293554815729543e+00 2.668199110401685115e+00
1.313854683945312907e+01 -2.162703597519212906e+01 8.095359531849881662e+00 2.648030012715432702e-01 9.406113433880797459e+00 1.157508221281764627e+01 1.774044359758315181e+01 8.345146938662132641e+00 5.771187651571113797e+00 1.641534281592109012e+00 2.674875296756144660e+00 4.554973697565317892e+00 5.161986678942759532e+00
1.316185589183331928e+01 -2.023725837703850772e+01 8.948433133192628119e+00 3.959995792012841465e-01 1.111019186166398498e+01 1.536440059973226191e+01 1.157239137400749840e+01 -1.886988241930742882e+00 1.657682309337896731e+00 -1.248803218863803752e-03 1.251522683429847627e+00 4.141839390300591894e+00 -1.165928614308659045e-01
1.323874422872763290e+01 -1.991260931410102586e+01 9.451073414713782483e+00 -1.699863569883847791e+00 1.041493788658677211e+01 1.211700500574644757e+01 3.320168563325236910e+00 -7.268163372600917604e+00 -1.169515798647997507e+01 -6.586906612729092281e+00 8.413464748045623054e+00 1.544990629955327321e+00 -5.130371276643474587e+00
1.326428842412667564e+01 -2.011868938607680235e+01 1.403796375071202540e+01 3.340008804362255113e+00 5.517704892800776584e+00 5.167128892588852551e+00 1.133278154337699917e+01 -3.875033589351307928e+00 2.403749149824677911e+00 -2.766363119547113891e-01 -4.481210113124088679e+00 -1.279464579179797923e+01 5.853186165205463976e-01
1.314371078414213123e+01 -1.972968927580889442e+01 1.673984223996483323e+01 3.764968310544031915e+00 2.547653790102391902e+00 6.654630452823034226e+00 1.389238656698159069e+01 5.995349480743048964e+00 1.014782113704726818e+01 8.118647639204716882e+00 5.485754826520622629e+00 1.361629218472152125e+00 4.953123130113741279e-01
1.321439471524830545e+01 -2.184068223250229579e+01 1.424483497901544204e+01 6.155987466610584491e+00 4.456567038219912291e+00 4.910348607051640002e+00 7.554768769867738598e+00 -3.617610305688368388e+00 4.449098284143304660e+00 -8.334508816060886005e-01 -2.292471086353275123e+00 -6.630609660425535345e+00 -1.590493095423312520e+00
1.322484611108718511e+01 -2.177372869086466523e+01 1.320798444193948917e+01 1.949739016978994766e+00 8.464887355730954965e+00 1.194132464384723846e+01 9.211225453349486614e+00 2.918442794266742357e+00 1.274324844186849859e+01 6.190890393936199665e+00 4.989932096017756002e+00 1.574533134554428226e+00 -2.006018868493648633e-01
1.308350413585859506e+01 -2.454155738668498898e+01 9.382201462141912529e+00 3.242537278105539933e+00 1.124418022209334644e+01 1.343936749432208444e+01 6.925426951866389125e+00 -7.434495934230664904e-01 7.113703956529413119e+00 -6.080442441689574984e-02 7.491027260168083401e+00 -4.849518157902591442e-01 -6.879538824341337566e+00
1.319294818906762856e+01 -2.252765887776347498e+01 1.148186253895667441e+01 1.747090404456474566e+00 6.762998634537668252e+00 8.080490779196495055e+00 5.304440240908129489e+00 -8.229161774892100878e-01 -1.342054642568051737e+00 -2.162645282260033941e+00 9.818117577810090424e-01 -1.528059119023952750e+00 -3.807556099365776436e+00
1.321649178467130525e+01 -2.384998126308232003e+01 1.073032936779833335e+01 3.815708560223431078e+00 1.210653625441944925e+01 1.541502557516445826e+01 1.506367090887068194e+01 8.996627037077423950e+00 6.774517543269519493e+00 8.246788427166386271e+00 1.725625182925970691e+01 1.090376155497766675e+01 4.930283341052663637e+00
1.318759437323132033e+01 -2.284803882802599162e+01 7.978491789309615001e+00 -3.633072113458014618e-01 8.414992695485420171e+00 4.480785285398884987e+00 1.796313787282778796e+00 -1.815754830760809124e+00 -1.356550234467602811e+00 -3.956494577980039118e+00 4.414258000939986104e+00 3.663981959329921878e+00 5.007399873529034373e+00
1.312567365344815506e+01 -2.611718552486787459e+01 6.835061181505300176e+00 8.205355933097012722e-01 1.343253731659150318e+01 1.585117027320905869e+01 1.789444469197862375e+01 9.970166851393488017e+00 1.056193366763327823e+01 1.130871936000164091e+01 7.727953279849644197e+00 3.553245231939654580e+00 -1.029673500524536239e-01
1.328903279148632421e+01 -2.142008314158119120e+01 1.144170145466085842e+01 5.422935063362047003e+00 1.325268149067739998e+01 1.037390970910278298e+01 1.591238113873487769e+01 5.521736909387096048e+00 1.857555899454639459e+01 6.630876714289070328e+00 8.037646009618470089e+00 1.087643777299571468e+01 2.326191167881119348e+00
1.327471706944072061e+01 -2.238303147338788790e+01 1.106731737815507977e+01 4.950401560080639918e+00 1.078052881942568320e+01 1.510290493032031911e+01 1.937022159613561456e+01 6.979973012974650892e+00 1.308024054890215204e+01 -1.741275866101000269e-01 -1.511324435441883773e+00 3.522001420447223641e+00 1.029753431589681867e+01
1.318566500603883718e+01 -2.379325980579815081e+01 9.692716440405401812e+00 3.986730066644181392e+00 8.674191958257665647e+00 1.069723471991233765e+01 1.571369848410106229e+01 8.709195585425641539e+00 9.772296639407606733e+00 7.930885706141042046e-01 8.775880774806495310e+00 6.532391888858481543e+00 1.032499138873244071e+01
1.320745813998325779e+01 -2.081096158732846391e+01 1.263571736718403038e+01 4.681115014851426004e+00 8.557194344593481716e+00 7.995484796055859711e+00 1.811942182119024736e+01 3.912895722028706835e+00 6.418575839433851904e+00 2.740313469730482066e+00 5.579638415471258384e+00 8.433659645470008570e+00 8.746581553867652792e-01
1.302900497730553475e+01 -2.484037569897657960e+01 7.143026274884442195e+00 -1.435553719230615144e+00 5.045605518024159686e+00 5.460718650930316720e+00 1.543809645416735954e+01 1.053682274325008805e+01 -8.597155467415618091e+00 -7.517626344238997227e+00 1.550170301570880316e+00 5.226800616104603225e-01 2.567867181671219079e+00
1.331425487014092823e+01 -2.560125873421837284e+01 1.070603976998479112e+01 5.236118897529732585e+00 1.595068069032282665e+01 1.795110712413649168e+01 1.838376640696106179e+01 -1.297122925351432254e+00 -7.449033213367727058e+00 -1.254207203758396183e+01 -5.199308873721554036e+00 1.943188932769863264e+00 6.262539549436692887e+00
1.321855305176036666e+01 -2.564471483752574699e+01 9.234785615559998107e+00 4.140512673882604133e+00 6.838893424805144505e+00 5.863840782380314920e+00 1.018742117617422061e+01 1.048740472886525277e+00 1.165890982252027142e+00 -1.133628552605029860e+01 2.707315366261164868e+00 -3.781954628755391123e+00 -1.010151015160820087e+01
1.308005081937097636e+01 -2.167848957297355739e+01 1.011452073287142284e+01 7.462526576136881973e-01 1.071481936880162067e+01 9.101930727244639030e+00 8.399993325479879758e+00 5.919288315265395006e+00 8.606478854721952843e+00 -8.210603240221024945e-01 -3.677204617364016048e-01 1.242754580011877108e+00 -1.374898064987727930e-01
1.318114242539994052e+01 -2.299657636294298158e+01 1.078110636916374077e+01 3.507614107303240303e+00 9.714718045018624792e+00 1.240723161339757752e+01 8.603704375682429628e+00 1.945098584272837716e-01 7.063852707861531854e+00 1.729487814922362032e+00 1.275199767592328826e+01 1.093428988525085011e+01 5.295868877007937847e+00
1.317719837408075634e+01 -2.285520693640198431e+01 1.291158175132925656e+01 4.867667845812770011e+00 6.998014568596980567e+00 7.936253860789022951e+00 8.352737832118121375e+00 -1.983839728083289788e-01 8.157736372388050938e+00 5.174559218389894966e+00 7.879304547819525162e+00 -1.236256602858276210e+00 -1.423025701842464796e+00
1.312577440616997571e+01 -2.494146308847188820e+01 7.104482434151247361e+00 -2.125520265723781499e+00 8.090936452591812156e+00 1.012753370735024561e+01 9.841861143550826085e+00 1.370042175669934803e+00 5.340562390712720209e+00 7.042315835194805196e+00 8.362401611966824078e+00 8.468832976056010153e+00 9.703867041793168724e+00
1.310275981404516266e+01 -2.490928894296825291e+01 8.588535750251084622e+00 -9.702567283550687094e-01 8.643335980266437346e+00 1.105520095615217890e+01 1.106501699916743320e+01 1.727675815922754987e+00 -2.041697408807200187e+00 -4.760272775456662053e+00 3.888541965572932302e+00 1.218815622956701317e+00 -1.878947447057560671e+00
1.323678407797129708e+01 -2.339747066723479207e+01 1.198880771077977769e+01 3.811250095646542935e+00 9.707482533068487740e+00 7.529865531431966907e+00 9.366689615187445028e+00 4.338049123880652225e+00 1.174206532109226986e+00 -1.124482734395103378e+00 6.349313604684418522e+00 8.245060494711381693e+00 1.048257664491987740e+01
1.331178354707340539e+01 -2.257728989124635177e+01 9.941687244250772437e+00 1.827401745364849006e+00 7.822953067868265720e+00 7.844388195313760193e+00 1.347222189119138491e+01 8.517381253127899399e+00 1.334829846877594939e+01 9.824573645486902151e+00 5.851993654433902847e+00 1.452799440390104113e+00 1.364913198993653820e+00
1.297167261447567910e+01 -2.440642539825164903e+01 7.648452718596058908e+00 9.582446797371017011e-01 1.027258538758234785e+01 1.214628420979163437e+01 5.380397025871365813e+00 -9.884992164441999130e-01 -4.035235250161626652e+00 -9.464384240508895374e+00 -7.282838995290515705e+00 -8.630563113548205934e+00 2.391869916868722523e+00
1.313812696912608935e+01 -2.467946994812064787e+01 9.077031127933201660e+00 -1.141648475644741145e+00 -1.612254548666691933e+00 -1.350430348200912567e+00 1.187251293538702868e+01 1.092865473445149505e+01 1.402637556348347836e+01 -2.655321130243064154e+00 2.767673193194234660e+00 3.598075537285788106e-01 5.004273917838302665e+00
1.321549846488818325e+01 -2.700237918090445177e+01 7.165262251434070251e+00 1.116876671942126587e+00 8.598886312645097618e+00 1.163506128953672203e+01 1.579472830073666856e+01 9.800489331366712520e+00 1.300872282928127177e+01 2.723576334773066154e+00 4.737607616562015345e+00 9.764888217829994943e+00 6.932279605375144982e+00
1.323665435200245355e+01 -2.401286589411572692e+01 1.013945563640262293e+01 3.170799721124220483e+00 1.122575073632783571e+01 1.512768451955271232e+01 1.773874054925305543e+01 1.021930210692068464e+01 9.260187574161509616e+00 2.892251715618198382e+00 3.256182875068777682e-01 -3.969971029865502210e+00 2.038329223875934737e+00
1.314874550139303722e+01 -2.430109014033231318e+01 1.235073552548659137e+01 1.002676216097642126e+01 1.615721227182933006e+01 1.589755704581456897e+01 8.698677007979252807e+00 -3.351732251872082680e-01 2.171982771713176774e-01 3.946097417908739136e+00 4.430011635982204155e+00 7.251791630334214034e+00 1.096070968627426723e+01
1.310536970184758232e+01 -2.622473011884388683e+01 9.872602496212008916e+00 1.290506587714416398e+00 1.123165697839908361e+01 1.463319332810497464e+01 1.672414571067878697e+01 9.277359785247567547e-01 -5.626184731758413271e+00 -2.304925306168391863e+00 -5.038816223196997512e+00 -6.888427701332820341e+00 2.762925023762754062e+00
1.317813193550933448e+01 -2.118870786911246995e+01 1.283019451396932809e+01 2.104349216196312877e+00 8.984109723594235319e+00 4.052645614176260125e+00 1.121042236866419550e+01 3.823581887960411319e+00 6.064625425678134896e+00 2.433025220923338949e+00 7.197499375987762571e-01 1.338967153693007894e+00 8.245135445790163331e+00
1.306355772381278157e+01 -2.211749680691895747e+01 1.035043305759097620e+01 3.161876129203303964e+00 9.091217934274785861e+00 9.324936477926176082e+00 1.005635930757584440e+01 1.022077189740149272e+01 9.777975591112456399e+00 4.167216026023794484e+00 -2.263132018378349652e+00 -7.075652211187971830e+00 -1.201683517995454809e+00
1.316054392113084148e+01 -2.001228186327557168e+01 9.869626527885511535e+00 2.099476939758639027e+00 1.272575756796384816e+01 1.233912248207407814e+01 1.359607271893822045e+01 7.780925011176067052e+00 4.306686693843671421e+00 -9.537420235833112825e-01 1.779725756299298967e+00 -8.315496141240636518e+00 8.214136729789642821e-01
1.330632153801943751e+01 -2.319302156994131892e+01 7.142025649363885620e+00 -3.579378121923812106e+00 4.331700908982059062e+00 1.070636561366588602e+01 1.752399906946082098e+01 6.257996698626807408e+00 -1.098983124839854275e+00 -5.856683846283320172e+00 1.435576347727405278e+00 -6.461646125207279212e+00 -2.598677787168546693e+00
1.328533060320999226e+01 -2.769045762127750265e+01 6.591091456392366155e+00 2.110963322531044517e-01 7.165581485257150440e+00 1.124540605843838215e+01 1.603691373858168845e+01 1.115056306556024346e+01 9.583661922277558531e+00 -2.794505673160344594e-01 7.041926147029512251e+00 2.039219252124942372e+00 6.252665975431754397e+00
1.308304035254466413e+01 -2.189102260837119118e+01 9.708902635678885673e+00 1.154738996089441416e+00 1.246540841016824963e+01 1.519008065781699734e+01 1.021858092133837559e+01 1.869167606876930066e+00 7.355690171321089821e+00 -3.236525160105378163e+00 -2.909828382423729209e+00 2.223004007207142863e+00 3.617322669529021262e+00
1.320631568333722683e+01 -2.729328974584984380e+01 7.605445800692293368e+00 -1.786609074837023359e+00 -3.254172968987759429e+00 -3.102239664193265911e-01 5.996149943769659707e+00 1.474117907595676868e+01 2.359897861116532169e+01 8.499038098079831016e+00 5.429300279517940808e+00 -4.681770086686471544e+00 -4.037332360578408941e-01
1.327061072509930995e+01 -2.138932239014713588e+01 1.284027264535102475e+01 8.415199140988713467e+00 1.092970436059172323e+00 6.180297958272721104e+00 1.814272855730107281e+01 3.738535596529604543e+00 7.868764691965061786e+00 -3.753381711217437022e+00 -7.605272467430665095e+00 3.503017539447276896e+00 4.403875442522926953e+00
1.322208468693716732e+01 -2.424445579578042853e+01 1.019115858881979264e+01 8.922073158049292019e+00 1.014032925177916589e+01 1.136248606004848405e+01 1.645179655412551156e+01 1.475277074837987712e+01 1.317886274209269359e+01 1.057816255019312646e+00 5.521144231385495260e-01 1.130654103889285444e+01 1.319855924835099259e+01
1.319539661184483670e+01 -2.522953295540645158e+01 6.757507540228381515e+00 -2.046930431695654473e+00 3.553883474166442902e+00 8.451731443133139621e+00 2.936306888769375956e+00 -2.005425982038110622e+00 1.626922557868382802e+00 -6.643534843697441516e+00 -1.149727586798518608e+01 2.145679081729266802e+00 7.022445661106284653e+00
1.622461770523236879e+01 -2.933146374903285647e+01 -2.668209342425979003e+01 6.321920167795566314e+00 1.995990634838025457e+01 3.727524974539161917e+01 -1.090384996557853903e+01 -1.056784650259970348e+01 3.412465042798341841e+01 -1.984429705085955575e+01 6.422086585468969488e+00 1.327037264387378634e+01 -1.399762900126776977e+01
1.378229892493112096e+01 -2.850711341650256969e+01 -1.217310053575065432e+01 2.527343187658412926e+00 1.583093308208300520e+01 1.266609928401351048e+01 -1.049178553493151966e+01 -1.719210887812777244e+01 1.742538608572932191e+01 -9.087842373170529342e+00 9.919381524619141910e-01 -1.794036757483091105e+00 -1.677049726629715209e+01
1.351458747696877083e+01 -2.521906664987739788e+01 -1.580528461025201281e+00 6.305975460902732088e+00 2.714314109405379227e+01 1.996838754425920115e+01 -5.721667887250025952e-01 -9.032815036329120417e+00 2.015907036331288182e+01 7.504697573078989770e+00 8.304445025583518714e+00 1.490244165884346828e+01 7.875461783237573066e+00
1.356109076333856045e+01 -2.071871336772749217e+01 -3.440378830164398938e+00 2.436012938522950366e-01 2.835900026733071755e+01 2.813767315660075141e+01 -2.209235833074126631e+00 -1.379707530302000151e+01 1.140124577650424165e+01 1.243128130862534952e+01 1.032186021868650450e+01 1.828555952479180569e+00 -9.671306217209368228e+00
1.393856896077958041e+01 -1.552601604046379613e+01 -1.505543652794571052e+01 -1.405769685531059743e+01 1.446611143654691567e+01 1.678089642163809714e+01 1.149311147178584669e+01 -8.280186173034415731e+00 9.441723794720767726e-01 -3.508632057983559704e+00 5.047761070449634069e+00 1.240190489811033814e+01 1.161464506193597757e+01
1.499074212323898614e+01 -1.570388714331197200e+01 -2.008932238280548432e+01 -2.505206738373658837e+01 1.457147116783073493e+01 3.078342293466835144e+01 1.357321118068983168e+01 -8.595586700901263200e+00 -2.363108653337521403e+00 -6.072777408120527909e+00 1.626746933450115051e+01 1.959481066667294158e+01 -1.434615858019506307e+00
1.320114676584736024e+01 -2.365128814382487832e+01 -7.558121632055838646e-01 -7.147955641522283798e+00 1.364645327195306201e+01 2.178302940123920450e+01 1.524599378998886223e+01 -3.249366091236579601e-01 8.267526789146307564e+00 6.703769876359475965e+00 7.023340397593395679e+00 -1.127676606480289223e+00 -2.290400988975925145e+00
1.322494504494343559e+01 -2.305611504219729824e+01 -9.653634456363546779e-01 -4.465592356915753847e+00 1.828398144565823102e+01 2.485092245334029215e+01 1.670196982295441757e+01 -3.387817116397812800e+00 5.425440407814877020e+00 1.206199978934211892e+01 1.626704177407772889e+01 5.860404085355531478e+00 4.058250006001247634e+00
1.326498907989712528e+01 -2.129588991015560850e+01 2.924088557943674616e+00 -4.187668796654709702e+00 1.355977120649616374e+01 2.271925100792861230e+01 1.977670324180708050e+01 -2.032024435454728439e-01 1.277423117952296217e+01 2.395839929139821578e+01 1.488169946181825765e+01 7.763365900983111523e+00 3.221841099534402897e+00
1.318595538270131051e+01 -2.541850647245816575e+01 1.769775873327502191e+00 -1.123554154528926752e+01 -2.478984496129787718e-01 3.017542955062269439e+00 2.209400023460537987e+00 -8.396152800003338967e+00 -1.854461435983352890e+00 -8.292470647914601756e+00 -2.574287697069911562e+00 -1.126314841902627251e+01 -1.430307049579613832e+01
1.326390871780669301e+01 -2.511571290901219555e+01 5.145408430912840281e+00 -1.500036202271450625e+00 1.137335340339772216e+01 1.636373361254968373e+01 2.323469846471834899e+01 1.490713235962636851e+01 1.455865181418028165e+01 3.748340187721355132e-01 5.817390140843146540e+00 -2.338592813692584871e-01 1.162972487972991464e+00
1.294310396619281178e+01 -2.582089543937505027e+01 4.994738750066753497e+00 4.521580288900045375e+00 1.508439345669904696e+01 2.244010999391021244e+01 2.841311263840538004e+01 1.627919452169959058e+01 1.126287232276336425e+01 5.787925189882098032e+00 7.177272758379776185e+00 6.845109937913136378e+00 1.016190905518850052e+01
1.311248378549045412e+01 -2.856073345756965765e+01 2.562644019875403245e+00 -1.281096969100786742e+00 2.226568167790785591e+00 8.604300364945506985e+00 1.289652307243243889e+01 7.821161351232479575e+00 1.121482207047193258e+00 -6.880140658254526365e+00 6.326178279444848229e+00 8.557952100155326036e+00 8.754657764266696063e+00
1.315944402542170621e+01 -2.505086475835311788e+01 1.072918082966599940e+01 4.561155542605646040e+00 1.057796260480498951e+01 1.544961810554684511e+01 2.354100574007625113e+01 2.166980588791925655e+01 1.552355811718850731e+01 7.198821849734481582e+00 1.219232381518013675e+01 6.924383040588790728e+00 8.227996771432760426e+00
1.316156330057625112e+01 -2.217946970273116847e+01 1.170875817886474124e+01 3.424431126640739009e+00 1.246738421545918385e+01 9.272134509510923550e+00 8.642245814410273397e+00 -2.076100414735285060e+00 7.587559672838533942e+00 8.930881559428454963e+00 4.946630985676616632e+00 2.268459610645069180e+00 6.415716704161830819e+00
1.320914072803012118e+01 -2.526112868721838112e+01 8.300296827948768552e+00 -2.322729934052532474e+00 3.531592730375854305e+00 1.306904030221879687e+01 2.785161198450633790e+01 1.576363521647274801e+01 1.498329129298376650e+01 5.185583255850171547e+00 1.234475997171775852e+01 1.460027203378342087e+01 5.965141857766554701e+00
1.314725013364760109e+01 -2.562265068735706919e+01 8.881059565081836027e+00 3.201436735439139536e+00 1.000628995619955752e+01 9.104400727596782872e+00 2.037995798859815366e+01 9.068806217861029140e+00 6.636290346216589420e+00 6.553394081400244486e-01 1.275814764174748639e+01 6.163909964821380427e+00 1.366968468498913070e-01
1.313515936054650446e+01 -2.715174029616150975e+01 6.422763082137570301e+00 -5.095129132316653653e-01 5.329412698150095551e+00 -2.579374500669476822e-01 9.280189469136837843e+00 3.773163607356378346e+00 9.621115402052334176e+00 7.405865411988823865e+00 8.607912188802332665e+00 6.752387661473892244e+00 1.052363009929570303e+01
1.307814968727458371e+01 -2.050096348737545782e+01 1.270083006602906295e+01 1.499261749630095952e+00 3.667219737835984983e+00 9.029962285166297065e+00 1.641399636363490799e+01 1.880371891672688278e+01 2.253576640772571693e+01 9.507129147476293340e+00 5.848218885169472081e+00 5.531425903810092137e+00 2.564506047246040588e+00
1.310118914513401300e+01 -2.278731035865882149e+01 1.369941733090145064e+01 7.639022859098412610e+00 7.931356659154144673e+00 1.326046502762775425e+01 2.000780485544243703e+01 5.451695734192011145e+00 9.390049155076866327e+00 2.457593186957265363e+00 -1.521455759311124201e+00 1.823146357052145561e+00 4.828372230017609068e-01
1.295125477518415558e+01 -2.258057259353669721e+01 5.633284406059046567e+00 -1.915370576015160919e+00 7.964591232962446199e+00 1.029230335648631645e+01 1.289284025848405868e+01 8.636704977288056639e+00 1.196737605579374453e+01 -1.947235925456481720e+00 -2.140804762497212188e+00 -1.131264848246944288e+00 1.303598038300262374e+01
1.313055894488876163e+01 -2.294705100610734760e+01 1.189595022557627857e+01 5.147084331041339667e+00 1.267579368952624819e+01 8.700866241626073361e+00 1.150911516132044099e+01 6.426235174508249770e+00 1.120207898374480315e+01 1.365300624113214312e+01 1.663542911081734132e+01 5.198346586472709419e+00 -3.067068907860127092e-01
1.308415546223760018e+01 -2.342775687512222405e+01 6.304116480453299864e+00 2.892426926172253943e+00 1.059856937958704926e+01 1.059127673878908205e+01 1.116873802944104277e+01 1.438259529440099639e-02 6.821628097040616900e+00 1.097177337401574970e+00 -2.254773731763559663e+00 -1.413440380124840523e+00 1.463642900493291821e+00
1.451223869124610388e+01 -1.942906064593017135e+01 -1.025762366175967522e+01 1.975500043849172327e+00 1.126005278504455553e+01 2.759563462680562651e+01 -4.160749045717628825e+00 -2.998732882971546587e+01 1.421692474168226106e+01 -3.621741738783904041e-01 9.788772907580156613e+00 9.601395890558141133e+00 -3.737208714719521652e+00
1.403798431537787117e+01 -1.712484003965005286e+01 -3.923118799838423598e+00 -9.013898640385887617e+00 1.012298460348498175e+01 2.723418376113827222e+01 -4.225647563004541141e+00 -2.385573956458416234e+01 9.344625829060817068e+00 3.642439729560941863e+00 1.608541737372111413e+01 -1.312554728753989597e+00 -7.957802293622580514e+00
1.400014169874259373e+01 -1.414036438733972290e+01 7.381065129575604900e+00 -3.878612031952578310e+00 -9.677165391585747400e+00 2.047293159058679990e+01 -2.510031994998635496e-01 -2.269957334261262361e+01 1.182698021905923547e+01 -1.720589714841919360e+00 -8.966514805103389385e-01 1.768297484499622430e+00 -1.248254844664227470e+01
1.561249396529547084e+01 -1.743093161057342044e+01 -2.065376467183085651e+01 2.429098270711500973e+00 3.256657959244471101e+00 2.456359897613431187e+01 -8.973077197339808464e+00 -4.382722311021836958e+01 -2.266853789188237212e+00 -1.584772685629116218e+01 -1.555096659509387802e+00 1.179790606673178921e+01 6.198380546800757784e+00
1.659155712266930394e+01 -7.343658974946920992e+00 -1.113998580376701852e+01 9.749797548901231181e+00 -2.408392490894013527e+00 2.796906506960544192e+01 -1.355484672472145924e+01 -4.305355702563436893e+01 1.174574612267821472e+01 -7.936174265407593076e+00 5.481919977560327339e+00 6.753580680481354293e+00 -1.443601818303504736e+01
1.681138870505839833e+01 -6.894194826675055232e+00 -1.312785261067356579e+01 1.135669154825828997e+01 4.771296439464466910e-01 2.362735073611261782e+01 -1.781380977856786529e+01 -4.227214721863330027e+01 8.563837093218696239e+00 -1.651477339800329247e+01 9.817951404625020473e+00 1.588087216938328972e+01 -2.218231111595825311e+01
1.739571613846318954e+01 -6.821616197874041276e+00 -1.548913221511494953e+01 7.417487750985659822e+00 -5.652965825360142027e+00 1.842505870960856029e+01 -1.754312279348583203e+01 -6.152691884049232129e+01 -5.679297316630024461e+00 -1.393473899021186391e+01 -2.218218109077763067e+00 4.736626384249325583e-01 -3.358723720920355760e+01
1.790844071844595931e+01 -6.461399389568970086e+00 -1.655177448957490327e+01 2.611677040040707887e+00 -7.494666974935504378e+00 1.690241321067859914e+01 -2.392643063851967256e+01 -5.035643906162289341e+01 -3.165406467300555970e+00 -8.558472757315369606e+00 -8.269611985998459147e+00 9.180157875325365424e+00 -3.206223036172800533e+01
1.844187247076912328e+01 -6.502847940777482627e+00 -1.944615620194809225e+01 6.495354495787056592e+00 -4.400748122362680093e+00 2.064287575938860186e+01 -2.644765327039146996e+01 -4.931227254271365013e+01 -8.796398985971906725e+00 -9.862222298216297034e+00 -1.235087538280881603e+01 1.418340387228037258e+01 -3.550736792164127564e+01
1.873802720247971365e+01 -1.305522100471005809e+00 -2.058257967537198496e+01 2.112530076753680874e-01 -1.911243868309127070e+00 2.278992292174623557e+01 -2.826343024453731800e+01 -5.009328397591861659e+01 -6.483793162065198956e+00 -7.595292333931414674e+00 -3.511734408174602695e+00 2.149783162475611675e+01 -2.625630131777452192e+01
1.901076933947865300e+01 4.633982975517398017e+00 -2.260568285003044764e+01 -1.495729299494396480e+00 9.185283375777391512e+00 3.267856307623731027e+01 -2.274632789994555537e+01 -4.237543233034821100e+01 9.946735564371088856e+00 -1.847612882361916320e+01 -7.047720600931968171e+00 2.009816332487943669e+01 -1.451189567803312386e+01
1.938382317921934117e+01 3.185286398128521324e+00 -2.734916544750952738e+01 2.158129484726318825e+00 3.051695645936004730e+00 3.111628484433805042e+01 -2.493150519802776444e+01 -5.817311461873378420e+01 1.146569687934642978e+01 -2.349090205394014319e+01 -1.379700687339878762e+01 5.674981687787149731e+00 -3.024762613611278894e+01
1.953576582892873503e+01 5.665591528202120308e+00 -2.671057111638608106e+01 1.488633956522046553e+00 1.530437099436593051e+01 3.379400954908059163e+01 -2.353324780314276055e+01 -4.773065130151133673e+01 8.496283511287524348e+00 -2.252745221505291440e+01 -9.730708491159616003e+00 1.650434837556791479e+01 -1.793318504416163250e+01
1.917205795342195529e+01 2.454177328483987175e+00 -2.237024348183905431e+01 7.876672508408680606e+00 1.277804933944047328e+01 3.236493648898105846e+01 -2.903202535324187750e+01 -5.530095455936206861e+01 1.263069330961027248e+01 -1.918355917803891231e+01 -1.178659186811030324e+01 2.740579358361356022e+00 -3.065709382453464826e+01
1.912102341683814544e+01 2.328054781358869452e+00 -2.354459887713457533e+01 9.996332488282423157e+00 1.070117261783932605e+01 3.530684787145855097e+01 -2.431062327466631245e+01 -5.658433176435097778e+01 1.619929074904029775e+01 -1.432098605403711922e+01 -5.804521380497766003e+00 1.159415223291569319e+01 -2.104432804943679614e+01
1.904910826188998030e+01 2.444235475431334237e+00 -2.371494874934942132e+01 3.068213498241978421e+00 5.074874636466346622e+00 3.159098245881043354e+01 -2.004598691487830209e+01 -5.605511436509414125e+01 -5.112841706195579983e-01 -2.526365567255809097e+01 -6.525776810167069009e+00 -8.698492209372535311e-02 -3.604768708487370787e+01
1.923319714173558737e+01 2.492648160249400391e+00 -2.168960665413830569e+01 1.240205660613211158e+01 1.846989958081384842e+01 4.175020752267040791e+01 -1.632172688937333049e+01 -5.797356048783247218e+01 8.917980902398410237e+00 -7.829400003410473374e+00 4.946836844901209673e+00 1.294006896211205770e+01 -2.903561352739429680e+01
1.876629308315401445e+01 1.989904911197056148e+00 -2.229306412777626889e+01 4.681516784472371739e+00 1.549152259081416361e+01 3.662417667854752068e+01 -1.139395099451599336e+01 -4.669338316016380475e+01 -5.029042860950030835e+00 -2.606944906001869811e+01 -6.524583666962715078e+00 3.311258809981110662e+00 -2.414764168585183413e+01
1.912834688953210005e+01 5.498429604157337280e+00 -2.126494888424963037e+01 2.222314763710785623e+00 1.543863226778150199e+01 4.815900402504163225e+01 -1.685706201671898441e+01 -4.777290137158983896e+01 1.223523616993399621e+01 -1.895641592423713462e+01 -6.142699709726086255e+00 1.050433824657965332e+01 -1.509177925526459063e+01
1.891898347948116665e+01 3.700696362811382922e+00 -2.099219626852245568e+01 4.650635968195356185e+00 1.580010163008778257e+01 3.704953011153724418e+01 -1.902016811839386889e+01 -5.257085223269288576e+01 2.412739139835122781e+00 -2.356577634141874000e+01 -9.009316756822407513e+00 9.851865191186650605e+00 -3.052279638210698565e+01
1.869871468193665365e+01 4.463745213767464470e+00 -2.000967345346603565e+01 2.054076807559329865e+00 7.016890092729800799e+00 3.057047737785183728e+01 -2.173811957961857644e+01 -4.764763952857912699e+01 1.127304028014359893e+01 -1.555654744109928167e+01 2.533743159621294261e+00 9.865938600811137604e+00 -2.964285283485546074e+01
1.850463880398669758e+01 1.838359414743168774e+00 -1.815276576596827240e+01 1.172049862893300975e+01 1.487303167339016596e+01 3.823307969432571696e+01 -1.683051705402396792e+01 -5.282266413129008242e+01 3.981629426473584310e+00 -2.184308632425996421e+01 6.921378733754977031e-01 7.995193060178204192e+00 -3.060448230456330876e+01
1.868568774131503929e+01 4.116255937022418543e+00 -2.132934133201388249e+01 1.522517411311510749e+00 6.663736842781672998e+00 2.921137626666643783e+01 -2.106046122798398557e+01 -5.221440155524427951e+01 6.927734671499557351e+00 -7.791928507415343041e+00 -3.525125197948085098e+00 7.492058312128639486e+00 -2.618982421625349133e+01
1.845312786737693855e+01 1.881259573119637762e+00 -1.693391513236878509e+01 1.557906276478420260e+01 1.643868708146306901e+01 3.811864136986154250e+01 -2.261490901232646067e+01 -6.192021463611146004e+01 3.024523111310045032e+00 -1.107609005006503899e+01 3.363374177560187750e+00 6.333620819924560941e+00 -3.027086712208832964e+01
1.807853003925449542e+01 3.329329751808717042e+00 -1.668521494141620565e+01 2.788856896478294711e+00 1.990203255166781870e+00 2.425499488483891142e+01 -1.788127571425684437e+01 -5.004986090115369279e+01 3.309928947791545006e+00 -1.037775379194120084e+01 3.642485748533617063e-01 4.281069104296005179e+00 -2.614995714838422813e+01
1.792310066941604774e+01 3.560984073215348822e+00 -1.405110135472715704e+01 7.897755154203766281e+00 5.439991528362268625e+00 3.426922182354984869e+01 -3.133929859367601267e+00 -4.916169887008553729e+01 -4.430064025506200487e+00 -2.077318836602531960e+01 -4.250331169793858943e-01 1.662936253332172765e+00 -3.069117431585882372e+01
1.767883881650415390e+01 4.059813954178583373e+00 -1.214369939248212837e+01 1.025753620337453542e+00 4.541764437822108036e+00 2.468645174561826749e+01 -1.827413169978196805e+01 -5.353177479612204337e+01 2.613901154052101772e-01 -1.192403800682689763e+01 2.652905705025673910e+00 1.148239712669356205e+00 -2.824525965934560290e+01
1.771088902003097587e+01 1.104200982257157904e+00 -1.264255371340153111e+01 8.539763802964039030e+00 9.832215846495991229e+00 3.449209270090860002e+01 -1.169597028300607988e+01 -5.436624778387680834e+01 -3.987313845348483543e+00 -2.216186908899383212e+01 -7.060021476231741921e+00 -3.583556546355095573e-01 -2.389300368417485743e+01
1.771809154134604825e+01 4.085489816779868555e+00 -1.440063577020835694e+01 2.493052598283867383e+00 8.227685236749312514e-01 2.830715368594334436e+01 -1.634322622478975973e+01 -5.741858957105664985e+01 6.082923455950370872e+00 -1.022811400133045368e+01 -3.941473504927241134e+00 3.526432946274383085e+00 -1.771559148410321782e+01
1.770021432641778247e+01 2.065306046600659862e+00 -1.396437836546735767e+01 1.007403024805338987e+01 8.825188241881443574e+00 2.809161355648278047e+01 -1.629164553425163930e+01 -5.976424581132098268e+01 -6.164588973371830427e+00 -1.273891237790622810e+01 2.950195522359186473e+00 -9.129635598513884398e-01 -3.180789209689318753e+01
1.781163727558349663e+01 8.572346322999140344e-01 -1.236546591655792859e+01 1.361167328318960656e+01 6.575527298242840324e+00 3.688848565666503276e+01 -1.393151714115174755e+01 -5.811514219426193506e+01 4.577072876281373937e+00 -8.995056369340433733e+00 7.494225269212864582e+00 5.475580150038478422e+00 -2.235476048124634474e+01
1.722508220595856443e+01 1.251065459241083033e+00 -8.361333009320642162e+00 1.411275049884427624e+01 5.511429247074138615e+00 2.703933303191187321e+01 -1.692234329167292017e+01 -6.247048654230175657e+01 4.909078461889956557e+00 -1.285075221857994876e+01 -3.625382086381216951e+00 6.088585781075893877e+00 -2.580655095814996614e+01
1.763953586182165267e+01 -2.476539695299769583e+00 -9.594362176893701744e+00 1.426066578764381099e+01 3.726761839996576509e+00 3.433961189117245993e+01 -1.578072702903929603e+01 -5.579652907266187611e+01 2.392187880877362449e+00 -1.495392594361882210e+01 1.033219202865075736e+00 1.111924647813436806e+01 -1.903266532910798858e+01
1.771118966480934986e+01 -2.384830083836987580e+00 -1.461741491372298007e+01 7.081037993438094702e+00 -8.996818067708060029e-01 3.323499887293498034e+01 -1.686835812184055428e+01 -5.902556270483503198e+01 8.783824637713559369e+00 -2.662103182790091438e+01 -2.200051259778600965e+01 -7.594839914009964055e+00 -4.074309562526488548e+01
1.783865155531607982e+01 -5.747833134603445027e-01 -1.460065689562638092e+01 1.151688086162527469e+01 1.159023054486453574e+01 2.818823009775100275e+01 -2.802919783634632722e+01 -5.924147317918400546e+01 1.189441839150528368e+00 -1.709926578236335004e+01 6.492661767305710541e+00 5.285051387625145480e+00 -3.540539915037707175e+01
1.782127443036976899e+01 3.796336369002347166e-01 -1.523143172104483156e+01 2.516490141658222601e+00 1.047450910928820988e+01 3.279498136866620683e+01 -3.304713866391310972e+01 -6.001083400800487055e+01 1.583990508124543117e+00 -2.003694834752567289e+01 -1.508695497035028144e+00 1.045158461786854787e+01 -2.000426905791617571e+01
1.788658900201256685e+01 -9.536542180205331842e-01 -2.111208790118476841e+01 -5.185981848175860165e-01 -2.771619913417633363e+00 2.284229251402596717e+01 -3.090419749901409929e+01 -5.904977277630375454e+01 8.119689334102993428e+00 -2.266683421270361265e+01 -9.249729233485417978e+00 -3.327293027475820786e+00 -3.231888172151590055e+01
1.756425320073581631e+01 -4.478978687036339501e+00 -1.942349424971137850e+01 3.717679199762381259e+00 -2.846561187739141907e+00 2.006601729133521417e+01 -3.097766162342556129e+01 -6.134048381154183716e+01 6.013341079915626164e-01 -2.917781637561488139e+01 -3.185878133233019938e+00 -9.640574267649226411e-03 -3.066727633252990870e+01
1.749928384779557433e+01 -3.174582735581103599e+00 -1.534113303152535224e+01 6.919213121755910301e+00 -2.906145884497077780e-01 2.980516508473459325e+01 -2.113418659722603721e+01 -6.283008946175624487e+01 7.553531308203768724e+00 -1.878307614160816641e+01 2.984809618615831463e-03 1.089060058837972988e+01 -2.068014110568384112e+01
1.669754369906941349e+01 -2.830879833418001645e+00 -9.341757880985415596e+00 4.891373987019662195e+00 2.842992727633091299e-01 2.603888572948367397e+01 -2.102414447537805131e+01 -5.445191126635215539e+01 -3.984909817267732746e-01 -2.252604919997565958e+01 -1.442289306759643175e+01 -4.072668936922374527e+00 -2.897592155588203866e+01
1.685990930465499105e+01 -3.299536961903117405e+00 -1.066291530190021319e+01 5.525785066862880512e+00 8.496049179725034817e-01 2.391528792364601230e+01 -2.281873871590686065e+01 -6.259010281825426603e+01 -7.419659629788170285e+00 -1.426235967553110662e+01 -3.247608159934317840e+00 -1.433578468380617466e+01 -3.223313065292777679e+01
1.624628772140200894e+01 -8.297035325375252679e-01 -7.278070199214705660e+00 2.414754241444508676e+00 1.478153799057033524e+01 2.435723341599251057e+01 -3.066026554014078798e+01 -5.897673069618381447e+01 -1.742730223910179399e+00 -8.692863219282633835e+00 -6.072153108698862489e+00 -1.371186040476714041e+01 -2.535222254838116740e+01
1.567623958511798676e+01 2.622594656192726026e-01 1.058566219867367408e+01 1.309629254340104509e+01 1.372895616224080406e+01 2.970880755853294986e+01 -1.704950910598361347e+01 -4.486932399126227011e+01 7.183327798654925544e+00 -5.011590238181537593e+00 5.822067750544348996e+00 -2.046338958356043403e+00 -2.287797181117190348e+01
1.563717232285468661e+01 5.339328598361149369e-01 1.216821580122073243e+01 1.195100638711343244e+01 1.743438015655965501e+01 2.992643485992893559e+01 -2.188508479169724552e+01 -4.551203146732527927e+01 4.843711761476130029e+00 4.047490389656253740e+00 2.282381197100776049e+01 1.839766768861864077e-01 -2.562190942334187227e+01
1.593746453306327382e+01 1.541000541086900766e+00 8.932976852526940403e-01 4.406056772145547029e+00 1.831083963451051133e+01 3.119106050877575242e+01 -2.508797137558467938e+01 -4.531206719627513735e+01 8.420942341056973035e+00 -1.222754472386665903e+01 7.611128739983556990e+00 4.146543781763084802e+00 -1.804509565006257432e+01
1.523213607200406017e+01 -1.458227087443387526e-01 4.216260394503377640e+00 1.092838162449086825e+00 1.496301316538786352e+01 2.874288198741012579e+01 -1.402548060023426046e+01 -4.352369246494440347e+01 -1.365172363896899199e+01 -1.725097669852326021e+01 -6.576733861934861203e+00 -2.031484131874795196e+01 -2.220848183327514747e+01
1.444916283813056701e+01 -7.843569607663495091e+00 1.175702885858299851e+01 7.660732743002919065e+00 1.213252080852227621e+01 2.495677458235687851e+01 -1.717024214251531689e+01 -4.975939606359897027e+01 -1.162683866592432658e+01 -2.128200281811637140e+01 -1.436362081530254997e+01 -2.394143133817538782e+01 -2.225685374951682149e+01
1.429692922904058072e+01 -1.164658504958274499e+01 6.255572376821710634e+00 5.136859808267622896e+00 1.685180855875018580e+01 3.290358387612543822e+01 -8.448097120220108280e+00 -3.883684087147356934e+01 2.573137513976028412e+00 -1.555621860759054176e+00 5.706068027256681496e+00 -1.629254563567794634e+01 -1.841238507309391537e+01
1.375657705272917930e+01 -1.286104893180732667e+01 7.103731069346180149e+00 5.325534203810016187e+00 2.050730739190825247e+01 2.285928348996364079e+01 -1.133843820781061851e+01 -3.430943734914961141e+01 -1.283600036343931627e+01 -7.379134286717176749e+00 -2.362781082583962355e+00 -2.732400340897056168e+01 -2.175977378153138275e+01
1.343592333476631673e+01 -1.369792205014667985e+01 1.158468422178473389e+01 3.323899725253014914e+00 1.087184019436938875e+01 1.477302995197329061e+01 -9.745848110012053311e+00 -2.812634161436383451e+01 -4.498249249625857260e+00 -9.039600146284078264e+00 -7.556303369240305656e+00 -2.488972864310623478e+01 -2.603407359451854575e+01
1.331011380572682512e+01 -1.470790369560793032e+01 1.173366468747047264e+01 2.718719086380291472e+00 1.331040708621052282e+01 1.335578825792710234e+01 -4.688816367390902684e+00 -1.098471294096186668e+01 2.587304189613629291e+00 -1.107180087741889141e+00 6.995401482306895957e+00 -9.909765846370927278e+00 -7.839170768088712826e+00
1.332865214775603668e+01 -1.630008172880850381e+01 1.456160812070505983e+01 4.618776258236914067e+00 1.255214280515586545e+01 1.373270333653813857e+01 6.297873980101438285e+00 -6.711017070364406756e+00 5.854615077968656323e+00 9.049733971965153501e+00 5.806112912874413112e+00 -1.062202537772047428e+01 -2.871092502181483930e+00
1.320230816992856404e+01 -2.020088009449133537e+01 1.074455969997199922e+01 5.466268340483724231e+00 1.145713458816129027e+01 1.041953382495815283e+01 3.280926971800012470e+00 -6.187523192286081830e+00 6.298619861633615535e+00 9.011139599841724301e-01 1.937910913767662002e+00 -8.959082031803898616e+00 1.049473935101546074e+00
1.310351565817838981e+01 -2.015025494604240563e+01 9.677585074254634989e+00 3.942262814332219367e+00 1.271442127702282221e+01 1.428990461514792187e+01 4.874763684033204036e+00 -4.324910543164464549e+00 4.563935340448360023e+00 1.064174991724658703e+01 4.353270328373303855e+00 -3.159590666642691836e+00 2.560447786359277833e-01
1.323735445594710747e+01 -2.310857865097942820e+01 8.144913248921273663e+00 3.481887494447343467e+00 1.311620614050557876e+01 1.175503021116759506e+01 1.611275936277686327e+01 4.511855040007060502e+00 1.095407095327853630e+00 2.283400632439664957e+00 9.499448493064392096e+00 5.084283437385520799e+00 8.882402720670820040e-01
1.316859462150875082e+01 -2.347277554509600606e+01 8.513942718047855962e+00 3.934974294138728013e+00 1.067133599993375270e+01 7.250262098066118099e+00 6.412885455913444055e+00 -4.222382681090071976e+00 6.235844265307837198e+00 -2.073710938448083851e+00 4.883040322324348814e+00 -1.190951784445896777e+01 -1.287086637856978477e+01
1.315785517224747281e+01 -2.335493363576083681e+01 8.601590127148947218e+00 4.619250597275197379e+00 9.548521296327223240e+00 5.727571953319907649e+00 1.224867994585427589e+01 7.603514179342212742e+00 9.715740008510135084e+00 -7.168146489854533954e+00 -1.272366492718538300e+00 2.434919643395715150e-01 3.537228669406491943e-01
1.311866320469850322e+01 -2.514591109460747376e+01 6.692184753556650989e+00 8.697182611758383919e-01 1.949664659547386325e+00 -2.674519567919662943e+00 3.185284569641454233e+00 2.203989231752651268e+00 1.033428776997318721e+01 -3.997161158465591058e+00 4.147430750617193240e+00 8.802352858118105416e+00 9.382129798749252458e+00
1.304702305166078702e+01 -2.673743479837981596e+01 8.431069281161098772e+00 5.356959240617745976e+00 1.172356709690004983e+01 1.266318756693035574e+01 1.662502373799219768e+01 9.241207871333639190e+00 1.008999961573175064e+01 4.903304657301994496e+00 9.861027168057733050e+00 5.790548073700285236e+00 9.917860830216495671e+00
1.314290831837993245e+01 -2.322217381655203639e+01 1.128562067533172986e+01 4.211154017365585034e+00 1.553966616639812237e+01 1.427092166310205812e+01 1.233866963047000986e+01 1.015945413446931056e+01 1.764378771408380331e+01 1.231085539957171271e+01 1.196116771566895132e+01 5.549862084353576641e+00 6.506576242852323944e+00
1.332803684762606089e+01 -2.392583578560807922e+01 1.166863439600445140e+01 6.596466299941150524e-01 4.581264903620076545e+00 7.486512532793901720e+00 1.246943567198562697e+01 1.138436458058770473e+00 6.390165680129662462e-01 3.523329004649134344e+00 4.090150590593164104e+00 -1.574509858196409873e+00 4.039797523899376408e+00
1.322899328565693011e+01 -1.995831305305152625e+01 1.338639325795060309e+01 1.192046315612538487e+00 7.476309902250156902e+00 1.183370503193224366e+01 1.933091468809253399e+01 1.791947607649741059e+01 1.819451164298713763e+01 8.691950283035344782e+00 6.450672747311561039e+00 2.200188349835793922e+00 1.056055374519903012e+01
1.292856868770543066e+01 -2.352567074821790172e+01 8.108851994120705342e+00 8.704921008586178344e-01 9.626217987150633704e+00 1.078924174709937844e+01 1.623267789801069227e+01 1.231367575898545752e+01 1.474665435854612916e+01 8.383894369313443562e+00 6.789079693762528400e+00 9.668598084652101576e+00 1.198339334685869062e+01
1.316833139444773870e+01 -2.661115630085580719e+01 9.284952594261220327e+00 5.286031208235491441e+00 5.178121854679250013e+00 6.918351182581937486e+00 2.058714134987275912e+01 1.251489367573813993e+01 1.179770903326683396e+01 8.625065887184481639e+00 1.286513462375048356e+01 1.023602291873356762e+01 1.634835309471150566e+01
1.327054965012613685e+01 -2.521479397681310175e+01 8.787503747816584720e+00 5.374843864990877407e+00 9.374294991620542916e+00 1.838191038288784895e+01 1.876771298552413114e+01 7.818361222753648754e+00 5.749999327131941840e+00 -2.731035013830175551e+00 4.534212680306526799e+00 5.335110786151251006e+00 8.329527974714043381e+00
1.312376429075745321e+01 -2.701544075300484948e+01 4.660764046554622730e+00 1.416036910996184783e+00 1.409231325407193047e+01 1.748095694890432839e+01 1.604135402379186459e+01 1.023972451300101660e+01 8.542394772018733207e+00 6.573527576883001489e-01 5.667361173887489834e+00 2.157379149153599407e+00 5.139264341444231832e+00
1.367500807833304854e+01 -2.551239247238367724e+01 8.331585506631979499e+00 4.662266721025002170e+00 1.380764461441652102e+01 2.290833469682046797e+01 5.023683298689787691e+00 1.276833482262242292e+01 1.028700488774125432e+01 -4.085879207393912971e+00 1.430266119635211375e+01 -4.394058912175902165e+00 6.009835316769921221e+00
1.307371541950757887e+01 -2.541426244802383749e+01 6.450185605921124221e+00 2.635705404690109166e+00 9.264246465002905495e+00 1.532610350016721767e+01 1.655681850229911589e+01 1.881176795614961250e+01 2.010228159136935844e+01 1.264914106713048447e+01 1.695274092167557001e+01 1.323443501656656451e+01 8.587912021460880396e+00
1.306492198823688788e+01 -2.387489719932990440e+01 7.228343242151831660e+00 2.575209857123288870e+00 4.260460031805456182e+00 7.123213857296573970e+00 1.689896305248788266e+01 1.852419027807931329e+01 2.000300840387504664e+01 1.909444203409053387e+01 1.195714685257386378e+01 6.991767798931540767e+00 9.291154277544956486e+00
1.313698296210966987e+01 -2.312200910533384146e+01 9.475309979411036920e+00 2.170193590537379702e+00 2.449773829972020422e+00 5.525495667122108934e+00 1.902550886677474296e+01 1.277684061751605782e+01 1.064019670649294547e+01 5.502299764050908593e+00 1.059322685985751811e+01 6.281378454274781475e+00 9.447500387319321291e+00
1.323821469424306407e+01 -2.317090633487494955e+01 1.018046856429881153e+01 1.457479137048750317e+00 7.633786695185426296e+00 1.551423673570556439e+01 1.972531292154070570e+01 1.184064039967128501e+01 6.372159138646959597e+00 -7.713456521164010482e-01 3.771647992368071467e+00 2.364877969007261438e+00 6.634027370764822074e+00
1.305505970152438167e+01 -2.133425918391934317e+01 1.095728307558544756e+01 1.870269688295704169e+00 3.708332488590374787e+00 7.973732109368277143e+00 1.395427745034306888e+01 6.319557006423047518e+00 1.226476453488823637e+01 3.807269439088439622e+00 -4.926935353054879840e+00 -1.821864901029068173e+00 1.067935271086769511e+01
1.304399724880044786e+01 -2.135347446447230624e+01 1.103920440955308990e+01 -7.625125621625716832e-01 1.366739130095878885e+00 4.644282039180211541e+00 1.289171148797948518e+01 1.511415485879004450e+01 1.680475648517493781e+01 6.766074336448240523e+00 -6.223378383192467389e+00 -5.009662199982074071e+00 3.436380051089953813e+00
1.319413738322755059e+01 -2.210337977851433067e+01 9.697469326459099648e+00 -3.274507974938134502e-01 4.014095489870133981e+00 8.629253683387224427e+00 1.460296103483362806e+01 1.648041650837820526e+01 1.958644701644294983e+01 9.121037111805591735e+00 7.918520266149543296e+00 4.590236018851842736e+00 8.203618879743567405e+00
1.327115113196378893e+01 -2.120321230877281948e+01 1.379115244206205482e+01 5.173698412729436313e+00 9.480970497181587575e+00 7.844564722190181527e+00 8.783516412736883439e+00 2.311911649994724982e+00 1.101028426755950562e+01 3.126792643640868619e+00 -2.819307144846642910e+00 -5.103047993083158929e+00 -1.128799382391887596e+00
1.309924387987567229e+01 -2.236554262186966469e+01 8.725980225657416156e+00 1.425881649047906707e+00 7.698684296197458643e+00 6.277071168184438221e+00 1.531357890450447812e+01 1.075684497544541429e+01 1.279902264185420258e+01 -2.250404134503575904e+00 -8.205721667254934459e+00 -7.468242716608571641e+00 -4.748797426074008676e+00
1.301740665861972701e+01 -2.550896374479155426e+01 6.627668646069191816e+00 9.454311888015771714e-01 1.019369081423042367e+01 1.613673878917069970e+01 1.660326690140892580e+01 1.117963468567300822e+01 1.638532961924785525e+01 9.862443226216324632e+00 4.859176842153218323e-01 -4.023018906429793873e+00 9.627281754738041819e-01
1.326752578352728307e+01 -2.135512705074896189e+01 1.133896890460093765e+01 2.113989439848118934e+00 4.240278072597146952e+00 1.705120779619646143e+00 7.366708747348249986e+00 4.491865434113292643e+00 7.639860024889332024e+00 -2.780269773109813158e+00 -5.266371641946071769e+00 -1.230758125106652612e+00 3.409081059733653607e+00
1.299310349175168788e+01 -2.218201582215256096e+01 1.052363769124809956e+01 5.623636429793468672e+00 1.074660520107690687e+01 9.315689161727231493e+00 1.273202354009346493e+01 7.564355029875992287e+00 9.645062742435504433e+00 -6.116316934243741787e-01 -3.572414927413269048e+00 -1.972453422927563427e+00 5.357388246617286187e-01
1.317510035117612333e+01 -2.074091399339452124e+01 1.282699354948848125e+01 1.560516544131825389e+00 3.297379168345057732e+00 5.053771888676749313e+00 1.177278834124177820e+01 6.822662998555691694e+00 1.838484299110727249e-01 -5.871019095895412043e+00 -4.298493098291113590e+00 -4.755798175870316946e+00 4.635018383168048928e+00
1.296383207712523600e+01 -2.143722427591683655e+01 9.148690549400505745e+00 3.562639760605099237e+00 6.862834845312831611e+00 5.598598173228731767e+00 8.509994289030426984e+00 -3.424513190398978058e+00 6.383093688610220973e+00 5.604974783281662098e-01 -7.406728271523181029e+00 -9.377175140894124183e+00 -5.895149750350349827e+00
1.319758967118452908e+01 -1.995621763635849177e+01 9.676963289305879456e+00 2.421986897387752968e+00 1.369171178483770390e+01 1.505610840339994638e+01 1.988157696536315910e+01 9.366362703782421306e+00 1.039550225011990570e+01 -9.384311089884828760e+00 -1.261908705232836070e+01 -3.906886712845676790e+00 5.881826825712304085e+00
1.309298472933279811e+01 -2.179306013639926221e+01 1.295466136688004610e+01 1.010329943131194064e+01 1.272541839534955699e+01 7.482678107194455031e+00 6.341749698032997706e+00 -9.613262732632177343e-01 2.074376486061572766e+00 -4.715953242007554280e+00 7.697794735936724919e-01 2.668184540213611289e+00 3.864965870431740669e+00
1.314687841230874632e+01 -2.341503591943980922e+01 9.449317249109997263e+00 7.380436471370349416e+00 1.194680487155584814e+01 9.586192657632297554e+00 1.458912802249201590e+01 6.817378459887470932e+00 6.338612548225570187e+00 -4.012497403281692243e+00 3.105945010776923088e+00 4.720235241834936701e+00 4.235303320947394035e+00
1.310146803919639602e+01 -2.504118752367844536e+01 1.126295676377924337e+01 8.093657901936216703e+00 9.972361677289217852e+00 1.018997765731565330e+01 1.845237157473355083e+01 1.431522632583445009e+01 1.347159299294946422e+01 9.075308579082415505e+00 -1.176641783663083585e+00 -6.758900135905436812e+00 -4.540139979566794715e+00
1.324616010321239301e+01 -2.666017223021290050e+01 7.304486798277430637e+00 -1.667131223377803062e+00 5.380866061121470700e+00 2.463770680731163676e+00 -1.620203275544872312e+00 -6.402143632596136058e+00 -3.653247880891545840e+00 -8.415785147787151033e+00 -4.621809438362209477e+00 -1.384189715074543869e+01 -1.163581085384647729e+01
1.302639419896231132e+01 -2.460151424714183932e+01 9.234264187520402345e+00 7.404137212253250944e+00 7.160491102104587391e+00 8.374736065065256696e+00 1.377693140132290317e+01 8.659068119446732936e+00 2.352973322457569072e+00 -2.168550519945009025e+00 1.574028307034902319e-01 -1.469490811435767874e+00 1.928233217283244150e+00
1.312439359925619797e+01 -2.667292672334439274e+01 6.629294733384842431e+00 6.107801167783216023e+00 1.456525607539834155e+01 1.575812766316039770e+01 2.600562020985083578e+01 1.145219044086082505e+01 1.438532290832986504e+01 5.677873347894244915e+00 1.678529637568094923e+00 -7.225332433765189855e+00 -8.015505215394167493e+00
1.303138211274121794e+01 -2.777730603150212474e+01 4.783919677572354701e+00 -1.375244772823065453e+00 2.877210290503187107e+00 -1.869098834067426163e+00 4.717850413275503030e+00 1.126660413368421265e+00 -1.084155341962420804e+00 -4.509013588203506728e+00 -4.458951558282004513e+00 -5.038834270023561324e+00 -6.239247813983356927e+00
1.315467756579954361e+01 -2.779402330507444319e+01 5.944016276462025239e+00 -6.853165801166249960e-01 8.977018410823202288e+00 8.580511170937388243e+00 1.231575345553743439e+01 8.700980748958649258e+00 8.984282091242475232e+00 8.421295501960276653e+00 7.483169413365438061e+00 1.880468208867865920e-01 -3.573380340885698447e-01
1.323591727834517862e+01 -2.417498865430097510e+01 9.801960357209928532e+00 1.866129828453114925e+00 7.268666880642539851e+00 1.267708446557577773e+01 1.938482505155596769e+01 1.743360414930060287e+01 1.827195616196406647e+01 3.558249043501600095e+00 -4.287929977808277116e+00 -7.111762847876551774e+00 -4.609067337852719604e+00
1.317718403791405635e+01 -2.453722868677372304e+01 9.970485569597455466e+00 5.677575189876626460e+00 5.038432525020880348e+00 4.909408965730076346e+00 1.177490048092445107e+01 5.741242567295117283e+00 1.138872376315953794e+01 7.174760374943756958e+00 8.466450636567115495e+00 -1.107108814543138031e+00 6.825505675828579477e+00
1.320788745686844123e+01 -2.592586072803409181e+01 7.596386472868241313e+00 1.179446740900877533e+00 1.148331801275318576e+01 1.395950330010733431e+01 1.704900561586625685e+01 1.048303186338168835e+01 5.775845228935049924e+00 -4.471617739113932899e+00 -4.458605826966463681e+00 -3.880860172646164674e+00 1.863924748744892446e+00
1.312589083621104358e+01 -2.642868699018759315e+01 7.743265695898128520e+00 7.362818989734926101e-01 6.449006980841342163e+00 5.825770529584929136e+00 1.061571579208022875e+01 1.114926255522336795e+01 1.607358251554593309e+01 5.813738013460538312e+00 7.482305526740563373e+00 9.171759717945464629e+00 7.648916762209657882e+00
1.318096720001343769e+01 -2.521715941887321222e+01 1.008284249404950650e+01 6.345441436188520079e+00 8.211688693858027577e+00 8.239075536259072408e+00 1.263913772293571647e+01 6.368065392177459927e+00 8.006038745792114497e+00 1.457991720664003898e-01 8.788311539976046305e+00 1.412492988289691098e+01 2.423755729060471875e+00
1.315398975469540765e+01 -2.747003607731620178e+01 7.064128246484221663e+00 1.358716552119798138e+00 4.129804836381775424e+00 9.206980248770218367e+00 1.413643086498465884e+01 3.032508113522919491e+00 2.530059851293104956e+00 3.465552338013497269e-01 -2.695557448154110691e+00 -1.054856900715898860e+01 -1.331514530016039011e+01
1.312452232802712437e+01 -2.496437544710869005e+01 7.983349552097292801e+00 1.269735561003408453e+00 2.703068991267343346e+00 7.521229469651089516e+00 1.226000041272775398e+01 7.834570939646057219e+00 9.532708119806196478e+00 -1.069765108961693967e+00 7.652285858447709366e+00 -3.478042695006151597e-01 -7.186158872204294390e+00
1.319393767298507214e+01 -2.455468653111136135e+01 8.946697914354007963e+00 1.387676252108843933e+00 9.391978165782161270e+00 1.365243534404321579e+01 2.160296047858624036e+01 1.775931607406472068e+01 1.223295289006364150e+01 2.038387577646169624e-02 6.695906316018676918e+00 2.961257197540893560e-01 -5.896394907660132745e+00
1.326421270628914861e+01 -2.439895971306274447e+01 9.737016603575874285e+00 7.639523089807356726e+00 1.048182868448646232e+01 1.059592058663820069e+01 1.473910543934650086e+01 6.187526524761359781e+00 5.602355028400334724e+00 -6.194591231374170226e-01 1.739732807839245332e+00 -5.289629462863197240e+00 -4.238041282542560850e+00
1.313662111834963930e+01 -2.223407243134750644e+01 1.038822598565946365e+01 2.308522508355691283e+00 1.317197954585561348e+01 1.100059508495687588e+01 7.361182665514814261e+00 4.332440967545688082e+00 7.148303905985311069e+00 7.746285290034853332e+00 4.084148197291899152e+00 -3.275134295864484013e+00 -1.820046940041542660e+00
1.321818550853302909e+01 -2.477684410299843520e+01 8.797190352984848971e+00 3.502890149569211964e+00 9.991284753132889662e+00 7.526955862297791455e+00 2.441823008797110006e+00 8.989540196797966232e+00 1.163786577178394488e+01 2.176307452927290220e-01 -3.065140623881606796e+00 -4.017662953292227890e+00 -5.478285404643100875e+00
1.311050350424020472e+01 -2.456922303889183112e+01 1.148900171813682469e+01 9.616405995462345757e+00 1.074012068455791002e+01 8.373996176910120326e+00 8.176653958132151345e+00 -2.474036647171696135e+00 -3.102575055192614339e+00 -1.502300286905799309e+00 3.353723974754769799e+00 -6.145384569272350106e+00 -5.563190001932970752e+00
1.316267189438530316e+01 -2.437011926974969356e+01 8.378169105971339903e+00 1.860354038042209890e+00 1.040572051025951872e+01 1.016439079194146622e+01 1.758489080273767868e+01 1.767595856937889565e+01 1.231938753038753731e+01 1.354632607672175659e+01 1.246527824349483105e+01 -4.064958523586255090e+00 7.111397183704619707e+00
1.312661639490583276e+01 -2.445932116129962353e+01 8.347297837411845833e+00 4.600142605788100081e-01 2.504982063063225350e+00 2.120601773890644637e+00 1.037119612992881201e+01 8.123893698886142545e+00 7.947884654283083883e+00 3.299416891979722877e+00 -2.346278371082108460e+00 -1.194467006385655594e+01 -5.895329177974168111e+00
1.313078520249212389e+01 -3.127466941945625578e+01 -3.873886834034255600e+00 -1.517960979615376438e+01 -9.845243617599773955e+00 -9.110672662510165054e+00 -2.229366457708553018e+00 -1.166751026858570839e+01 -1.679148462191968605e+01 -1.792839930167038887e+01 -1.387128299683202570e+01 -2.207342148597894749e+01 -2.895557980494847428e+01
1.306083064782330183e+01 -2.757275011459027425e+01 8.382768408086999301e+00 2.399604978108793141e+00 9.900016236711405071e+00 1.120239044746653079e+01 1.790390439503570619e+01 6.833179252093585454e+00 -1.090172757525874392e+00 1.731625162085692393e+00 7.207792484018210821e+00 -1.713471024820836464e+00 -2.904492555924809594e+00
1.313438782061987986e+01 -2.713260672148010499e+01 7.642408631586719459e+00 6.684790698052258229e+00 1.666139604227219806e+01 1.222171306860699858e+01 9.532907295961891236e+00 4.089558904566841235e+00 1.078125384826745581e+01 8.309935717840625458e+00 1.462288383796269109e+01 1.279983575699287179e+01 7.016541214880845700e+00
1.323098173328890859e+01 -2.621491086249524827e+01 8.142225409266377056e+00 4.413633935460308244e+00 1.582582897809608902e+01 1.610511264483517380e+01 1.608055227468303983e+01 1.179513592328137861e+01 2.092929793280234207e+01 1.323538374717773713e+01 1.105298195341795697e+01 1.452063773336689323e+01 5.553686152196660508e+00
1.315894211794373270e+01 -2.357482190575719017e+01 9.945841026059998313e+00 6.641730796772828072e+00 8.737307163640512186e+00 5.676424562083656866e+00 1.565738595726031868e+01 2.277513966828083714e+00 1.111939564132309100e+00 -6.104682936680916328e+00 -9.251594116936354695e+00 -2.597225977892730686e+00 8.941780920915430642e+00
1.304307879391287806e+01 -2.478558530616634314e+01 1.139257231947543403e+01 1.996128111613683087e+00 1.119496631405459830e+01 1.471040929100946926e+01 1.455195755916351530e+01 1.189702707275004823e+00 3.606832521386914792e+00 -1.290629425598802005e+00 -1.853956132490125697e+00 1.001084617113348507e+00 9.932389453801096835e+00
1.314438056610403649e+01 -2.750408749693864863e+01 5.494032168024409302e+00 -1.798215878157737979e+00 9.133079075453650830e+00 8.197499156657585218e+00 1.095949435371823100e+01 1.520276100113273898e+01 1.543680061405112980e+01 1.122182931544694817e+01 1.341708991246238902e+01 1.150577227848486928e+01 1.231168178312981354e+01
1.309220188483822866e+01 -2.173068094870041023e+01 1.434721576531001652e+01 6.172179775047851535e+00 1.032626757543991225e+01 9.865995302763785446e+00 9.320835392170444322e+00 2.010930628035698220e+00 8.747623226153068643e+00 1.124648705841880769e+01 -3.097218208686175256e+00 -6.344608184244613369e+00 -2.112613200296854732e+00
1.297180062101327458e+01 -2.370103078636729421e+01 7.831966250991360567e+00 1.162909406676722712e+00 2.635132400881521786e+00 7.814972494172303996e+00 1.459295347051191882e+01 9.872995809887274987e+00 6.740185649168569881e+00 5.969390383462694905e-01 3.132266627517116042e+00 -2.510617715586814125e+00 1.211963386432702627e+00
1.624687123639357367e+01 -3.353398475352022956e+01 8.173326214874856888e+00 9.154945296897983198e+00 -1.132018786210483619e+01 1.681951049554526278e+01 2.001461215643493219e+00 -1.409663154768006166e+01 -5.348756349306256652e+00 1.370975809672604839e+01 3.590526073052078271e+00 -3.157021469110990353e+00 5.440483894909432294e+00
1.682641545511889092e+01 -3.397057207540238721e+01 8.247574131200018144e+00 1.369926009450676396e+01 -1.088420844663312437e+01 3.119241362786696570e+01 1.197892268219506029e+01 -1.453403360190360871e+01 6.445791943263636803e+00 1.148437324669896498e+01 4.672590828545858943e-01 8.904032179165815464e+00 1.446160018003867620e+00
1.447893428510635161e+01 -2.666772564011152369e+01 1.222493302019668882e+01 1.197894930689190218e+01 1.756388015432190031e+00 2.588680627895090325e+01 6.038739793007141365e+00 1.112403812036994566e+00 1.743782643389259235e+01 -6.326875404228260003e+00 3.908362079513859833e+00 1.378472538115636636e+00 -7.848198452582599849e+00
1.388584593996801786e+01 -2.738466955366651234e+01 1.079197366793579249e+01 9.139672758611704140e+00 3.123490273326279709e+00 1.932397268959978121e+01 1.843955703622764286e+00 3.103681996471248095e+00 1.264152331733834700e+01 3.703123476928087854e+00 -4.842425196106609597e+00 -2.517152368450376265e+00 -3.167443487073580144e+00
1.369590842461100699e+01 -2.879540598965720477e+01 1.024230418069879356e+01 7.013813157668782772e+00 1.004299707082642934e+00 1.818511195040676043e+01 9.926435211158722183e+00 9.511890023631527358e-01 1.166469497914436104e+01 3.605500600892011409e+00 5.708996928411083971e+00 4.153710274861609264e+00 5.093604863465717614e+00
1.336515951388058987e+01 -2.694059930841455852e+01 6.259385670304298266e+00 2.399144925514016702e+00 -2.033074901010401891e+00 1.004458723319099533e+01 9.329247157032662940e+00 4.373315577794080866e+00 6.711244510179220413e+00 -5.358019374651057376e+00 -2.922634958022830021e-01 -1.870258818388318200e+00 -2.472862476732488268e+00
1.314901146479822103e+01 -2.275690514358862870e+01 1.067248558816152837e+01 7.052823656775203176e+00 1.087570914238066955e+01 1.256529528058410605e+01 1.415713055839552581e+01 -2.354390054164322787e+00 1.230400425136198450e+01 6.098739313142418794e+00 7.197783757440011421e+00 8.657464230057533072e+00 6.544528427773692592e+00
1.312436441677529331e+01 -2.749264745530458143e+01 1.996112913312684700e+00 8.132887637925058089e-01 6.923996211738783657e+00 5.697776605459416999e+00 6.886621950696302896e+00 -4.104089284794825154e+00 7.998043288921572014e+00 2.398698647009780416e+00 -3.898174480403345576e+00 -2.467064091812486981e-01 -5.096795623268251418e+00
1.312780421624028904e+01 -2.418291942437967634e+01 7.851674282071052779e+00 1.174032549151950100e+00 9.992466487625172533e+00 1.020237320429231431e+01 1.747578119603167224e+01 7.466086334004233827e+00 8.278492437203304632e+00 5.317076300346755602e+00 -3.175322718609692174e+00 -2.528135917301230329e+00 2.735571819111045411e+00
1.321499987660947006e+01 -2.142646530494523915e+01 1.235159956349530042e+01 3.616338112042856157e+00 1.098009120308006636e+01 1.529335396650188272e+01 1.678137309567943092e+01 3.378979543898321225e+00 1.250022065194328569e+01 1.212639418923795558e-02 -1.846447400275759820e+00 -6.282421277431241791e+00 2.659630166807763541e+00
1.306733748539200413e+01 -2.596778591718333118e+01 9.070637758342675383e+00 5.073149021361288646e+00 8.782922104482645764e+00 1.500074323879727878e+01 2.084973245333205227e+01 1.017905384731959195e+01 3.991072828297026476e+00 -1.998765534139778532e+00 6.553258796797832630e+00 7.210055641343311450e+00 4.839279397149786277e+00
1.309367090734861350e+01 -2.108352286078206106e+01 1.327635190937479415e+01 8.822830809160150167e+00 1.067233119182429846e+01 5.087730457072311196e+00 5.690285005947053776e+00 -1.228002755183644323e+00 1.550664584258941936e+00 -4.019199279595565777e+00 -4.083529718229085503e+00 -5.394218782190940864e+00 3.274325963625605684e+00
1.300316510030168082e+01 -2.214302839895102437e+01 1.095329919330810853e+01 7.169861811075118219e+00 1.826798142968355876e+01 1.397350560887033311e+01 1.252356043851171208e+01 7.742284234719052805e+00 4.899168834780532222e+00 8.871528345759404077e-01 -6.605338720081904036e+00 -1.529597615391280252e+00 7.661124784647459052e+00
1.303957507718931730e+01 -2.120381862321492150e+01 1.461176640557407858e+01 8.068071685267588222e+00 1.260732110811454021e+01 5.665756152262400924e+00 6.444882558849267085e+00 7.107765101408574537e+00 1.281585895318196577e+01 2.995718335311656766e+00 -7.409466675118655310e+00 -1.178437516431278986e+01 -9.778107185165357151e+00
