0 1.315332511507954472e+01 -2.596640933359470083e+01 8.939524125417783296e+00 3.376343155572047561e+00 3.022261925680932659e+00 6.436372173671309760e+00 2.802883983289746084e+00 -3.686004488081812802e+00 1.331631919536875763e+01 6.197529831154042768e+00 8.491157642281709883e+00 5.945387681022809900e+00 3.314035467743711827e+00
0 1.316596898395020077e+01 -3.012342957861942949e+01 4.692816680656455297e+00 3.247223818795926142e+00 -5.882559816910001294e-01 4.825281543515577809e+00 1.159388166783081964e+01 1.615139649484978435e+01 1.369314929381522816e+01 -5.501885605308438620e+00 -3.253199995443831316e+00 2.308876714232119376e+00 5.999313484752363479e+00
0 1.325774428206014477e+01 -2.574870129230660609e+01 6.309260848600074745e+00 -3.707721406766706362e-01 2.938565376867647849e+00 -7.650868591226186455e-01 2.968917327462066602e+00 6.253503987002947184e+00 8.924131265815208991e+00 -5.631243888975985268e-01 -1.699392261596216480e+00 -1.226997937395462479e+00 3.479345689011943854e+00
0 1.313288939165096636e+01 -2.961853958145555410e+01 1.244520497691857353e+00 -7.890811248163858149e-01 9.328061227276943868e+00 5.639356908402108459e+00 7.035413994057212683e+00 8.501367458736240224e+00 1.911266077397898400e+01 1.697460496835464383e+01 4.731373850216615828e+00 2.288556193510183245e+00 8.964007918293376065e+00
0 1.306201016454323849e+01 -2.876667668770161868e+01 3.445261726256843016e+00 1.598994098780696538e+00 2.466452674406097501e+00 4.939287220692080815e+00 1.083693171502743446e+01 8.438499708387933396e+00 1.368045202327358467e+01 3.668379795712954472e+00 3.725418436339086092e+00 -5.774511541329588882e-01 -1.074218952655829007e+00
0 1.314788947807632979e+01 -2.611660630760896851e+01 5.290795187869819394e+00 -3.775153111307500087e+00 1.566436500668726639e+00 -2.263792001001040943e-01 8.357055037750717119e+00 -1.271170196966641130e+00 3.244747342762554609e+00 -1.077819083164702096e+00 -7.169866912288369587e-01 -3.420109547672392392e+00 -5.185004846718406668e+00
0 1.319561866331654620e+01 -2.641231458861673786e+01 8.748988037029334919e+00 4.751536040000793548e+00 1.099307106065131201e+01 9.558922460709084135e+00 7.045375320215864434e+00 5.409154730753671814e+00 1.949195670890468080e+01 1.092455771904550055e+01 2.581034360087813839e-01 -3.345450526342179209e+00 6.716712245341171617e+00
0 1.315955053494832860e+01 -2.641138411826967314e+01 2.507807916624232636e+00 -3.921627814751133534e-01 1.111075080416683747e+01 1.979988001635738826e+01 1.644732286813566446e+01 3.967454863505873952e+00 9.931134456474092431e+00 -1.181689991352379732e+00 -2.383494423585951871e+00 -3.122256795496775261e+00 1.400448787513629112e+00
0 1.317870645156032161e+01 -3.047247338310667075e+01 -7.366550903442887765e+00 -1.220708157814516781e+01 2.051913654766112760e+00 7.602546358740520205e+00 1.888854565703860899e+00 1.390844523894210871e+00 8.855769869639525282e+00 2.530980851161698908e+00 2.811907590729444628e+00 -5.079315291369657537e+00 -4.382256337081814834e+00
0 1.306427583214868449e+01 -2.869809208182858029e+01 5.344313489489358610e-03 -8.750918653799400815e+00 -9.838514369474412602e-01 -1.232427994911253766e+00 8.073173536686082841e+00 1.061398075377764982e+01 1.675471910399821951e+01 8.969868658231415992e+00 8.234033009347603738e+00 3.375408543164196473e+00 -1.403639238461685812e+00
0 1.318374866152764646e+01 -2.778398405438936081e+01 6.958499349521594546e+00 -5.898680026788299946e-01 2.721902938986190623e+00 8.082671011430669239e+00 1.250026963208050468e+01 6.874815828113014504e+00 1.223150732809609131e+01 3.330855873886468199e+00 6.647842646157904767e+00 1.317370050309099261e+00 -2.681488143996353934e-01
0 1.311886890104524106e+01 -2.940009102847114875e+01 3.699092256937924539e+00 -8.667078670820582698e-01 -5.806889975994911079e-01 -3.346991045438299839e+00 -6.389568550885457165e-01 1.583234066598077971e+00 1.227802935110835936e+00 -1.003661113945929984e+01 -3.575279349050425104e+00 7.440392336683482322e-01 3.483444972456492206e+00
0 1.319577245374870067e+01 -3.073109620340466464e+01 -8.709731069828434702e-01 -7.448312723017668446e+00 -6.603109665334901734e+00 -1.003451027309251486e+01 4.363543310330899039e-01 -3.176470892497306742e-01 1.245549320948983052e+01 6.795348792535865101e+00 1.022654308813231516e+01 -2.504976075899591592e+00 -4.711164571473362983e+00
0 1.312113571527061318e+01 -2.917931195423447477e+01 1.718102590164217069e+00 -6.254572037723335143e+00 -4.391657805484789456e+00 -4.655009825149063474e+00 4.639840606106465870e+00 9.340154095683584901e-01 5.266969560280855944e+00 -6.103696307112618236e+00 -2.073680814901901481e+00 -3.358373806588246246e+00 -8.959485692571359294e+00
0 1.320178726867103336e+01 -2.694857836405756757e+01 5.767022721048814304e+00 -2.162235711442563435e+00 6.150609588971803765e-01 5.953179805034947591e+00 6.397929724027177301e+00 1.134456881195770928e+00 7.966256151062552249e+00 4.093429968521258289e+00 6.816965594318351584e+00 5.059781483877533681e+00 1.215700796965021446e+01
0 1.317339718216515010e+01 -3.043401081328877567e+01 1.615790067865079394e+00 -4.150581532508865301e+00 -1.785369129318321813e+00 1.557923938726256230e+00 2.381556797433726835e+00 -5.682199438682750348e+00 -2.125768399345960180e+00 -7.960527796898839270e+00 1.844097306735489994e+00 2.727181049723593764e-01 -4.531978444116220750e+00
0 1.316776934422819600e+01 -2.889918377440122299e+01 4.243724595063346428e+00 4.085111428912006071e-01 4.728939294537940263e+00 4.664553790685611823e+00 3.750877853823678443e+00 8.756043525780282666e-01 8.869595982823142322e+00 9.768545571560485641e+00 9.366403373217185191e+00 8.960952566845804768e+00 5.367387829487872963e+00
0 1.332892910828003430e+01 -3.128867041636910074e+01 1.010166000258211572e+00 -3.736655289305018002e+00 6.380609935025724155e+00 1.065457588115267740e+01 1.299979654615667179e+01 1.510985785059253317e+01 2.072918846327007003e+01 7.291464226069956922e+00 7.155167830488385228e+00 4.645184635662682915e+00 5.853413655597363707e-01
0 1.321544554342739808e+01 -2.774442492810540983e+01 6.570222852360006804e+00 3.024771921454381562e+00 4.344155575123920698e+00 8.264090701413188356e+00 1.030590255088983831e+01 8.614234477626908415e+00 1.491007224806422471e+01 1.667767082572724213e+00 4.270608387436127806e+00 3.308910170538291062e+00 1.517072466183938984e+00
0 1.316360888024714804e+01 -2.725992083149367318e+01 6.769558928346775417e+00 3.833497350688012784e+00 9.031299885147211270e+00 8.952962511022660053e+00 1.330339231474497730e+01 2.590830488336350435e+00 -3.244967081761704897e+00 -7.837784740746998935e+00 6.767159075134669521e+00 7.459561256223706138e+00 9.521165630650564538e+00
0 1.313387829875587443e+01 -2.770331053404433064e+01 4.487834545321184088e+00 -2.454965580650671608e+00 5.663828608124400255e+00 5.892009915017486499e+00 5.397595384653386397e+00 3.998194390141186716e+00 1.079024823447627313e+01 7.347903734719336555e+00 -9.368719352668740397e-02 -4.358778298200609136e+00 -1.073924777525125662e-01
0 1.319361939023615626e+01 -2.966749886742291054e+01 2.007846485935487202e-01 -9.867226527250581469e+00 -3.503732898211658675e+00 -2.343324177588147261e+00 5.279674355896348814e+00 -1.047292976930950470e+00 1.071871846876119427e+01 6.750260073661632276e+00 9.530931838835869030e+00 5.798829576296503419e+00 3.629651276513116365e+00
0 1.292908937181291584e+01 -2.635035588734172762e+01 2.127637431101899512e+00 -4.470461572372335546e+00 4.231027656910358870e-01 1.327227179914981958e+00 1.118023209456502620e+01 1.085080468983169588e+01 1.054759208523280201e+01 5.454758266732171457e+00 4.190348373011324234e+00 1.143569945231235430e+01 7.043483690378907092e+00
0 1.315418724025134622e+01 -2.496578350406059954e+01 8.265011893686077471e+00 -1.060662013537988363e-01 5.695065454674003824e+00 5.575934453950204706e+00 9.600688761839911933e+00 7.815276233481218693e-01 1.059693411631698190e+01 6.102551032868328562e+00 -2.744038077973185441e+00 3.695109433061821047e+00 -3.146061465518411371e+00
0 1.316460510833710096e+01 -2.875784110679655114e+01 2.772814403802333766e-02 -7.781070288080539576e+00 1.122434693084719104e+00 2.973782289048608973e+00 -5.109290568532370326e-03 -5.055324711578510488e+00 8.056432866060937670e+00 1.202025444253781039e+01 1.026597762874712672e+01 -3.340934794315062462e+00 -6.889269478678692771e+00
0 1.331483208157869846e+01 -2.449082113729869548e+01 3.832992565232665072e+00 -7.135553138756153047e+00 5.764277351416557060e+00 1.183192106752427541e+01 1.119929469234224939e+01 -1.595027273020565461e+00 1.034294528917141598e+01 -1.283561499759977576e+00 -8.489845402114980510e-01 -3.104624875316654986e+00 -6.752478177136060467e+00
0 1.311936127508758254e+01 -3.094710504477866664e+01 -1.102689848584890830e+00 -7.662443278171399363e+00 -7.456457134592343827e+00 -2.507745337740046487e+00 3.981493832688512313e+00 7.606569305109350809e-01 8.136474674285999242e+00 -3.679287823345294584e+00 5.919708601699297468e+00 7.337384437445276575e+00 5.403654927464994095e+00
0 1.324046867710724307e+01 -2.707527864978749221e+01 6.256993978535973611e+00 -1.001484414434094666e-01 2.948453994898780017e+00 3.774165891627513592e+00 7.162682320979418371e+00 6.899295112810525765e+00 1.394514351900710025e+01 7.929694903302253906e+00 1.392273018356754122e+01 6.064564295486014167e+00 3.227283572107529697e+00
0 1.336878966280017167e+01 -2.544954613647039920e+01 7.682743265286810619e+00 2.836762525994640072e+00 8.839178535652232327e+00 5.131928279575001639e+00 1.020559882416087483e+01 8.076745056078582508e+00 1.047529759347698963e+01 4.857039104748706038e+00 8.109178740965511167e+00 4.518657632116312328e+00 2.600024806319435111e+00
0 1.302733761574866378e+01 -2.615085265536514925e+01 6.639701313834367902e+00 1.843343825646953649e+00 8.369120767152004703e+00 5.479591921986763481e+00 8.901141951404371255e+00 7.217853147483387133e+00 1.341141868881385157e+01 1.361025082054624491e+01 6.311700022145342537e+00 7.886143696665774527e+00 1.492141567079797504e+01
0 1.333533429193740361e+01 -3.104748415263224004e+01 1.498314790422474285e+00 -4.036223056114191188e+00 3.069419880406804690e+00 -3.193055555359332498e+00 6.681002894538269621e-02 6.649162992743147260e-01 1.022136453373894582e+01 4.067649783136554120e+00 4.057819554993619349e+00 1.662187889493952397e+01 2.274855451256120631e+01
0 1.316851200631810315e+01 -2.624710959023455459e+01 4.974032743230504927e+00 -1.878492889959729517e+00 4.721942523521013513e+00 3.054113356031531445e+00 5.194422270240409922e+00 9.059410223599787315e+00 1.602999943766547020e+01 5.657634966133309184e+00 9.526499430145085157e+00 1.405363061350616949e+00 2.983267480709532737e+00
0 1.318513123247417518e+01 -2.582636531344272512e+01 6.287626318712811191e+00 8.235671144377300079e-01 9.621679455071694420e+00 5.795845314794259018e+00 9.858830850251440125e+00 4.968182818728598349e+00 1.196243500981508134e+01 2.477421067074645045e+00 8.489775827782784390e+00 4.861786492594826758e-01 1.053222321629658342e+00
0 1.320490206164701519e+01 -2.705548475587297830e+01 8.932815185653298684e+00 3.319912593977765614e+00 5.843503304782812435e+00 3.404809461455487352e+00 3.992408650626241506e+00 -4.181594474292109176e+00 5.234472125803567799e+00 -4.627949746514326002e+00 -2.735195067182557338e+00 -5.250871685372421993e+00 1.193769583209442235e-04
0 1.335949936315660125e+01 -2.680880203381642701e+01 7.398420090478991185e+00 -7.180212050743894903e-01 4.333515889659535603e+00 1.917040834014885231e+00 -8.602176068342819448e-01 -5.958002365012675661e+00 6.021377936024904010e+00 -3.614623009089968253e+00 -7.473515616735117995e+00 -8.146507585699097609e-02 -2.475087321807807328e+00
0 1.313707078472410217e+01 -2.733891386769121823e+01 6.663516246766641338e+00 5.425213941002275941e-01 5.177213922515702116e+00 7.760970071868538156e+00 1.056314121799372252e+01 9.427207095364778411e+00 1.824398384428702613e+01 1.259605983867577450e+01 1.662252310013840528e+01 1.139242996518214923e+01 4.202189271342572141e+00
0 1.319919274484762362e+01 -2.621747265631421797e+01 7.177364857944108500e+00 2.420830436312034539e+00 9.223536182934052974e+00 1.075316991306176639e+01 1.352702999072548629e+01 1.655362909429054952e+01 1.384449692465924819e+01 8.895462601068720998e-01 8.014366170764413155e+00 1.135901503361373699e+01 9.631873694243139994e+00
0 1.313667304123626955e+01 -2.725534885515905614e+01 6.037177706115778086e+00 8.193516146915001963e-01 1.566231267648917180e+00 4.011205889806073621e+00 1.470840373434150194e+01 1.017312172008022664e+01 2.100912715414328957e+01 9.060401710736668335e+00 4.380659660484571560e+00 -5.524164561586701883e-01 1.462472277159704603e+01
0 1.309742860161994393e+01 -2.715180724025331571e+01 8.723812895560357106e+00 1.581430619928133829e+00 1.422160130287149826e+00 3.318854597740148904e+00 8.308300280213023470e+00 2.808919977513238742e+00 1.033943043647239968e+01 1.693697172141301621e+01 9.093532752801378294e+00 -2.026279112757311651e+00 5.120384164430134000e+00
0 1.316511012787858448e+01 -2.929574125277024166e+01 2.144641742714582744e+00 -3.320727691689455252e+00 2.305760001141150983e+00 2.956511924235238897e+00 8.305777071866254246e+00 6.738679137064293556e+00 8.179555392374608047e+00 2.568609234438537836e+00 7.560989622141884858e+00 1.495705964741923211e+01 1.368032147194726988e+01
0 1.308940835475085507e+01 -2.784562912950553581e+01 3.716777499409573693e+00 -4.403142831406209878e-01 5.795212474099766808e+00 8.782623147413207931e+00 1.204410527207214088e+01 9.983964375495844479e+00 9.859466299439565873e+00 8.623487416604007194e+00 8.619360372489500932e+00 8.486072604691415222e+00 8.902061106188728701e+00
0 1.311519392777001691e+01 -2.447818946479815594e+01 9.711127424100162386e+00 2.129496770869269806e+00 8.874365311277742308e+00 1.855777303204935791e+01 1.497091491584186862e+01 5.501473123346323213e+00 4.729843475192729407e+00 1.585577687636376076e+00 9.672822331211996527e+00 4.437174185582463792e+00 2.608878345191010251e-01
0 1.321575904334834206e+01 -2.735439139210536652e+01 6.605412306802001865e+00 1.766765493837995638e-01 3.237513106256761031e+00 8.763226201088292200e+00 1.514915871764092614e+01 8.994823835367519393e+00 1.434475378904744680e+01 9.676634412842343380e+00 8.021346461765391567e+00 2.385346752408757376e-01 2.541487093699407729e-01
0 1.315667414524211587e+01 -2.877414864526915395e+01 2.127049886498947551e+00 -4.825948164613976132e+00 -3.429558872840126060e-01 3.570015074406668987e+00 5.288522103273972874e+00 2.729277968789904474e+00 8.460303889130518229e+00 7.408775164699041405e+00 1.456864175810652817e+01 7.654775464884353120e+00 5.500285782740146345e+00
0 1.305179507913761583e+01 -2.680652790406712427e+01 6.783725312355135095e+00 3.778076629197058001e+00 2.927826261953640152e+00 3.308910727730560275e+00 6.611263732770490620e+00 8.447701632574068142e+00 9.946163962226039601e+00 -3.241082973009898893e+00 3.649247195286501544e+00 -4.962842760910116668e-01 7.472293330469666373e+00
0 1.307769808575395842e+01 -2.897741590545005863e+01 4.404500287415305415e+00 4.890001781466756792e-01 3.492701220514113469e+00 7.780004478312848804e+00 1.182072675771870962e+01 1.140398853572816584e+01 1.209843829594063891e+01 1.197224768729645783e+00 3.078146226892346071e+00 -3.198374361452621883e+00 7.259733215450518529e+00
0 1.321901811831363638e+01 -2.649324002593069238e+01 9.966639373718257033e+00 3.437749545577041932e+00 6.384658245139839927e+00 1.041977015794754813e+01 1.324952843428035010e+01 1.474577521710227757e+01 2.113268702443520297e+01 4.168844155640362814e+00 4.172500369029570888e-01 -4.944940011785129208e+00 -5.787259440614351824e+00
0 1.319091840529545934e+01 -2.686590168896166375e+01 5.099443180097157580e+00 -2.948120057912023029e+00 4.022052064713430575e+00 1.117485067001324772e+01 1.486589245816093730e+01 1.897359997205479587e+01 1.937438891591926193e+01 1.108016935512252132e+01 1.101497604351718351e+01 1.076948243350836343e+01 5.655702201362201365e+00
0 1.313520779808857597e+01 -2.594156144167800804e+01 4.486110700063560941e+00 -2.003770332285018885e+00 4.135336306313433852e+00 1.016330740264792176e+01 1.797779692852234490e+01 1.186371193677997482e+01 2.129070119908237757e+01 1.014368623013280946e+01 8.798259369660700102e+00 1.032131991571776197e+01 4.381476717372656537e+00
0 1.316693321920119253e+01 -2.676658345481206425e+01 6.930381899117718625e+00 1.828722042649486346e+00 7.088139450771900663e+00 5.535650013873499198e+00 8.742248712869809424e+00 9.368575106354137816e+00 1.480695106272979267e+01 9.353177065725626349e+00 1.863244122018920734e+01 1.556918324164305645e+01 6.204272513832796321e+00
0 1.320341120672033774e+01 -2.525292398336835120e+01 8.496569553373694461e+00 6.458011646160834118e+00 5.210823009288800378e+00 -5.750211303718276712e-01 7.032640713890864426e+00 8.523588936512965120e+00 1.305765507370877465e+01 1.422727568781487761e+01 2.281088341899280181e+01 1.772047701352893512e+01 5.710418815948406390e+00
0 1.321945453460524611e+01 -2.733719381719187425e+01 4.926290298921087718e+00 -4.439337564873325981e+00 -3.504955130967038812e+00 -2.775658576504338448e+00 1.559995020013228983e-01 -3.314973999578468167e+00 8.230417267474432919e+00 8.352674899619874083e+00 1.473215506976494105e+01 1.518419882627001627e+01 1.260369804077034495e+01
0 1.302382377297805505e+01 -2.609890321204692754e+01 4.125846088338355422e+00 -2.894340532637821983e+00 1.025491810875892806e+00 -2.598607201571690783e+00 -3.183289738506544370e-02 2.256059785208752277e+00 1.023417854370288715e+01 9.643643113979459613e+00 9.327759569763362180e+00 7.341672173368134047e+00 8.638340866867378898e-01
0 1.310310288896612185e+01 -2.879883432508365360e+01 2.051194920792254628e+00 -5.544821575828120963e+00 -5.931025020298562822e+00 -8.896408039063093298e+00 -7.882646853259132058e+00 -4.121773472072232991e+00 -2.589756688992323475e-01 -2.747581779208465136e+00 8.530336206421718970e+00 1.981218454360187398e+00 1.273550385957517683e+00
0 1.322240251077505846e+01 -2.525694545463673180e+01 8.599740478897382800e+00 -4.170973172286026376e+00 -3.780679245383699705e+00 3.171323447280329777e-01 1.119961624368070296e+01 7.762331167664100917e+00 1.068881785979379728e+01 8.072586797563788608e+00 2.000287168602326027e+00 3.976302739100598060e+00 8.814799331779196834e+00
0 1.308933744031948443e+01 -2.589947677338786747e+01 4.228484093672973287e+00 -6.800085823570419130e+00 -6.289414577170550302e+00 4.594501607179857783e-01 1.402733768344848864e+00 1.626079890760726787e+00 9.203654495539113967e+00 -6.376348412272876409e-01 2.713296408210121302e-01 1.120959898051083847e+01 7.247884811317015341e+00
0 1.326471015461619984e+01 -2.767610861622654994e+01 6.584584993563625588e+00 -2.103116178696743166e+00 7.752552046149758791e-01 1.789408253265402537e+00 1.488303415018723541e+00 -2.419949370395276245e-01 7.384923594597427865e+00 2.672702995195639156e-02 6.664323687089317438e+00 1.293382922926598333e+01 1.322219245272967036e+01
0 1.311673843427050201e+01 -2.459853880254112113e+01 7.280327454817371091e+00 -8.407336041496824564e-01 -1.529626523480545064e+00 -2.822200457625605452e+00 3.139171227591531776e-01 2.194910029227397641e-01 1.871954477834329444e-01 5.267529455551115625e+00 9.339186537039823932e+00 8.431384450555032828e+00 4.559477497079356567e+00
0 1.317168091723416268e+01 -2.677240796523832600e+01 7.763406395277689498e+00 4.906427698984187069e-01 -2.296072836326654265e+00 1.355343615120532252e+00 3.547152004009796133e+00 8.589608356043908488e-01 1.480453806796319682e+01 1.507848154737580870e+01 1.296124982617775245e+01 -1.140873996888449149e+00 -3.945047604503661542e+00
0 1.326369931589776208e+01 -2.570034159967244491e+01 6.030135327062624562e+00 -3.704749629982213133e+00 -1.197075076716918485e+00 9.366737790072739156e-02 1.323022207215141144e+01 6.002622866863593032e+00 1.096379590205523691e+01 1.150672473163423248e+01 1.269144333488712384e+01 9.497581220869442120e+00 4.267922659179933298e+00
0 1.319913127607346226e+01 -2.322378407436548997e+01 5.405262208861348228e+00 -4.368231387074219541e+00 2.449242267110877336e+00 3.248938898195714575e+00 1.228457762625774485e+01 4.571303563134790360e-01 1.065060186688010191e+01 3.486073346430150988e+00 2.472348490979896063e+00 -1.490197853653410509e-02 3.567752521424412571e+00
0 1.342163058276813459e+01 -2.759140479204944896e+01 6.354898478407457141e+00 -2.722490071373560916e+00 -2.799175171678861762e+00 -2.930459756903990964e+00 1.422151911753585685e+00 -7.698053236607738103e-02 5.021542726601233575e+00 2.877375643055117282e-01 1.524826910371190891e+01 1.510046674175885428e+01 1.150818549369387078e+01
0 1.331637145523091625e+01 -2.316364143445192170e+01 8.443938183937639508e+00 -2.395413004461001361e+00 1.305967631205062207e-01 1.427649979339385755e+00 3.381618169272906371e+00 -5.443253526142188825e+00 4.452124727622404521e+00 5.302291044823665089e+00 2.800444828641894812e+00 3.060393975333719485e+00 -3.860392216449564096e-01
0 1.540526788156258675e+01 -3.528639586421571295e+01 2.527219007214849711e+00 1.152791984074304388e+01 -1.820543162086037725e+01 1.949223024874481425e+01 -2.450079442575589184e+00 -1.655860024469617997e+01 8.712309078942032770e+00 -2.433929780216328709e+01 1.542508205046676517e+00 -8.999049622542782956e+00 -5.050010911959114779e+00
0 1.346245468949913615e+01 -3.562497600533887265e+01 -3.862918596653043934e+00 -1.116938893895803631e+01 -1.216083078623907987e+01 -7.015515087460852950e-01 5.978172247534191408e-01 -6.819104416479260244e-01 7.913254999244208499e+00 -4.824987425394235530e+00 6.738240675824426873e+00 5.080040733895476279e+00 5.295195124243415874e-01
0 1.346321161273773548e+01 -2.891192775751389732e+01 4.502749946549705840e+00 4.185738881490720931e-01 3.263287189517076303e+00 6.579140459502893279e+00 9.283777619402366454e+00 1.173866031782578467e+01 2.375360511188958057e+01 6.575217520914251601e+00 1.543214785268658140e+01 4.171965749156820280e+00 -6.278949319361415426e+00
0 1.324584646686721534e+01 -2.582416461645988193e+01 8.188232798724257577e+00 2.869563183684414209e+00 2.317268386953560189e+00 -3.702186925952269725e+00 -8.465295296970187788e-01 4.051569351607716030e+00 1.608751111994384431e+01 7.392702442095862025e+00 -4.111580212091554998e+00 -3.282347836243696193e+00 -1.203018066263128460e+00
0 1.293310268179552303e+01 -2.252865512784349278e+01 8.892031966126991094e+00 5.421625170511126690e+00 3.190435578739934108e+00 5.191442512162440792e-01 1.469609110841869404e+00 2.429194515637314034e+00 1.125404539577426988e+01 8.904061346812232713e+00 3.737138599929075156e+00 -3.311368320827813516e+00 -1.293770584822973024e+00
0 1.417943041309687224e+01 -3.386377513917403093e+01 2.020087559408810129e+00 9.913707752642556770e+00 -1.347270847951830142e+01 1.982183611486735053e+00 8.287729839799240494e+00 5.174742377465096688e+00 4.510052011418407503e+00 5.091540328285236505e+00 3.055868367068554914e+00 -6.185578755296604392e+00 4.732997199048032400e+00
0 1.456434315218343656e+01 -3.581869091152812956e+01 -1.922690402681371258e-01 8.097229068851039102e+00 -7.482837944121365936e+00 1.053659074291338626e+01 1.105876392920196238e+01 9.478195861654132415e+00 1.318155009635668407e+01 2.224409605397700673e+01 1.396132264404305268e+01 6.420565046605522852e+00 1.738958629458784699e+01
0 1.345585159436336831e+01 -2.820841111106405563e+01 3.316054679543214867e+00 6.148941251723489820e+00 2.625109144063826783e+00 -2.921801400044782282e-01 2.044711063392913586e-01 6.152098476684791706e+00 1.276529798941829519e+01 3.127243848778040736e+00 1.236423450330427620e+01 7.637539170374743946e+00 6.214345653170399331e+00
0 1.324070979066291187e+01 -2.714214821495916397e+01 5.283682766198754877e+00 1.817198977522107128e+00 3.450862374204138217e+00 4.631623815759764007e+00 4.733611524640645579e-02 1.070847530811020132e+00 6.557545360338710161e+00 -1.008339567074415655e+01 -1.045649747171747457e+01 -9.213121169482098693e+00 -4.140592606021998634e+00
0 1.357508518087505678e+01 -2.523533827807326091e+01 3.804794462743875005e+00 7.867941363359106433e+00 -5.521769001080992778e-01 1.242396018309998684e+00 2.062888524157115988e+00 -2.118198709799076873e+00 8.865631370214368090e+00 1.008312319344652597e+00 1.116992541382425763e+01 7.761902692573012352e+00 1.207357425616510049e+01
0 1.377504503376506051e+01 -3.032156090484022926e+01 -6.815792499967411322e-01 4.878049725737484188e+00 -7.888179535384895580e+00 4.216805386813383905e+00 1.139144824188398353e+01 -1.116590847247818541e+00 1.626809098348475535e+00 3.083494042429861803e+00 1.577639689672210821e+01 8.465677285648395056e+00 7.780991080626680656e+00
0 1.333069077182448581e+01 -2.428546901474992836e+01 1.057018538278282449e+01 4.013353737474569805e+00 7.649941259090947021e+00 9.802285298971455063e+00 4.658895395786400329e+00 9.083974243636552259e-01 1.289608676408645849e+01 -4.623991642136094371e-01 3.186761643789612908e+00 -6.011591330102650232e-01 2.516149628208537603e+00
0 1.314255913216340588e+01 -2.847063241535315825e+01 4.665151360489900867e+00 3.660563791642601483e+00 1.276769148894434558e+01 1.972939352064495111e+01 1.830897855712863631e+01 9.584972012747469350e+00 7.549089573295248989e+00 1.114955680651397163e+00 3.544629533431359558e+00 -9.220595204032164816e-01 9.568684821515545114e-01
0 1.316854283519493762e+01 -2.566482504566979728e+01 7.268424790431643245e+00 -2.921320078313458524e+00 1.039468337757211591e+00 -8.839970650167755517e-02 1.521565480081487731e+00 -1.770800732886041784e+00 3.372410492637559098e+00 5.584465442448233174e-01 1.033367040311014007e+00 2.616666819231893371e+00 -5.347459766739624420e+00
0 1.309780868940908150e+01 -2.625437438213594277e+01 6.214889882976980751e+00 -2.549500854802526639e+00 -1.630313584013471706e+00 -2.161996974712790731e+00 -3.364024440460839482e+00 -4.213088408850022226e+00 8.094865402078781358e+00 3.438710581579691894e+00 2.849660636488154708e+00 -8.034641261443358218e+00 -4.426846126007310644e+00
0 1.337352136390332724e+01 -3.100183268243571177e+01 1.273300128178775692e+00 -2.453599770172745220e+00 -3.086886272524222985e-01 9.111513923966256812e+00 1.584664240078328667e+01 8.029642202770792991e+00 1.271386699782701868e+01 2.257336336049183600e+00 2.347012205306527655e+00 1.300908319764249921e+00 2.825544954524379815e+00
0 1.317709750422852011e+01 -2.419259461878678508e+01 8.759590671130395023e+00 1.267271190903440647e+00 6.614491518054077090e+00 1.082153761155992200e+01 1.675864346528401683e+01 3.603679647634770333e+00 7.138875282302923786e+00 1.039670298640767543e+00 8.599913511818522593e+00 8.739415952785780206e+00 5.080061792375655472e+00
0 1.309626196873720438e+01 -2.178257672170361303e+01 1.102480740366460488e+01 1.910032168565851896e+00 5.233599988188256447e+00 7.983506045526428174e+00 1.235502874271696427e+01 6.974382312655863281e+00 7.797806525098160968e+00 1.242859363262203365e+00 -9.200913440601781179e-01 8.621667078601902290e-01 3.821397368087841029e-01
0 1.328471656887239760e+01 -2.772946845147470185e+01 4.899994907962397228e+00 -2.052507354430233855e-01 6.390345910272991148e+00 1.207217865791785805e+01 1.393877131543591297e+01 6.833909337525395422e+00 1.290560510850860965e+01 1.027701338971946488e+00 -6.700969088087698200e-01 4.162379170420212660e+00 -2.262973997982681507e+00
0 1.317794884758597007e+01 -2.669328619120943813e+01 8.215880821505393783e+00 4.688161757023077136e+00 2.359902503285911557e+00 1.064213802483987115e+00 5.349079678279557548e+00 9.286969512434607665e+00 1.619276447403959551e+01 1.447951277625899280e+01 1.096992947646415217e+01 5.911844030832996033e+00 5.310666886247997986e+00
0 1.332204448428137233e+01 -2.746748691022506250e+01 4.312321619713739729e+00 -5.378903272037654837e+00 -8.907325679972909471e-01 2.300556367588340922e+00 -3.053876413710158833e+00 -1.131263517115460138e+00 1.402527139421935232e+01 9.172169935034636623e+00 6.685497756953395765e+00 4.120629055414544162e+00 5.898425922590978310e+00
0 1.307934168315327916e+01 -2.626028297422162083e+01 4.955352779736464264e+00 -5.328119452359925123e-01 6.492184651215715974e+00 7.656146912560723550e+00 5.582799349509746101e+00 3.178813446478548688e+00 1.809430064230037161e+01 8.074555266691175959e+00 8.500062161708175523e+00 8.370365199482412422e+00 5.048100710530987634e+00
0 1.316004543909936331e+01 -2.813678743622663347e+01 6.703335843759450796e+00 2.363699918373098452e+00 1.222292742182195902e+01 1.307271234988595943e+01 1.282257909195263679e+01 5.014243737897490227e+00 -1.461434622612318712e+00 -6.304872526821888812e+00 -4.837877241853683508e+00 -4.921249181932051187e+00 3.714272047348166073e+00
0 1.300589367890537851e+01 -3.080149210415116556e+01 1.601555460588847346e+00 7.913354717033059815e-01 -2.557857218094333973e+00 -4.816219911720463820e+00 1.374089679967801070e+00 2.657285288546290314e+00 1.581281638323819294e+01 9.137754968085992857e+00 5.372662397330590700e+00 9.667314962637295617e-01 4.203453137239266724e+00
0 1.314126628515734296e+01 -2.701272899935772998e+01 4.740622069036146691e+00 3.276001064577673372e+00 5.240856463839099533e+00 2.723680885948065011e+00 7.400811087652547471e+00 1.533104237553368243e+01 1.992393753714572213e+01 1.082935189154398614e+01 8.706226594709082889e+00 4.375271216996480916e+00 1.163984716351253823e+01
0 1.322710384618382840e+01 -2.463761548009786040e+01 9.878355868397679984e+00 2.112055696047606013e+00 9.328225238202294989e+00 8.809953152706956558e+00 6.861811956037453974e+00 7.827651572338818475e+00 1.236043724218651541e+01 -3.807460957425254477e+00 -1.556421980314669273e+00 2.698795350185949182e+00 8.232438785773201317e+00
0 1.309321648079417955e+01 -2.674918256948862805e+01 6.339972881470902877e+00 2.697641201212788165e-01 1.040887885860278805e+00 1.839834122695331864e+00 1.018045619202880303e+01 7.999374023838612402e+00 1.052283272114265777e+01 5.577394314733463254e+00 1.067365441854617814e+01 7.780427511855821265e+00 1.308937650465477809e+01
0 1.308468988938992439e+01 -2.626838513837921951e+01 6.188393362896087879e+00 9.919483664062921369e-01 3.280266132757525099e+00 3.886207205352591565e+00 1.214357445177163619e+01 1.243099442413189415e+01 1.344288110231361522e+01 1.000774500778229736e+01 9.682461991096497300e+00 -1.994252423600938240e+00 6.860624397011540587e+00
0 1.339373237519262361e+01 -2.768735164098957213e+01 3.763569286925290136e+00 -1.625895929378199378e+00 1.550022534019790621e+00 6.181382042355451079e-01 1.048918643703642495e+01 1.032984575996656318e+01 1.365358464982618258e+01 2.242961962847920265e+00 6.940618381987699870e+00 7.770378275346471852e+00 4.823592611646105865e+00
0 1.341596394159542882e+01 -2.649797091489297074e+01 7.526135363226676311e+00 4.595543434806353744e+00 1.185103463200871410e+01 1.261968058215348520e+01 1.580616978525458016e+01 3.946630120474855286e+00 6.181680866201882729e+00 7.477172088883166978e+00 1.348039328430460770e+01 1.079922725424124330e+01 8.381629538024659709e+00
0 1.308593137704689902e+01 -2.261423392928021414e+01 9.513098799705115738e+00 1.627015068173319090e+00 4.487083906671926137e+00 3.485293381767327059e+00 1.203246107120452280e+01 1.082583556368946631e+01 1.351185044406628322e+01 8.209044482471064441e+00 1.023441066392130239e+01 3.111594507674242838e+00 2.302953383113644392e+00
0 1.298470206069686128e+01 -3.083241207960129060e+01 3.974220845714994399e-02 -5.092960663387364306e+00 1.723613129356797558e+00 9.724897695563669009e-01 7.298665057604905471e+00 1.069305675900629471e-01 -4.158102412934011838e+00 3.244509437589481404e+00 1.377807755010476143e+00 1.924493168409353139e+00 7.408720603691777207e+00
0 1.305909607460040966e+01 -2.866244463721567826e+01 2.795165463225636859e+00 -3.992938895834158508e+00 6.203000779700248435e-01 7.346918972852335195e+00 1.317656752093986583e+01 9.726234733858454717e+00 9.715489973403654389e+00 5.013948756264023032e+00 9.544546907897698773e+00 1.990127386532404952e+00 4.247433526563325401e+00
0 1.306578257161897660e+01 -2.779582326282545068e+01 5.382052921674681301e+00 -7.266905481964123226e-01 2.288092924892750624e+00 4.672456557309768499e+00 8.282490908109572558e+00 7.822566321245259857e+00 4.683939132075039424e+00 6.688308773840997645e+00 4.039972945294306506e+00 -3.845826459698121091e+00 -4.636406577066417012e-01
0 1.322399514669879927e+01 -2.444124578418382754e+01 7.564739579552766990e+00 -9.688226152519904821e-02 3.779210776495068647e+00 5.871850761178901479e+00 1.676414216065187190e+01 7.141374015656798413e+00 9.791677670964178404e+00 1.114496354480039741e+01 4.644444838214407678e-01 1.443374974989395376e+00 5.218054732413191843e+00
0 1.317127353914943377e+01 -2.690888702450394376e+01 5.491295047988931088e+00 1.035295718745324667e+00 4.650344940567775254e+00 5.616955273823861283e+00 1.247138554120316201e+01 1.164186210580727732e+01 1.707485315463246778e+01 9.884961467022597148e+00 4.794717463538414215e+00 -1.649691595642412967e+00 2.096026561053764947e+00
0 1.366350870370574100e+01 -2.368063691410981519e+01 1.145957086454576590e+01 6.024153220672161524e+00 5.161164198999776076e+00 1.001622271922834884e+01 -1.189567647347450130e+00 -1.269720712338540913e+01 1.235260324199970050e+01 -8.787006990808004403e+00 3.649711808139928793e-01 -1.339899013818278029e+00 -2.689296503308808983e+00
0 1.529694481037890519e+01 -1.863129399899503724e+01 -1.425475948017093231e+01 1.762751484806573998e+01 2.105242109569556419e+01 1.956197059045316067e+01 -1.691085202522893383e+01 -2.773560243168081740e+01 -1.965988883891729655e+00 -1.470168139274226604e+01 -7.153617988911886716e-02 -2.907107006741070521e+01 -3.268353577024060996e+01
0 1.634740891033663246e+01 -1.523114819517828344e+01 -1.844499477478689897e+01 1.569121823891903311e+01 2.347585681167046090e+01 1.502322115422865956e+01 -3.617066592096379907e+01 -3.135173361547279924e+01 1.072431253147144226e+01 -2.066103418671303515e+01 1.088369160866857932e+01 -1.139285593846295264e+01 -3.521903006303325867e+01
0 1.773796510321684750e+01 -4.691497857897845236e+00 -2.720228837874461547e+01 6.770652219394645677e+00 3.838874945265762051e+01 1.781067701762228594e+01 -2.835793134281501793e+01 -2.343183320687295890e+01 6.120378010993325901e+00 -2.364260530511179326e+01 3.956969476181996903e+00 -1.505189876958935358e+01 -3.245635509756885284e+01
0 1.842929021700658154e+01 -8.016285487100265783e+00 -3.177818840087507724e+01 1.367176740029740145e+01 3.960455472563725721e+01 7.479829673671058110e+00 -4.523943959864248399e+01 -3.651105632069978668e+01 -6.407021087754695365e+00 -2.659330564675086350e+01 -2.893244594554321480e+00 -2.025368782655818478e+01 -2.611690041581005062e+01
0 1.861268892601793112e+01 -8.775228338150199647e+00 -3.030566922960332121e+01 1.940449703475403709e+01 4.014477346292864723e+01 1.490900800802634230e+01 -4.797812356797518163e+01 -4.879523290469882824e+01 7.031864478799083606e-01 -2.237439959340807505e+01 6.140801982309575635e+00 -2.267647036369610447e+01 -2.819643082579671756e+01
0 1.856851920435514103e+01 -4.823576456593873907e+00 -3.011956251553316477e+01 1.693772116352245050e+01 2.864222061735302560e+01 9.207579011687473169e+00 -3.921531999443666905e+01 -3.342242873529644953e+01 1.327134701342624368e+01 -1.273168911391909219e+01 6.673088973068002083e+00 -2.523573072396003170e+01 -2.424969595996562433e+01
0 1.927441109687143239e+01 -7.434568766841466392e+00 -3.162658364999916571e+01 4.085288075697921073e+00 2.762045509756681838e+01 8.960654223862528411e+00 -3.885450896459214931e+01 -3.148249484095437367e+01 4.150755169611127116e+00 -3.304581446310195236e-01 -7.019927804862683418e-01 -2.872765502486567613e+01 -1.970575663999145988e+01
0 1.941678028242581888e+01 -4.601382441827452929e+00 -3.071169400776686231e+01 9.788701154581451291e+00 3.422539935876248052e+01 2.112882987535261137e+01 -2.545041494526596182e+01 -2.652933179468833913e+01 6.096801113404604067e+00 -6.997661770254770985e+00 5.784987913751661992e+00 -1.355506027205234076e+01 -7.144219667160726317e+00
0 1.963268218665559317e+01 -4.182414426976107436e+00 -3.454908058411943017e+01 1.490357639410619761e+01 4.008548547420926411e+01 3.715171592502295894e+00 -4.403793707825258252e+01 -4.204410461839404434e+01 4.617079374982326456e+00 -5.980448920955442560e+00 -6.222281886541616736e+00 -3.837608168891107852e+01 -2.240187316339406465e+01
0 1.981872262124264239e+01 -3.226190439420537626e+00 -3.387352805453644322e+01 1.276480008624384688e+01 3.761415070433537977e+01 1.433208677827608035e+01 -2.968055960254327275e+01 -2.879150733940035423e+01 -2.777787513190672630e+00 -1.031498009320060838e+01 -8.713089905036447647e+00 -3.162452758155368571e+01 -1.071487633791095284e+01
0 1.997650797493518837e+01 -3.799292223565895465e+00 -3.599401918053197136e+01 9.184022988704397150e+00 2.979045854028332485e+01 1.031991267003180113e+01 -2.783452155525331762e+01 -3.553625997756532229e+01 -3.998062069062527257e+00 -6.713222272504147270e+00 -1.167365666518228196e+01 -2.762331308838231081e+01 -1.355678711402136472e+01
0 1.975064424671196406e+01 -9.770896125304242119e+00 -3.450794626944922072e+01 3.029708034572470066e+00 2.534885748061391553e+01 1.103362670609380913e+01 -1.594282309034196388e+01 -2.128781199938392987e+01 -4.758319812132306481e+00 -2.010844809836992653e+00 -1.000719466258748547e+01 -2.058085365710476111e+01 -5.221151950130812125e+00
0 1.964578113308620644e+01 -7.295778031568756816e+00 -3.756863562637017395e+01 2.516494642266216886e+01 3.552698128885469231e+01 1.310635674312650067e+01 -3.489898198167131937e+01 -3.764736997964436682e+01 9.207822930662056038e+00 9.329887689343175916e-01 6.234404448782465025e+00 -3.368026330546464209e+01 -2.553822033424467364e+01
0 1.909225859528744351e+01 5.966637486862585993e-01 -3.034117299398360501e+01 1.168960026241281192e+01 2.401677039529657520e+01 1.336853224572194598e+01 -2.753539330741438462e+01 -2.514837854175201315e+01 7.275484536222515786e+00 -2.049607480866999865e+01 -7.139101519284050568e+00 -2.001384476636625820e+01 -1.357291569620830707e+01
0 1.928091094287790597e+01 2.313686823717574781e-01 -2.966006094018376160e+01 2.039049172147790046e+01 4.178642248815290827e+01 2.371475597553724057e+01 -3.064280231559390444e+01 -3.356900765017606858e+01 7.899152750450606497e+00 -1.491034004427462278e+01 -7.542546851447345269e+00 -3.316879519987996616e+01 -2.620602847824040538e+01
0 1.863385578541399923e+01 -3.430610759677777399e-01 -2.313929974088815200e+01 2.255976423217342486e+01 3.188957146386393759e+01 3.344000201319548893e+01 -1.996559759307558934e+01 -4.184967124376888137e+01 1.187660374379169825e+00 -1.455364940443673660e+01 2.447477552015938418e+00 -1.847289574752466024e+01 -2.107973997360838325e+01
0 1.803575931278404809e+01 -3.400913895370904161e+00 -2.036026912361167618e+01 2.486307519841759017e+01 3.923291452053703665e+01 3.197197005780229517e+01 -2.307902970524068209e+01 -3.798600340724720326e+01 2.007960933827027716e+01 -1.885819151325429388e+01 -4.972383168087072036e+00 -2.990827226377969339e+01 -3.378867053977413804e+01
0 1.744300571788595633e+01 -1.365209632615530966e+00 -1.790160571503984954e+01 2.417869607862446202e+01 3.853073641129509497e+01 7.168202305457515244e+00 -3.002843652934229368e+01 -2.447780251441686161e+01 1.808161208739970505e+01 -6.905885033374209669e+00 -2.386031204244320070e-03 -1.804263897131463779e+01 -1.908501302244882325e+01
0 1.804222070518292398e+01 7.531825293717263614e-01 -2.464099349916063986e+01 1.265705843019870436e+01 2.643506605271760179e+01 9.641828596546181629e+00 -2.723639987098570714e+01 -2.546375450652764272e+01 1.145097873792768262e+01 -1.672855741607012803e+01 -8.595971575657438635e+00 -2.335082928735408814e+01 -1.172830548347006818e+01
0 1.760951353888648541e+01 -4.470934204504009024e+00 -1.617678785907123284e+01 2.019551847657982435e+01 3.177123857484983560e+01 2.436001673058026995e+01 -3.414039362732196281e+01 -2.997584957939966799e+01 1.817903951663101481e+01 -1.715581867186508447e+01 3.196690385775152077e+00 -2.000042823670718661e+01 -1.402544258847076186e+01
0 1.562483812451236709e+01 -9.521437100931766651e+00 -1.046596802895829903e+01 9.795614926280540757e+00 1.586243332432689179e+01 1.939270345030571363e+01 -3.018264196989959913e+01 -2.544959221615947342e+01 2.069310565319165818e+01 -1.689566390321314060e+01 4.829145676917087071e-01 -6.656775872539501648e+00 -1.080480385218299944e+01
0 1.561263040470062613e+01 -1.480918951547418771e+01 -9.058465114429319343e+00 2.941378879854169170e+01 4.614896154762421077e+01 1.551867367191608338e+01 -2.919689932028488855e+01 -2.375776052871049160e+01 3.902245042203321912e+00 -7.171110703156416299e+00 1.842171494936633991e+01 -2.596605717681349645e+01 -2.651489872713318263e+01
0 1.521648854227644065e+01 -1.249593839057519595e+01 -7.801712392406135343e+00 2.249658472100772499e+01 4.373155182673712460e+01 2.282166552957655270e+01 -1.304953103327609121e+01 -2.265385596069111784e+01 -5.242121729414978226e+00 -6.902730557373097042e+00 1.555609327231412431e+00 -2.443979829024923589e+01 -1.839366718802880030e+01
0 1.461206894138487122e+01 -1.531471630799967976e+01 -5.972889329253573187e+00 1.329110905522329134e+01 3.473051100540214264e+01 2.521743649102759832e+01 -6.816241717889036877e+00 -1.471657255971785716e+01 1.500102901520681975e+01 1.193826028599746003e+01 1.735657537971853870e+01 -1.765354606050565067e+01 -1.156895614386882976e+01
0 1.424353090945428946e+01 -1.361093366437753360e+01 -3.663582271129156798e+00 8.464728347055054059e+00 3.240877875165592314e+01 1.839105239504127098e+01 -1.539411801705394822e+01 -2.118586638795803623e+01 1.006572740918677988e+00 4.251332825426963336e-01 -1.326476677772740587e+00 -2.054975661472296622e+01 -1.285464066730690114e+01
0 1.392850659398095559e+01 -1.908096827220258618e+01 -9.925030326946078674e+00 5.354668921657889769e+00 2.878979612961928325e+01 2.237674513500846629e+01 1.996822913551954848e+00 -6.638096211898297128e+00 1.285489878034866074e+01 1.856263556979391538e+01 1.815079324411885509e+01 -6.509294660128565724e+00 -7.950609783168605560e+00
0 1.396734452668947668e+01 -1.997928357549430345e+01 -1.391086215944596027e+01 1.945919430233128633e+00 2.598411859264015789e+01 1.466112101013468205e+01 -7.444068330081850260e-02 -1.448616561029412075e+01 -6.318798090620079577e+00 6.133544395432788399e+00 5.157310921140799920e+00 -2.006150822939404321e+01 -1.908805933153582757e+01
0 1.327979325918081521e+01 -1.896888926059218150e+01 -3.699518924481591586e+00 -2.368717700754651379e+00 2.281679408189755875e+01 1.699407820654966983e+01 9.172728500030867593e+00 -7.651395252770000432e+00 -7.476960367624097437e+00 -3.813332419038549581e+00 1.135896447794584141e+01 -3.991159423977939547e+00 -1.559152949069441796e+01
0 1.324392236975526593e+01 -2.480044410940218214e+01 -8.479228378677481359e+00 -6.063825955486778163e+00 1.351975532810143399e+01 9.911913114771827793e+00 -1.040880080897224325e+01 -1.507088608542910002e+01 -8.784924575646717304e-02 -1.520237064556773099e+00 -9.176312579188675045e+00 -1.738987295440042402e+01 -2.036059275661265389e+01
0 1.319720372956583354e+01 -2.260087364517955422e+01 3.258864303374042315e+00 -9.736783754785929279e-01 1.355792402529207230e+01 1.750011479335192988e+01 6.875714518805692066e+00 -7.272240534555684199e+00 -1.026464466912803797e+00 3.259873363750323438e+00 7.040104544227049566e+00 -3.810228792419627197e+00 1.718258695702574057e+00
0 1.354152485208931189e+01 -2.520712731152332609e+01 2.880535163643349605e+00 1.470636438283150493e+00 5.352033184852533765e+00 2.734719208895328535e+01 6.386551259424130933e+00 -1.582903640036773085e+00 1.384114020236329345e+01 5.310981106817379782e+00 1.657800079662585446e+01 -4.232130373065113638e+00 -8.282231920814380643e+00
0 1.323047782560727015e+01 -2.356687750028174833e+01 3.451784012405203050e+00 -6.636969123415963345e-01 1.872601447820092746e+00 1.494377908599154026e+01 1.068278816263011244e+01 -5.069898867778398710e+00 4.800871320708102047e-02 8.950408235061727780e+00 1.274938436604551306e+01 8.139899150360166757e+00 3.680463489791570009e+00
0 1.319591948686720961e+01 -2.638308869161496162e+01 5.378379411843645208e+00 1.336572618458223616e+00 7.885567928994527964e-01 9.278509805325041881e+00 7.927119035956855519e+00 4.829871789848700914e+00 8.272269762661032644e+00 5.787577490565625621e-02 9.162427482389638556e+00 1.192046791295182473e+01 9.843719554973690222e+00
0 1.316472296492674410e+01 -2.526001958071347531e+01 5.382023803554615959e+00 3.706778450765302879e-01 4.200441259051940435e+00 6.349706801714209981e+00 1.673167182499984307e+00 3.753517311459306338e+00 1.541190394701072774e+00 -5.276121104903567449e+00 -2.386375542987981380e+00 -8.715141649905341126e+00 -5.395095825527387312e+00
0 1.318724003800436861e+01 -2.822820093763454707e+01 3.355744021239146946e+00 -6.825942678878846870e+00 -7.439448893948003017e-01 -1.949278262891183777e+00 -1.130934631117798617e+01 -1.386843009056887865e+01 -1.225246502949675609e+01 -1.034552919456130837e+01 -1.015490510707191874e+01 -1.666982609977956997e+01 -1.954806512043425570e+01
0 1.322601477093278355e+01 -2.860586348524969935e+01 3.626759951206678600e+00 -1.065581317543245365e+00 1.396447271447948779e+00 4.077563840894282698e+00 4.857601525015135202e+00 -3.104079289090679428e+00 3.435974714352549864e+00 1.475006767638555649e+00 3.549614209812522736e-01 -3.292037830695609735e+00 -4.281608882614818867e+00
0 1.311848285252233737e+01 -2.828184984605350394e+01 1.924351843625579983e+00 -2.124747970562780530e+00 6.544138966752571784e-01 -2.308177899828451007e+00 -3.809105244663991918e+00 -4.139470449125917995e+00 -7.347861397939016159e-01 -2.393983979904454884e+00 -2.731299174255755080e+00 -1.497662709833941896e+01 -5.242736157251370877e+00
0 1.302788093902858080e+01 -2.863556340505219922e+01 3.538771392289612461e+00 1.270859124799995632e+00 3.932947145115174958e+00 3.151004972478475441e+00 -3.060105056260254419e-01 -1.718979039179304724e+00 1.279175310138555055e+01 1.162677981113279735e+01 6.551834739277762054e+00 5.191769726366219473e+00 8.020252140733660440e+00
0 1.318841669866376876e+01 -2.805806177138401480e+01 5.689838349809673623e+00 -3.549782239170436338e+00 2.449943383065273927e+00 1.746207737515350633e+00 1.523221180511502659e+01 1.809511005799724614e+01 2.357460188746504315e+01 2.161176912621589707e+01 1.477752056495737776e+01 5.080855455790627140e+00 7.092238495874151560e+00
0 1.298092658022591017e+01 -2.585756512532530138e+01 3.390454154150007948e+00 -3.784318797493644748e+00 -1.489271040060470730e+00 2.099049464592828429e-01 1.249534249431034638e+01 6.440982087246690746e+00 1.011353637722152676e+01 3.146183253329442042e+00 2.469830326453711145e+00 6.544086182061745305e+00 3.368781010753292837e-01
0 1.313257688481162866e+01 -2.597097505876944723e+01 7.269468940291112347e+00 4.244208914472801908e+00 8.884918159797743797e+00 4.508201029413648087e+00 1.229359615224028168e+01 6.156807736465179204e+00 1.747810569043378237e+01 1.049904722124602507e+01 9.209357170448779328e+00 5.489021771549102091e+00 5.367759475086208987e+00
0 1.306323820697262050e+01 -2.517578303272549078e+01 6.327036359363003015e+00 2.502304015110274338e-01 2.313755912065554643e+00 5.872017916248837288e+00 9.558229434530398194e+00 3.210075592529975985e+00 1.654464038878596455e+01 1.430310273486146500e+01 1.567980755349486444e+01 9.452560515406426944e+00 7.459232066157084340e+00
0 1.313910980386414629e+01 -2.552609465707116954e+01 8.075012538578612009e+00 1.603682472092728739e+00 3.905907266731114102e+00 4.064213169601424092e+00 4.865690209127623511e+00 1.527339599427254280e+00 3.046025865071993799e+00 -8.618017607630182653e+00 -7.509119613791221504e+00 -7.433814978930694650e+00 -2.903868785435497618e-02
0 1.306552409526410763e+01 -2.403250207388996174e+01 6.129518736650729771e+00 -2.873880893842446493e+00 -1.556403895449955721e+00 -1.372405175669422661e+00 8.003460927200117814e-01 -2.452527820341581677e+00 3.733957673089830287e+00 -2.529866874316120562e+00 2.776289099538870264e+00 -8.713370472297483627e-01 -1.618084510921937724e+00
0 1.336631896437379119e+01 -2.736444290259996848e+01 6.308558205580531819e+00 -6.416420744361506223e-01 3.308176194320333607e+00 1.470705805143213141e+00 5.910796706304902948e+00 2.363050315567527537e+00 6.305372902557355275e+00 7.205200478834676403e+00 1.603420383472926858e+01 1.279230034381327030e+01 1.142889472169372311e+01
0 1.308248025433744210e+01 -2.546587947189819801e+01 7.036094062642203717e+00 6.666644260080619722e-01 1.676267424490422764e+00 -1.695268596662422578e-01 8.047966842658501818e+00 8.103141696817457884e+00 9.056718723750782019e+00 1.531866794157453748e+00 -1.347769660013345083e+00 6.054199638789962146e-01 7.454048290720121095e+00
0 1.303700799736359173e+01 -2.610830854017236646e+01 7.417366998196875727e+00 -2.810648387051996266e+00 -1.213032915821563806e+00 -4.853758738492576670e-03 5.689871418501790679e+00 3.647491206373282058e+00 1.183848980155168640e+01 1.023127527807223203e+01 1.379710820981050468e+01 9.073765933598163969e+00 3.945609292140005997e-01
0 1.311016948542547489e+01 -2.409154367707093414e+01 4.009304960812277940e+00 -5.975121091538668772e+00 -4.382565008334398549e+00 -1.340721148445012556e+00 4.785777300363458941e+00 2.547590926196287686e+00 8.688692217715827226e+00 7.048335175995777746e+00 1.139552275359176470e+00 1.302873416807996509e+00 8.193499435408382325e+00
0 1.317554381329125945e+01 -2.080622997044671152e+01 1.096627346556308069e+01 9.803693929157190068e-01 5.820528750780804561e-01 -1.149066576924521188e+00 -3.755318534449970436e+00 -1.302216505748217346e+00 5.549193087374425737e+00 -5.811375786276592237e+00 7.576795781864716917e-01 1.125338686077227646e+00 1.071418396837124654e+01
0 1.323194387933502014e+01 -2.365840371975468059e+01 9.795170011023122569e+00 7.054135161334288640e+00 1.657920098410704757e+00 -1.446172670257066528e+00 7.655762220510173854e+00 -7.912836893938235416e-01 -1.062436596901467301e+00 -6.051895913787220804e-01 7.355994309092409367e+00 5.631425712661527250e+00 8.330604960463654507e+00
0 1.320861858789630539e+01 -2.786537152976604403e+01 5.110746242118313631e+00 -2.280065683139547605e+00 -2.001306643753623327e+00 2.619768560402214064e+00 9.126035400037258327e+00 4.816999048350201207e+00 1.250173573033942986e+01 9.496762064787700908e+00 1.000594778729664647e+01 8.948452194781252089e+00 1.245127862509868244e+01
0 1.309889075101413347e+01 -2.502322747480159748e+01 5.074733764664502544e+00 -2.845917119376765170e-01 2.673882402264334823e-01 2.277921222471174456e+00 1.534696715263279643e+01 1.211747366896740452e+01 1.320969797072961605e+01 5.364834786055226346e+00 4.775914900449785283e-01 -1.563142486406642995e+00 1.690986600073997925e+00
0 1.301151076118777894e+01 -2.504719333237319390e+01 4.028685599713652365e+00 -6.709710518415972214e-01 2.854006956943304640e+00 6.226089977947466991e+00 1.246736540663880710e+01 -4.396886219442537880e-01 4.548334864426490043e+00 1.410846161455076908e+00 3.337589040760368331e+00 5.278566780803185310e+00 6.438333232896711777e+00
0 1.305681870730569294e+01 -2.811194590771606272e+01 6.625008521761996949e-01 -3.496321500167931529e+00 2.040097609369730502e+00 1.066780583860125198e+01 5.351194876882577667e+00 -8.117914417247938275e+00 1.946776135599565860e+00 6.124747866848635702e+00 7.997432088943657646e+00 8.687798902903189457e+00 1.735527829101070552e+01
0 1.312322254358487328e+01 -2.688894236082808931e+01 2.852352858645160527e+00 -5.074267297035248703e+00 -4.385758424621129414e+00 -1.200770144699183417e+00 -6.244496221289720594e+00 -8.087242698135623797e+00 6.749711299017250532e+00 3.047990179571758773e+00 5.009622889376384336e+00 8.211051040326653450e+00 1.700744556854533585e+01
0 1.324203114271711712e+01 -2.815996067598473118e+01 6.096446042457162484e+00 4.011605684438763197e-01 -1.398137587501524282e+00 -9.213595096371193449e+00 -7.255288786588547367e+00 -2.233294631979902078e+00 8.701618126436230227e+00 -1.364712077958599501e+00 6.691247847158201090e+00 6.617540538245235027e+00 8.485321253655508045e+00
0 1.300730529124710877e+01 -2.699459343140217271e+01 1.046807213804092918e+00 -6.693753197824976908e+00 -5.574003648164917557e+00 -1.149548075862500518e+01 -1.002777164945431210e+01 -1.354090452742504525e+01 1.565008900979491191e+00 -5.369174820075423682e+00 -3.453997497416830154e+00 -5.097754611793313018e+00 -4.615469772394132697e+00
0 1.315669904753681330e+01 -2.538351070581315838e+01 5.800761212992520122e+00 3.555909456444503736e-01 7.049228277037959067e+00 6.496106857701896331e+00 5.355899013904591222e+00 -4.945747610012677598e+00 5.049397648574940334e+00 6.347578916050302666e+00 1.889013899977994271e+01 9.962498343887727259e+00 1.471100235258044719e+01
0 1.305518938307991483e+01 -2.617986709693945357e+01 5.597790357827044261e+00 -4.064886542647369261e+00 -5.229165724633898726e+00 3.687432219711856529e+00 7.695508088800711910e+00 -3.000174907314884232e-01 5.498680618275772147e+00 -1.002976304940643437e-01 1.869829923002858552e+00 -2.139899675081497143e+00 1.928935584330024877e+00
0 1.310488475255593954e+01 -2.888315569962049167e+01 4.219738888238803831e+00 4.556574434823705555e-02 7.909541497007863242e+00 1.457556181485918145e+01 6.258912974853612532e+00 8.115238740385816385e+00 1.432428816235600522e+01 3.989327141554311229e+00 2.383033990024542526e+00 1.120117916802825686e+00 2.114658196574181304e+00
0 1.321777720205112061e+01 -2.518752865911392291e+01 7.778862331945707531e+00 -3.922525537388911854e+00 1.271301696097184131e+00 7.624246777650514062e+00 1.223755534225616337e+01 6.664165468647985868e+00 1.056518580784266526e+01 8.487178034863521736e-01 8.680711079208286662e+00 4.819044890211183763e+00 7.022797191174700693e+00
0 1.320653622192752330e+01 -2.962222370705750052e+01 6.747950845775536610e-01 -8.579338226150612812e+00 2.709577941545830981e-01 -4.605694550201481441e+00 8.096088181818206664e+00 1.401149175190580642e+01 1.324179783928326870e+01 9.457341828978634624e+00 1.081959017199615403e+01 2.096335717352192773e+01 1.378864642202712254e+01
0 1.311002507039530940e+01 -2.553909599492514815e+01 9.321505908284336783e+00 3.817017731990588469e+00 5.079458126814222041e+00 8.955322397752253138e+00 8.429366583313166572e+00 8.706537771883537502e+00 2.132384090253739117e+01 1.347748168965080140e+01 1.207499322078112769e+01 6.202360548633707893e+00 1.039829750764429583e+01
0 1.312096568405816654e+01 -2.475610728206198274e+01 6.842846915085172732e+00 -2.848371760963108290e+00 -6.024938974483445620e+00 -6.701475485820294509e+00 3.040552092631452652e+00 -2.944806859686043832e-01 1.298928338235116620e+01 4.669790748702324912e+00 1.120687427014657800e+01 7.041186755813237497e+00 8.834366433214604797e+00
0 1.322866876233045197e+01 -3.027844052965882682e+01 1.195905114025863858e+00 -7.783828039478941641e+00 -3.631656325652974360e+00 -4.135732189406952308e+00 -1.094062251294248167e+00 -5.707706692351626643e+00 1.023909520987639654e+00 -2.533873732864860145e-02 3.722184169706700185e+00 6.760392907396221673e+00 1.118227867223444427e+01
0 1.326790400049886642e+01 -2.632765358824312685e+01 6.696920231180938821e+00 -5.353360710073732376e-01 4.447758060042410477e+00 3.067586978573475509e+00 9.652133210953900644e+00 5.042527457699118365e+00 1.356903597160566477e+01 6.703731619258507024e+00 4.911065791962665905e+00 4.138603507152511796e+00 7.205741613902281184e-01
0 1.319569619086009382e+01 -2.668260277595128471e+01 5.307314145603434952e+00 -2.663015655456424380e+00 3.301685010092662687e+00 2.754023261926505484e+00 6.442654590402973724e+00 1.570286837323570328e+00 1.479190364577552685e+01 1.686338810667797006e+01 2.191965575042995695e+01 1.210933655820595689e+01 5.592711023350246613e+00
0 1.315646503703453796e+01 -2.428590225420676418e+01 1.012143409669480221e+01 3.734615359479014352e+00 8.730836218662242132e+00 8.526662518244535249e+00 3.282545385158142981e+00 3.513679354568991720e+00 1.039720734129689994e+01 1.023432096638250322e+01 9.723529356387169642e+00 -1.443529940023076108e-01 -4.000703389972755986e+00
0 1.312155020112391135e+01 -2.857363386531407556e+01 1.295048911116710277e+00 -5.274415854353706301e+00 -1.917992289128905625e+00 6.858267594530285116e+00 1.514363841516516729e+01 6.841708488325698667e+00 6.030167860227821031e+00 -5.522865029852835894e-01 1.869236864437656909e+00 1.057480164409312806e+01 1.123765941329198625e+01
0 1.320856504647622209e+01 -2.766923295749670331e+01 4.470344435134856020e+00 -1.148548629400765853e+00 3.416944385277822960e+00 7.087791079252150794e+00 7.246410136718854922e+00 -1.841146967034413606e+00 8.268136732023362967e+00 1.456491022354942988e+00 3.969289539035965486e+00 2.414982662547097814e+00 3.109969530856321107e+00
0 1.297093934473210197e+01 -2.520475505322476906e+01 5.074239172900043116e+00 9.632785323946060560e-03 4.478580859359366784e+00 2.784633893259210513e+00 1.390227406065272220e+01 9.492331694941375630e+00 1.639429343844518172e+01 1.065713484351405249e+01 7.669086934363968489e+00 1.063343547629022723e+01 7.612303468978101506e+00
0 1.308256764398410787e+01 -2.507281707729484665e+01 8.764124150011245007e+00 -1.299778495387950761e+00 4.333955417954086786e-01 -1.677365911746739435e+00 5.946166522538026911e+00 1.146768936459617549e+01 1.082109720825367560e+01 -1.698567680905820887e-01 8.561389895434132313e+00 1.024364001083068842e+01 6.457717226273095079e+00
0 1.297831133036136109e+01 -2.663310617327282870e+01 4.664132066624433470e+00 2.811146011965111047e-01 1.434283090233216429e+00 2.569881774737232671e+00 3.191519786595282238e+00 1.046743910405855571e+00 4.283813414192268354e+00 -2.283264523270655211e+00 3.224365233720802859e+00 1.862534557987642447e+00 6.059281064317009857e+00
0 1.314494732720904580e+01 -2.478425076936862226e+01 8.347561274357671479e+00 2.328295060894168822e-01 5.170851519922408102e+00 5.758704621692447567e+00 1.004394719667879343e+01 5.774319590134691538e+00 1.825447710711343774e+01 1.891650033896952721e+01 8.323954756359333018e+00 2.568492509819222391e+00 5.540207885617949302e+00
0 1.331988076238035212e+01 -3.012928190203734857e+01 2.076990598772538554e+00 -4.830013590019849090e+00 1.034023572501678645e+00 5.323576145587079367e+00 1.382295269681779892e+01 1.160237230691872234e+01 1.935593886464804214e+01 1.645506964134805727e+01 1.329142103226811500e+01 7.403903659364143408e+00 6.107213267569381543e+00
0 1.315357073499847296e+01 -2.930576773694638959e+01 1.311828415995340613e+00 -8.303142151367048029e+00 -2.723224388569203125e+00 -4.403058752169480283e-01 -1.219368049508396945e+00 -5.805732648119048989e+00 2.181736680063165235e+00 -6.368512320087820200e+00 -6.464063449405156980e+00 -5.877346926817021533e+00 1.187162280141818371e+01
0 1.320799938796541184e+01 -2.347961702194341882e+01 9.417948057293203945e+00 1.894483275874107697e+00 6.135274844801129390e+00 6.632294494716882483e+00 5.819040743073628619e+00 2.240450805956025082e+00 1.206301456903822533e+01 4.528195165699862912e+00 9.232146728503142441e+00 8.153430058087225873e+00 6.885560977704657581e+00
0 1.313874985786336325e+01 -2.782861812425791470e+01 2.500656872171582723e+00 -5.733234774650956211e+00 1.587941154585817694e-01 -2.142344810852839121e+00 4.042000857828653260e+00 -5.185021991432188671e+00 1.005666209481222317e+01 3.051570077128702874e+00 4.711738804948204518e+00 4.615942784092471385e+00 7.229246588142554941e+00
0 1.317367399981124088e+01 -2.517175837727931764e+01 5.621898957747385239e+00 -2.650396536278596837e+00 1.332693436781144491e+00 3.915920152237193808e+00 7.300598639623565589e+00 3.254300518165559541e+00 1.798950900075055515e+01 9.025270226304696664e+00 9.397733420085074840e+00 8.704383687561405125e+00 1.020365220387074245e+01
0 1.315319364972485872e+01 -2.976396115515000318e+01 1.557839052320160844e+00 -6.692253225347549517e+00 -2.525564295030812367e+00 -2.054528318285584909e+00 3.023001796707450950e+00 1.319512217392760078e+01 1.676524186528590121e+01 9.885938761691432930e+00 1.209456128485325621e+01 7.023655265086247823e+00 5.351207185437266034e+00
0 1.311071448173792575e+01 -2.833061841632335032e+01 4.274053225448924742e+00 -6.940595065285763976e-01 6.154979009854481653e+00 8.374692579764179357e+00 1.140125602395681526e+01 6.408533405559055929e+00 6.732402503803053051e+00 -2.693354481122338662e+00 -3.854038145334558241e+00 -2.241090055244960855e+00 7.121410355421974536e+00
0 1.322010991364829025e+01 -2.540851032231209672e+01 5.424776465174847573e+00 -5.083017545697304129e+00 1.786987781578520895e+00 6.964779474597682984e+00 1.444925424704115891e+01 1.539878778041373586e+01 1.522558874519125638e+01 6.210109209090397542e+00 1.448282822967257033e+01 1.307172692355942090e+01 6.245141554246867344e+00
0 1.301584544720236458e+01 -2.821184968644528368e+01 1.326616784138326954e+00 -2.000848043732442516e+00 1.708987738084255303e+00 4.848614373523132848e+00 1.081057299798360027e+01 -2.403325482504973465e+00 1.514110607627017213e-01 3.565659866166978720e+00 1.229523274676274314e+00 6.106872237071992338e+00 9.123315559848114376e+00
0 1.316097906055853350e+01 -2.797847818979889212e+01 5.319680426012487473e+00 3.570261285942658014e-01 6.843387271027233432e+00 1.020640300592669725e+01 1.119807230149740818e+01 5.410665689682117474e+00 9.920325655669124387e+00 3.394466208529487439e+00 2.598531430301930456e+00 9.970907370691486915e-02 1.778012612835289774e+00
0 1.326802858327055290e+01 -2.614409247639878231e+01 4.046219852463789124e+00 -6.441677172410358310e+00 -6.663162561554212271e-01 2.320211090423467848e+00 7.716338777655344927e-01 -1.985414236490466555e+00 1.464993090079592442e+01 4.452427267905772368e+00 5.858111037452574665e-01 2.082886860793768946e+00 -1.007993341573423463e+00
0 1.306821591940232530e+01 -2.696109381503727676e+01 4.771559933614842208e+00 -3.792972751129171538e+00 4.889834165247778919e-01 8.348417103864433031e+00 1.053572374220952668e+01 1.425764851754025009e-01 9.308076843709562453e+00 1.593450558251548976e+01 6.817047865921789018e+00 -1.422851544640047372e+00 6.063910413266239807e+00
0 1.327835803435137052e+01 -2.716525956764468930e+01 8.984453216684901378e+00 -1.052273080234434222e+00 3.051671710093635692e+00 7.575201265858861888e+00 1.274832105858243025e+01 3.278184853901799478e+00 2.042390769221264613e+00 2.662633257887152993e+00 9.758609870032088907e+00 1.628540071038941939e+00 8.027384419992683817e+00
0 1.324565174527975842e+01 -2.937652211366447830e+01 3.300470862021400276e+00 -1.862079782958356189e+00 4.107081954173890104e+00 7.709345458727877798e+00 1.208419926634498331e+01 6.775120719073299824e+00 6.539522938501399985e+00 -8.549245426875499376e+00 -1.571461687354087644e+00 -7.794774330630960257e-01 4.205641410614302522e+00
0 1.318563622438720273e+01 -2.993565175537144896e+01 8.740485236556366777e-01 -8.816191573974309748e+00 -1.039340823868980834e+01 -8.608549598126359115e+00 -6.469004330662214031e+00 -8.143668265225773695e+00 1.948182789922673797e+00 -4.249539719821699535e+00 -4.994294829695717475e+00 -3.417137396998164434e+00 -5.967777219093867158e-01
0 1.310232382256315198e+01 -3.053443323226542105e+01 2.641241656354185174e+00 -2.055184588817110747e+00 -2.853288008729235603e-01 3.216120814679629958e-01 6.605558277766963471e+00 2.874622307171904367e+00 2.760927542454206129e+00 -9.372780442350030494e-01 -9.867055367095602492e+00 1.095690911393044420e+00 3.163570159179040164e+00
0 1.303955837274734542e+01 -2.888118195654723408e+01 3.214715793382590725e+00 -2.450821366014575897e+00 2.612912394955313911e+00 3.477685798638820991e+00 6.843975416553477409e+00 1.310298135875258829e+01 2.062659758144280175e+01 1.155806813205231265e+01 7.416779768993052357e+00 4.816684247835914867e+00 3.730047269555411216e+00
0 1.305333765504827426e+01 -2.721450157334585640e+01 7.641935686681914142e+00 -1.111339105579328912e+00 2.671861725946790500e+00 6.462120368575143381e+00 7.456239292208391767e+00 4.727117906052582530e-01 1.110271454706663086e+01 1.232674851650071446e+01 6.588376640540193563e+00 4.004804437312488474e+00 6.779964891903336621e+00
0 1.314546542508448645e+01 -2.858387522530833635e+01 5.211138139195814034e+00 -3.723656319486511990e+00 3.072193246687873192e+00 7.992935103861492863e+00 1.121074046513615485e+01 4.859918556409086321e+00 1.664929251977569891e+01 1.149368696164670745e+01 5.441420206610642296e+00 1.126002187444372105e+01 9.122700216298269993e+00
0 1.312174654404705620e+01 -2.772040237954187347e+01 7.102404105753666208e+00 -3.813471901544204012e+00 -2.090459791495950181e+00 1.895555639573491380e+00 6.969624480470977268e+00 1.401826336457747901e+00 1.062505201938150678e+00 -2.997022463314712226e+00 2.574619285742037356e+00 -1.885217570306028323e+00 5.088718721852482751e+00
0 1.316974382281150469e+01 -2.732789175103449608e+01 3.646171077261495697e+00 -1.842181984979218701e+00 1.001308594234054716e+00 9.591173500197124335e-01 3.009806097894864862e+00 -4.885578366028244801e+00 7.607740324704252544e+00 -3.742994051070062334e+00 -5.595794993170499332e+00 -1.495475138124911574e+01 -2.476549520996270903e+00
0 1.322474963262762593e+01 -3.027002168767223367e+01 7.092982608611205775e-01 -4.060728805170335853e+00 3.317258999588228008e+00 3.491190437033508065e+00 5.156122118300393575e-01 -4.080056000976781228e+00 8.654244822325003028e+00 2.950058753479186446e+00 3.734147128463930265e+00 -5.718433837941212516e+00 -2.060470310246696801e+00
0 1.314866095208011032e+01 -2.623870941255188072e+01 8.245562440607066890e+00 2.173941135202505370e-01 -2.352985244559689271e+00 -2.896171017794350266e+00 6.700675549104000872e+00 7.303199341314610571e+00 2.030117787800351792e+01 1.300080220743572212e+01 9.291954377348071503e+00 6.285735261775247107e-01 1.499815291102210013e+00
0 1.303914966096786010e+01 -2.659321502501697054e+01 7.445434779902468492e+00 7.543025627885429962e+00 5.874376457715408506e+00 -1.507989717384081163e-01 9.936559585658628180e+00 5.474140507902085950e+00 3.622338746437457679e+00 6.949788103346011825e-01 -2.450074349482547209e+00 -2.072471594525576499e+00 6.318577168458562321e-01
0 1.320371111662179331e+01 -2.939707068059263761e+01 5.419885882485800721e+00 -1.740851241479038913e+00 -1.491888884913942004e+00 2.100718219962511402e+00 1.268116583154592014e+01 4.527486190932828336e+00 1.421090255027295512e+01 8.206802820736498916e+00 8.251720529368153478e+00 -1.368645175385481805e+00 1.798721170421651250e+00
0 1.312625888710574706e+01 -2.671462950287180149e+01 6.977697632804447103e+00 1.436286138524536460e+00 -3.130740818754785604e+00 1.765279188050243864e+00 1.840085536007487121e+01 1.186569879329613642e+01 1.528761629535964950e+01 7.500978707939683687e+00 -1.976934281790769798e+00 -2.784132358106029770e+00 2.156846689878374246e+00
0 1.319509006199894152e+01 -2.658420141100312506e+01 3.884862665876477994e+00 -2.678764094477207092e+00 9.030457586936675440e+00 8.753995333623139530e+00 4.285732362380660021e+00 2.976018716826564159e+00 1.440742240578360445e+01 9.597504674057788066e+00 -4.811391406185141051e+00 -8.502923197946040901e+00 -2.202447017924253458e+00
0 1.316767397347421209e+01 -2.611100865997493869e+01 7.458280279210973696e+00 -3.546606429652959580e+00 2.549492563931263334e+00 1.498623053962565166e+01 1.376998244748124200e+01 1.130266488169605665e+01 2.691759583906492992e+01 1.425189682111533074e+01 6.645984918487490845e+00 3.109886757517726252e+00 5.742103705740913888e+00
0 1.301670205177725137e+01 -2.594791923439880321e+01 5.199458689567683756e+00 -1.011278140642206447e+00 5.113822267017290812e+00 5.901486011116241492e-01 3.755181152808009792e-01 -5.566337238043171709e+00 3.166581091224026867e+00 9.888145138930571676e+00 7.369806675928486150e+00 4.002372415220579960e+00 1.063372828728005093e+00
0 1.304268924889981385e+01 -2.622231298282560985e+01 2.861101014754529270e+00 -2.348609378515004842e+00 1.321340924369933445e+00 -4.524228412778173447e-01 8.298287191273406194e+00 1.482838989160960796e+00 2.796796603325316433e+00 1.178189052568878070e+00 3.587140765613372917e+00 -4.852087070964097748e+00 2.464094097643415360e+00
0 1.315097399517796894e+01 -2.852885364584991024e+01 5.264305086047973425e+00 2.036859639285818258e+00 4.988493702133226293e+00 -1.707474239261767557e-01 1.156632860481855474e+01 1.361634081139078667e+01 1.296900179595582436e+01 9.620024325252547470e+00 7.156039578590945638e+00 -1.172528725100124625e+00 -1.778951600931565125e+00
0 1.306604202876177290e+01 -2.923292238182446567e+01 -3.396990400243381503e-01 -3.847599254661688395e+00 1.745205896780312349e+00 -1.176048063846455216e+00 2.798987441598219217e+00 -1.692003911119494886e+00 8.143115050584974313e+00 1.890508511665869307e+00 7.951767737826167526e+00 7.910166403044451400e+00 4.713938121108986579e+00
0 1.321064938814876655e+01 -2.582363112279371009e+01 7.565407010073752936e+00 1.538328868302142327e+00 5.800550371895535129e+00 6.885353357269034191e+00 8.578406569915687285e+00 2.752466068752956296e+00 1.114435071346005302e+01 6.990349057856931836e+00 4.182046225931698835e+00 3.499394282884491503e+00 1.127546917965625672e+00
0 1.301761144919710311e+01 -3.286674212265391049e+01 -5.014965441025025505e+00 -1.305450812802861016e+01 -9.598424553058960029e+00 -3.544632417632002319e+00 3.386624176514306583e+00 -3.199655571517121544e+00 1.212846339922366745e+01 1.443296207164298472e+01 2.133989987591408166e+01 1.778106041600342735e+01 1.610027046905787529e+01
0 1.311840412145694934e+01 -2.524594195374170980e+01 8.657886851144604989e+00 -7.359469369473069511e-01 3.925435441491417432e+00 4.233187215351761346e+00 4.705776052020981481e+00 7.427682538291795034e+00 3.542220903586311476e+00 -2.038306004632399748e+00 4.708105785350864991e+00 -3.024531989201074467e+00 -9.286082785390716410e+00
0 1.313619046591918504e+01 -2.656455754653946855e+01 1.278792402012330909e+00 -5.631981115933465176e+00 -2.627056170138628577e+00 5.141237280199712600e+00 1.168502309981850296e+01 6.995597212960317002e+00 1.068444596391688428e+01 1.175352351233222681e+00 2.967973496550305512e+00 2.270212196382971115e+00 4.999857297424849634e+00
0 1.309313218041591576e+01 -2.604349739124073082e+01 6.776896997390702282e+00 2.066830682996489976e+00 1.033701055074578612e+01 7.407168609071090870e+00 5.713204356926979699e+00 8.140045227859253885e+00 1.464281464660642484e+01 5.967364400338130537e+00 1.178197159645518077e+01 5.372177819425740353e+00 6.740629311997617945e-01
0 1.309174333871740359e+01 -2.671631838698629480e+01 5.023650891141297592e+00 -1.834063274545086886e+00 3.137906476234559427e+00 1.102820093615059704e+01 7.961848277614569369e+00 9.824822958452051891e-01 1.424772544375037242e+01 4.836258170315929306e+00 8.464963271813292778e+00 3.907679579668522862e+00 4.587267771780473069e+00
0 1.321870218118994522e+01 -3.081001568233248378e+01 2.828512260603223805e+00 -1.813826592700343854e+00 -1.863971194207865612e+00 7.735839965997898915e+00 7.817065555573099012e+00 -7.351500504024472971e-01 5.785826753781092791e+00 -6.855034011635138036e+00 -2.413471612963177027e+00 -4.434108084478127765e+00 1.603629001140283394e+00
0 1.321666199561633270e+01 -3.026398318677800248e+01 -2.863243415145203752e+00 -7.058041387065578931e+00 1.300446276012277469e+00 1.489919815840495687e+01 1.550787038047723065e+01 1.395215693760063402e+01 2.481800808205480990e+01 1.256459267859176521e+01 7.440785591515544972e+00 -2.277555430346491327e+00 5.098696390155519786e+00
0 1.325850936533384150e+01 -2.539194236858648424e+01 4.845706462518807101e+00 -2.946970155530583391e+00 4.584039350505519472e+00 9.302298822151879421e+00 1.545545421251197737e+01 1.321651133290722413e+01 1.633584583940310964e+01 6.736309512286458911e+00 8.797962639401742280e+00 9.152745893485777495e-01 6.964092563114060219e+00
0 1.306498404070187647e+01 -2.647489930191525431e+01 3.787682672746223833e+00 -2.282577377222493986e+00 3.118481662337616367e+00 2.148654461592012677e+00 9.135641734967226313e+00 5.551058906439511276e+00 1.252495713043437675e+01 4.923114989112331585e+00 9.363808078643304000e+00 1.332106519992318816e+01 9.676764082425846070e+00
0 1.843659948661933967e+01 -4.967332118089412774e+01 2.667798237799874794e+00 4.364591023664869063e+00 -2.439017578024615318e+01 2.765255320172747489e+01 -1.774045178653838928e+00 -2.214552523746737123e+01 6.029104549177582761e+00 7.018550923313524592e+00 2.132559877835066509e+00 9.439828391544541120e+00 7.176691684457904508e+00
0 1.467917048445143280e+01 -3.349358164676908700e+01 5.301643563581010632e+00 6.123512872818225317e-01 -1.035869758247897110e+01 1.441182268846691450e+01 2.656080591099655219e+00 -6.225810500962987604e+00 1.787435239184911495e+01 8.537980509092654158e-01 -4.921578952224241910e+00 1.397183962547587655e+01 3.502597241068115430e+00
0 1.422789856145068654e+01 -3.132359308748143434e+01 8.130141409030805733e+00 8.469477549018778362e+00 -3.009442308958975687e+00 1.510923655410462807e+01 1.077199889796662902e+01 7.710666238049448395e+00 2.007906918105895500e+01 3.977306241245619045e+00 3.789316584333395355e+00 1.077006809149563260e+01 5.081032502951633667e+00
0 1.360021899489398400e+01 -2.856405033535553883e+01 3.565944903973669700e+00 -2.663534498941929840e+00 -7.474157521648868929e+00 9.242864057319314597e+00 7.486128543080289077e+00 5.709922327741019821e+00 2.108147851143326079e+01 2.945991649206694429e+00 3.039555506640171156e+00 7.947791052214673968e+00 8.708490357967246354e+00
0 1.331724313498728485e+01 -2.275254594364500704e+01 9.399353503994795744e+00 4.117799567414696327e+00 4.875303465481183096e+00 1.524617608104679434e+01 7.107680566395614186e+00 1.400847113822542678e+00 6.482077322440247258e+00 2.748680759970601351e+00 4.654851074004463740e+00 2.104622301033962639e+00 -2.289019419274772815e+00
0 1.336234826173033063e+01 -2.732633787835710493e+01 5.269449950638610325e+00 2.229687672413697364e+00 2.272368964205016884e+00 8.723488794149773184e+00 1.482895410032914896e+01 7.321935703176531973e+00 1.541668036948083120e+01 1.116724205801283709e+01 1.968940268125357917e+01 1.496193866124823835e+01 7.524428041070205353e+00
0 1.344745236494832064e+01 -2.748501569071738970e+01 6.778672375518480564e+00 -1.379690740674866412e+00 -1.454587940757081199e+00 8.144403840581134091e+00 1.015029645834922434e+01 9.790746798516848370e-01 1.131393795329273821e+01 1.233034622266314528e+01 1.219064088334089035e+01 5.127138170483640067e+00 1.484956007722887250e+01
0 1.313807351397151457e+01 -2.468495473933377582e+01 5.280045227952396836e+00 -9.533441395194326429e-01 2.959347765129366259e+00 2.092707627696528405e+00 4.578660250519893893e+00 -3.460625479885344635e+00 1.039865211365831854e+01 8.074686715480183352e+00 9.095588928696125564e+00 5.767663386441445050e-01 4.517585601407836826e+00
