0 1.404081716787846368e+01 -2.943293719800668029e+01 -2.018879742889438944e+00 7.738977420095515924e+00 -4.162274896479434716e+00 -7.114452511119080391e+00 2.191089199941492893e+01 -9.195610515259016182e+00 -4.425479890603222444e+00 1.830180360854430788e+01 1.936234946010882751e+00 -1.778573230752596768e+00 2.337385330792061211e+01
0 1.410470120545583583e+01 -2.718495773682187888e+01 1.456145412925712757e+00 1.371371011004353413e+01 -6.067139510282059334e+00 -5.574316714108788595e+00 2.266178530268097902e+01 -8.361117874937500360e+00 3.433159064031884311e-01 2.607025299598938162e+01 7.691386727834278680e+00 -6.634843567304931078e+00 1.402501491285068091e+01
0 1.377071487854246001e+01 -2.603577740313160049e+01 6.221571817033363594e+00 9.894822644266008993e+00 -3.993145374467305775e+00 -8.077303005916171230e+00 2.160074935539409324e+01 -8.338782123961212989e+00 -6.915686333223310278e+00 2.326074170517440010e+01 5.027385068259977885e+00 -7.014726216484436172e+00 6.213381487347092502e+00
0 1.386059280527870463e+01 -2.723695120317890073e+01 -1.372909111444408525e+00 2.618123864093388597e+00 -1.173991279687561118e+01 -1.613612577655090163e+01 1.968029400707370158e+01 -1.511562105664191691e+00 6.836085147395958295e-01 2.693417123640406174e+01 4.384250821400046405e+00 -1.335085629111859085e+01 2.423351609258117267e-01
0 1.389046972501389376e+01 -2.609555735494078377e+01 2.773195036566563410e+00 8.449877097490960054e+00 -3.010961987777885707e+00 -5.831332375588655914e+00 2.921314472126737982e+01 1.087160440544397977e+00 -3.796316083803010777e+00 1.697094894857760394e+01 1.167239938711621239e+00 -9.787738664105162911e+00 1.498809800510619539e+01
0 1.361328406019967474e+01 -2.974580178959469023e+01 -3.079303215910627500e+00 -6.709770181346066953e-02 -1.467913960102441173e+01 -1.632166196920561063e+01 1.164756607866380556e+01 -6.497205462385683639e+00 7.666267144401696321e+00 2.462535945956566863e+01 3.577138431740281455e+00 -1.123166010522536951e+01 1.570860509997483589e+01
0 1.380342227732041138e+01 -2.680282242403608350e+01 1.774680967514100649e+00 6.655288549616501292e+00 -4.144818533804620841e+00 -5.687205124804621370e+00 1.437351167544953867e+01 -5.356682909402987747e+00 -3.947077313273663179e+00 1.377341477729939534e+01 -5.728215341180145970e+00 -4.424996384123385695e+00 1.898097253135810902e+01
0 1.388372020400594131e+01 -2.722899760726163976e+01 3.666594303789843412e+00 9.877632681092240574e+00 2.503795976783449451e+00 -3.357716964289192862e+00 2.247298938138723301e+01 -4.957946610229796436e-01 -5.359221691442519031e+00 2.387568007410627757e+01 -6.192820383183574862e+00 -1.486542938968578120e+01 9.165489334975573499e+00
0 1.384171572715864507e+01 -2.579627871571170061e+01 5.958732087350459672e+00 1.055448962792821455e+01 -5.537861329819040002e+00 -9.552465666879442097e+00 2.060793574688486984e+01 1.707806414108825832e+00 6.455500192355718703e+00 2.646747030783817678e+01 -8.623176629812304705e-01 -8.898829282562065401e+00 2.045208316983130103e+01
0 1.365679348052081288e+01 -2.988800926429798821e+01 3.424539206889888998e+00 6.233594506949880376e+00 -2.791709441230185273e+00 -6.066927297271621500e-01 1.866335209413127671e+01 6.594953233640306056e-01 3.582352052119897046e+00 2.072948525691317201e+01 2.784931339388664995e+00 6.460082420423786331e+00 3.179554219423435413e+01
0 1.373144105281854443e+01 -2.767535832374028715e+01 2.695881414532484310e+00 3.480130016369519463e+00 -9.263464276074921955e+00 -2.673152409088092707e+00 2.118534265116204907e+01 -7.245643967290842369e-01 1.585384458953611242e+00 2.950377440225900472e+01 5.714653846696435835e+00 -5.792239506476573041e+00 1.609104895235165955e+01
0 1.365536196900679577e+01 -2.510444224349260622e+01 2.654941219001521358e+00 4.105681222615682024e+00 -3.500774529338698815e-01 -2.405179375198593039e+00 2.747544276001277552e+01 1.700360484632922997e+00 2.753951636845997530e+00 2.334595411629444328e+01 -3.382831432549764372e+00 -9.469481090507370524e+00 1.503091062471601091e+01
0 1.367147809477848597e+01 -2.706316403479351251e+01 3.352925162905940670e+00 7.105041805850682124e+00 5.954363103876264551e-01 2.330116777891308111e+00 3.103952668908902979e+01 5.549124028922790330e+00 8.343753941133719820e+00 1.843995395654498637e+01 7.353294010941550107e-01 -5.885266436895792097e+00 1.546143395764786455e+01
0 1.373690651232658055e+01 -2.281663503564956486e+01 6.479806003057365871e+00 1.161137081342783794e+01 2.838920817139480413e+00 -2.387370786383186338e+00 2.350724146147711480e+01 5.699684406710866513e-01 -3.550916348223003283e+00 2.033943083287996600e+01 -2.636531481177569081e+00 -5.121520154580883499e+00 2.074351132131843300e+01
0 1.358694978952892818e+01 -2.488090468148544687e+01 3.137937035728739943e+00 6.794315514855953531e+00 -9.753736951571155833e-01 -1.398331171876919798e+00 1.693332885670562860e+01 -2.589663918200386661e+00 -4.480902193670401878e+00 9.867882783204869668e+00 -2.616904104212471882e+00 5.086231624448123156e-01 9.872304077280425361e+00
0 1.353078781672131647e+01 -2.658523090641287112e+01 5.525305174860998925e+00 1.353862086027983658e+01 5.024658550493963816e+00 6.602643956801161451e+00 2.431858938221305877e+01 -9.304492974855267384e-01 -6.722645117738038634e-01 1.224737819695487673e+01 -2.047718398155033981e+00 -1.377601972390658513e+00 1.775614836827914189e+01
0 1.364168554678305689e+01 -3.057608195964365549e+01 -4.307673516378254241e+00 3.137194809213078805e+00 -2.142602599387962048e+00 5.505320763970194875e+00 3.304196831870959983e+01 5.579824343218529492e+00 3.805668735718512163e+00 2.676226525094740083e+01 4.507396038441831010e+00 -6.461459075826457621e+00 1.625397145232168938e+01
0 1.335651466382767616e+01 -2.851839934684986133e+01 2.659811390456522151e+00 1.240499073169925692e+00 -1.383247713036489523e+00 2.379328785113140388e+00 1.643937083622395434e+01 2.542154191585337841e+00 1.972636675806207274e+00 1.130008217359769951e+01 -4.648864009439179212e-01 -1.566879080825969162e+00 1.389596210754547556e+01
0 1.352133801940824753e+01 -2.776129416147271201e+01 2.271590399389995074e+00 2.663388579249890586e+00 -1.009949676076078440e+00 -2.860339974971391364e+00 1.747359915191864843e+01 1.742158958291681603e-01 4.545554851690840614e+00 1.334885650618720021e+01 -7.486040178435787729e-01 5.264925790326474564e-01 2.110093688389687117e+01
0 1.341157345000324597e+01 -2.419099587081596425e+01 6.996454208055998158e+00 9.227895819397195609e+00 4.772511764704395532e+00 5.904302901013496196e-01 1.696546814209535725e+01 9.576804569023389391e-01 4.587720350008362757e+00 1.276752778853690629e+01 1.264046586359363733e+00 -5.126094766632610877e+00 1.166285354480608305e+01
0 1.346720228471277991e+01 -2.861425500975562386e+01 2.109153710073883858e-01 3.372364841868869423e+00 -3.413859304573763076e+00 -1.917620747345772925e+00 1.667377602934029213e+01 1.821985664396810867e+00 -1.581909384427476084e+00 4.280617243738189970e+00 -9.674075032700510945e+00 -8.843821732043695150e+00 1.296016478914200576e+01
0 1.327647132456844759e+01 -2.737009738790639091e+01 1.283447554599617346e+00 -2.738006029265872776e+00 -4.137422694022053982e+00 -1.760307698057534731e+00 9.875333491502233940e+00 -6.815211513648477215e+00 8.506291176412009158e-02 1.393258564013227740e+01 5.681188720255466507e+00 -4.479726387312570779e+00 1.089880426557991200e+01
0 1.330758852929248981e+01 -2.900988562422244499e+01 2.579502098576708313e+00 3.872845437236918986e+00 3.497891106350086710e-01 1.007211870738597170e+01 2.378793245594943429e+01 4.691869109959551309e+00 1.082052265964284565e+01 2.364500091046729580e+01 9.934631155237129363e+00 -9.697662580794489173e+00 5.732321278941786780e+00
0 1.335035893926115591e+01 -2.836696174274088378e+01 1.989955664377469402e+00 -1.914546038032980402e-01 -5.704787018924434960e+00 -6.164231631210029150e+00 1.128044905539889520e+01 6.086343613469111347e+00 1.548478929931344616e+01 2.527323518368553934e+01 1.199439548517877974e+01 -2.570223254844083427e-01 4.555643608208423956e+00
0 1.318441815935295303e+01 -2.937384362030963558e+01 -1.291624492749008368e+00 6.741098812518312444e-01 1.837641894579742086e-01 8.009966863942539206e+00 2.656379562212257284e+01 1.191613834907906089e+01 1.893754123720614757e+01 3.386011946992920230e+01 2.468380126287659593e+01 8.016472003983434291e+00 1.323280433972213999e+01
0 1.335369456219299522e+01 -2.563110933907136868e+01 1.646784641329006815e+00 -1.720934926149429334e+00 -5.217757924326365426e+00 -5.098994766068432050e-01 1.627676748177615096e+01 -5.925002880763363677e-01 7.526169453739320225e+00 1.981399364957086817e+01 1.054846972536699923e+01 -3.446967474408994536e-01 1.411213158380785337e+01
0 1.340657170364690742e+01 -2.683031920856007346e+01 5.018799457385725304e+00 6.971485648199211127e+00 2.766901618041143429e+00 2.729309692095323037e+00 2.056494755347840808e+01 2.988736953757433756e+00 7.399544759185437748e+00 1.564860562874958561e+01 3.622092757255381379e+00 -4.660077299498227354e+00 1.185797859233677087e+01
0 1.337804142184313960e+01 -2.343296651005261566e+01 7.778919333493743871e+00 9.070057128168786065e+00 5.166330961709316938e+00 1.756532135507199888e+00 1.507166471570253385e+01 4.005235924072887421e+00 2.522939982693355621e+00 9.888170793386859003e+00 -1.049117233983311026e+00 -7.281695364343359955e+00 1.510432566760524864e+01
0 1.340682453748786251e+01 -2.945518287570855165e+01 4.629161536166693791e-01 4.500728725825810628e+00 -6.397982594622431129e-02 2.414899983772231806e+00 2.132913786689480062e+01 1.842357944792371305e-01 1.296639644886550702e+00 1.418941999497708117e+01 6.797095579454197178e+00 4.728813178937199879e+00 1.518694079906656746e+01
0 1.364833190436331734e+01 -2.955838501293816378e+01 2.809508399505069587e+00 1.054154074776892003e+01 4.785974080817066434e-01 1.517230935121884450e+00 1.984665997343411448e+01 3.028742861027148958e+00 8.622078416271200751e+00 2.009524713106826965e+01 -6.961530777928292002e-01 -6.484430273256242216e+00 6.626777009994353485e+00
0 1.337705658676285125e+01 -2.769209542788140865e+01 3.682020904314923904e+00 8.089776465449480369e+00 2.966669022988076332e+00 2.661476140584300154e+00 2.527810969979871558e+01 9.676897323632179138e+00 3.101152327386802021e+00 1.503268591539709753e+01 9.249090412858306465e+00 8.596240087911045435e+00 2.137923147695833848e+01
0 1.339239334497746903e+01 -3.041073082304435005e+01 -3.875960716773810155e+00 -2.057994745724470942e+00 -5.209948800328361607e+00 -5.548096023018069367e+00 1.051847569010955930e+01 -4.293049246054014390e+00 -7.118127329057780672e-01 1.641752380622514940e+00 -5.528546323965223941e+00 -5.844387762145453635e+00 8.792258458400707966e+00
0 1.362158817773235953e+01 -3.222539995133507063e+01 -1.051516029603571489e+00 7.860242875234089155e+00 -3.468602364270461091e+00 -6.025970032466647197e+00 3.285810883455148712e+01 1.710657511656222241e+01 5.932927474325452089e+00 1.368777648185043105e+01 1.110665582629379777e+01 -1.521436548333495509e+00 9.725059545689198615e+00
0 1.362210605169598310e+01 -2.626472251823131288e+01 3.539361550596479500e+00 1.325589920613796480e+01 7.283041294038927305e+00 3.058388616413705297e+00 1.855431299245514509e+01 2.407820273197939231e-01 -1.811221222213372117e+00 2.292026945551242534e+01 1.492236546129348795e+01 -2.885156595772959243e+00 1.218833096550909190e+01
0 1.361676226967677472e+01 -2.776676995969873829e+01 -1.827001811222582206e-01 5.735955995764428827e+00 -3.312169461594508757e+00 -6.684790558791971371e+00 2.060411259354933833e+01 2.362773561884809137e+00 -8.856718468564075408e+00 8.823785702214658855e+00 1.592320725756099797e+01 1.815555888279687835e+00 2.507094343345202958e+01
0 1.349331089135921147e+01 -2.391480854986165383e+01 3.041908996040263435e+00 1.358214139730776004e+01 8.667172316120725029e+00 -1.470068251383146229e+00 2.339699932971426222e+01 7.992856853164195030e+00 -5.054517795829284177e-01 2.069117404836859464e+01 6.869746155511396779e+00 -1.102960476613070284e+01 8.720770218685910180e+00
0 1.370564652338163114e+01 -3.118024904650372875e+01 -2.591013556455263878e+00 1.113157335993326313e+01 2.893812415992821574e+00 -2.611663003845262843e+00 2.471019901711668609e+01 5.572303440111683770e+00 -8.011137199252365448e+00 2.147167726474364002e+01 2.527818475997046122e+01 -2.916343990631546368e-01 1.906205845206111249e+01
0 1.358413193832027410e+01 -3.016080851600599999e+01 -1.679791374292737505e+00 8.318598415869942642e+00 -2.301814957070217549e+00 -6.766819967313183248e+00 2.622932089271282763e+01 9.241453370095888076e+00 -8.098263561888760620e+00 1.714531110208784170e+01 9.163553904256826144e+00 -8.137010882938813694e+00 1.337535704383156165e+01
0 1.345245838097415003e+01 -3.047915879820056873e+01 -6.338289062706720101e-01 1.107458061500730118e+01 7.101943853595042988e+00 8.946263977213272156e+00 3.038098714299313841e+01 9.645917462841877565e+00 -3.661472786151503289e+00 2.099976342343992641e+01 1.457112101625541101e+01 2.290087322607201159e+00 2.110929055971085333e+01
0 1.380262189942791906e+01 -3.040535280488726144e+01 -2.961580341509718828e+00 5.323560903246781884e+00 -2.925325359868232056e+00 -7.686300808909653171e+00 1.828146958185487136e+01 -2.350596042232105276e+00 -6.969273594166325303e+00 1.537879262541586556e+01 2.267999789350988671e+00 -3.829993720585875838e+00 2.348261419163248576e+01
0 1.381542545825745982e+01 -2.747529244388181979e+01 2.617495592174306829e+00 1.054804952570725085e+01 4.053517686987092361e+00 -5.370773339792479284e+00 2.771299989578669098e+01 4.800529343675802529e+00 -3.051376533321562334e+00 2.201008642267235160e+01 7.876213382105230920e+00 -3.743450975251910950e+00 2.392213453814646584e+01
0 1.354585975633006356e+01 -2.379172343396289691e+01 6.639633166145667786e+00 1.445479290709203468e+01 6.020843197714576434e+00 1.084393437974644048e+00 2.376097262608353944e+01 7.877882268626690276e+00 6.393527576717144889e+00 2.321797555067928087e+01 2.472836972455469073e+00 -1.883938526966317184e+01 4.043342370789464013e+00
0 1.363807250632690149e+01 -2.612531282682816425e+01 4.686378791337407534e+00 1.194690719040256788e+01 3.833009967670238272e+00 1.979932075006384018e+00 2.833025865026166557e+01 1.620137051227745673e+01 5.590540290657595612e+00 2.730549438216241143e+01 1.518892639244720577e+01 -9.040476872848962842e+00 7.818217948849806476e+00
0 1.374198016871384631e+01 -2.713993596657913443e+01 1.955329753348207245e+00 8.296484898688335718e+00 -7.214046722936958700e-01 -4.006166393723714414e+00 2.134815199157075227e+01 5.975040179354595971e+00 -1.157399368594708555e+01 2.311061280922203665e+01 1.456757562434139075e+01 -1.651181523541081475e+01 1.292422888460298580e+01
0 1.349507686965818287e+01 -2.422591608351836712e+01 8.469385947679120008e+00 1.356728279217310273e+01 4.730629419111637146e-01 -7.300655940469773952e+00 1.820435931597054235e+01 1.639162273405891102e-01 -6.335241875310305915e+00 5.612716256805238224e+00 5.639316990858346479e+00 -1.039465223111058201e+01 3.463118401083117526e+00
0 1.362820524093721453e+01 -2.470267351625319563e+01 6.847438166700455797e-01 3.984757082220243163e+00 -1.283287845838067431e+00 -8.869732751332270126e+00 2.065080448469134922e+01 3.531607664723181994e+00 -5.685036634969192981e+00 1.475882016655207352e+01 5.836044085826253891e+00 -1.025171139923422814e+01 5.496366324702433026e+00
0 1.368525899317107886e+01 -2.550595927467991686e+01 9.252141875873848065e+00 1.550689105417118085e+01 7.494588111945337250e-01 -1.124160305601567167e+01 1.674427919751494542e+01 4.412607774896231683e-01 9.524178159770080310e-01 2.015202106019306072e+01 3.684089085181982082e+00 -1.701224017037913683e+01 1.778518660830783693e+00
0 1.343582876567587903e+01 -2.573704264425441224e+01 6.423916229150139046e+00 1.122257208624618130e+01 4.726898566007942115e+00 -6.233447231123935950e+00 2.187223146584046063e+01 4.973871516234985357e+00 -3.839914516416356172e+00 6.816595726851388370e+00 6.798277783607455937e+00 -5.235857974407680082e+00 1.330173288709689139e+01
0 1.385498493349500571e+01 -2.921098156398360146e+01 4.540984854912309743e+00 1.121396479343618324e+01 7.613568983613597241e-02 -1.223735662839696037e+00 3.510322351939722552e+01 3.832512833832270260e+00 -1.245461538032965798e+01 4.626699735845123840e+00 -2.933809679146540894e+00 -1.757774490539338075e+01 1.314515341438243468e+01
0 1.430220515880546195e+01 -2.919061524181408629e+01 1.057350353188788183e+01 1.251024569603828773e+01 6.050428858721137448e-01 -1.234978110421024011e+00 2.169737455511429403e+01 8.383049281738191638e+00 -3.439225075474001692e+00 2.334068905912474534e+01 4.559892500203600818e+00 -7.179658568388106232e+00 1.150112097617472173e+01
0 1.739904676132673700e+01 -4.273076612716112521e+01 3.864204747080669744e+00 1.882701922532995198e+01 -3.301032047478956599e+01 3.184845046313052919e+01 1.465522188526385428e+01 1.409808540640199226e+00 3.084566407424592072e+01 -1.325536471256040194e+01 2.118247689610354811e+01 -6.304720530886621432e+00 5.736637273305205120e+00
0 1.473456945441851573e+01 -3.284685033855696190e+01 -2.809087102241729195e+00 1.874980961144610347e+01 -9.778007413465157782e+00 -7.226895783497092607e-01 1.383309838499169686e+01 1.036815868818315112e+00 7.649611874712858750e+00 3.936434469475279307e+00 2.319621664557825014e+01 -1.973290112607450908e+01 -2.036169384292104478e+00
0 1.400256896044785293e+01 -3.335555882583972220e+01 -7.007189179372975696e-01 7.139993172899753660e+00 -1.766118767756940500e+01 1.109820787359641958e+00 1.097609736567884475e+01 1.175935997692262536e+00 7.450831145299414260e+00 2.835394748314965963e+00 2.351581236548873743e+00 -1.082269128982707151e+01 2.104799101881003054e+01
0 1.387206716669639839e+01 -3.192095507497092655e+01 -1.091667250589923310e-01 4.007695900225622054e+00 -1.075486243336290748e+01 2.987504610208244760e+00 1.422950080329622047e+01 5.971491720459392916e+00 1.501733530180963427e+01 1.355377706817359318e+01 1.832282344285852105e+01 -7.395937464897617275e-01 9.694191705308618623e+00
0 1.350268193966969754e+01 -3.062205126039629732e+01 3.450353528257754210e+00 8.780762854729031730e+00 -4.334587379822818498e+00 -3.982529264824052340e-01 1.142660330318984840e+01 6.171345980914184182e+00 1.341561356176284292e+01 1.877628997966263213e+01 1.560620092533251757e+01 2.861504092880336358e+00 9.785519635842559794e+00
0 1.353401946017078039e+01 -2.740516616619242285e+01 7.463725383011811765e+00 7.984089395751473361e+00 -5.951973373636325171e+00 -2.296941641412379553e+00 2.208855213336456558e+01 1.357446913866313887e+00 -4.312417722633276718e+00 8.617384757917537996e+00 8.047580683448540384e+00 -5.074804030589371351e+00 3.897793214542626838e+00
0 1.348207514844541244e+01 -3.053151209907490227e+01 -9.646403692131987340e-01 1.090515241276209579e+00 -8.668444453840379538e+00 1.487145341389340680e-01 1.675753944545833818e+01 1.494929686259202306e+00 3.091940363311009854e+00 6.797736871292219263e+00 -3.827078421301490341e+00 -2.115410953122248472e+01 -5.760651474767851887e+00
0 1.348667129104514117e+01 -3.162513738340708613e+01 2.330437909300302479e-01 4.198384533712556710e+00 -6.078737364008713229e+00 -1.173929811218946906e+00 2.351755254308909926e+01 1.697577457889089914e+01 1.851120356120903310e+01 3.579133387733888583e+01 2.069481730827226329e+01 7.991841016663816077e+00 1.740305681916661484e+01
0 1.339512372314483990e+01 -2.576980352824055487e+01 1.960587521745186912e+00 2.411234347353741203e+00 4.129502032536218614e+00 3.471404200894311121e+00 2.051581252849736003e+01 1.123135504585385824e+01 1.030731428690723916e+01 8.820108465510562823e+00 1.921769482059204837e+00 -2.081321600391730087e+00 1.262403297063460528e+01
0 1.336710540648563672e+01 -2.631374895694019855e+01 3.299709736332629539e+00 3.341274403921507652e+00 -1.709444370469115126e+00 2.485189721858717782e+00 2.306484058889648381e+01 1.592376940962608733e-01 3.773466825080922682e+00 1.603812543157246751e+01 8.040765312590774982e+00 -7.473211244952857601e-01 1.766899894585323239e+01
0 1.345603009049114540e+01 -2.854497712580417357e+01 2.413983970158648518e+00 6.259786938022955383e+00 -2.719620548310499597e-01 2.916853760666019202e+00 1.942695460177135658e+01 1.821890314893327867e+00 7.881631809779396924e+00 2.108454244843568759e+01 1.271879671560209957e+01 5.690819289090899069e+00 2.086785767288912297e+01
0 1.334639156531748583e+01 -2.836863418265530612e+01 3.254833369890341999e+00 6.719526481021029340e+00 2.072545277161968735e-01 -3.102772385003848665e+00 1.970559316311429043e+01 9.103072785812004852e+00 9.329604159895087179e+00 2.680975739758173759e+01 2.321350534628453843e+01 1.243145028677935926e+01 1.789484211129677149e+01
0 1.329032982857561151e+01 -2.703200565442996961e+01 1.497340736611264989e+00 -1.224795328912500647e+00 -7.505060793217464443e+00 -1.244926066975620316e+01 1.778779868512751161e+00 -3.712499189105241126e-01 -6.759468484005859423e+00 2.677648140669620869e+00 4.253028322208404211e-01 -5.299546785363281387e+00 6.741606285138158405e+00
0 1.322467667157197191e+01 -2.657174530388948597e+01 2.872354349718755806e+00 1.103121635005069878e+00 -2.699477608234077675e+00 -4.072904817091148821e+00 1.216222359821051846e+01 -1.053032443363443260e+00 -7.969512575837004453e-01 3.868018585967329948e+00 1.395145625012553126e+00 -2.517248901762350499e+00 1.095232635470364890e+01
0 1.325833432925940158e+01 -3.034380838986333018e+01 1.143536661887178063e+00 3.917461969362455165e-01 2.287928217925834229e+00 2.284047208384530236e+00 1.465451012430606781e+01 -3.052475398795107431e+00 -2.411855460370662119e+00 -4.447843556695681433e-01 -2.489066036875802634e+00 -1.143637259094448666e+01 4.187543787846633170e-01
0 1.310667508972485074e+01 -2.471815396248547003e+01 9.431255126913061559e+00 4.928237193337596800e+00 5.926253963700486516e+00 1.860001911749851855e+00 2.061440207020167836e+00 3.139469724311021004e+00 1.168544119454997876e+01 3.333616091862040776e+00 -8.016645597934328293e+00 -9.965761372444582378e+00 -2.722406381434755662e+00
0 1.324343095012254246e+01 -2.793447214515829202e+01 -3.497828270541230022e-01 -3.876042657550387016e+00 -5.011914823646895556e+00 -2.806183614195971288e+00 9.482292283980928715e+00 4.183658227183724598e+00 5.658925448591902274e+00 1.314224376648449066e+01 9.816512460288066677e+00 -2.012878423495721325e+00 5.459842435562585194e+00
0 1.337208561492162495e+01 -3.140757111895736386e+01 -1.802898919625719243e+00 3.196637891788702834e+00 1.043392776407845979e+01 3.294562024957953028e+00 9.145802689692636989e+00 1.198014357171379451e+01 2.354096560624602930e+01 2.018262609676741093e+01 1.485604741721609390e+00 -4.528780713019808779e+00 7.632262557077392096e+00
0 1.325898537687986689e+01 -2.821596463038909519e+01 5.914767255725178252e+00 -1.569636321988392647e+00 -2.605813485281664121e+00 -5.087363151836247432e+00 7.995119890486999559e+00 -5.507417784869486077e+00 -1.696537413915868153e-01 6.240295108585343087e+00 6.324975177541769078e+00 -4.488035205718821530e+00 2.333172670590867970e+00
0 1.312031481469160354e+01 -2.524912690053132991e+01 4.352802441912847264e+00 3.597239643345317983e+00 -9.237023774305125334e-01 9.818412912814756810e-01 1.961863640360943606e+01 6.827110655086669588e+00 6.959951558140985206e+00 1.826429125367216244e+01 1.587598552134164009e+01 -4.048946194900632789e-01 6.539084333099928870e+00
0 1.327558216052726614e+01 -2.720296827387167937e+01 3.797621902397318561e+00 3.790936468629292566e+00 3.281551538569756232e+00 -2.011757318129024696e+00 1.370833571366454429e+01 3.411393118762423349e+00 2.656350172045256919e+00 7.904803937237330658e+00 6.045040267128583444e+00 1.791816091815809475e+00 3.517223251388394534e+00
0 1.314797703841619203e+01 -2.641857089503985279e+01 3.970379450155689049e+00 -3.400103982178220852e-01 -1.799014915851051111e+00 2.910327683927045772e+00 1.039104538673372424e+01 1.913217421471752333e+00 -8.218117483897379172e-01 -4.672875755139751952e+00 -5.455367505376045756e+00 -9.918630818180744768e+00 -1.857485416593981364e-01
0 1.328703810783154360e+01 -2.653049513238129720e+01 3.305613480040079821e+00 -2.198507080777517331e+00 -5.178411776273268013e-02 2.074834313270090824e+00 1.263460276713219521e+01 6.538414723653347416e+00 6.507788257465406900e+00 6.880581372818941333e+00 8.858195167878612608e+00 1.932344094377968169e+00 3.974934459958441302e+00
0 1.316835711116943308e+01 -2.590047768630126868e+01 2.010553527304528298e+00 -1.955677212704254320e+00 2.875699161929097247e+00 7.165471846464417816e+00 1.248063342082075344e+01 3.578950400426833323e+00 1.461061716845352265e+01 1.013034193113020009e+01 -4.082061895955788056e-01 -1.393666133300274979e+01 -1.077307552198715968e+01
0 1.329438522083089325e+01 -1.724745980666644485e+01 -1.048423908218766021e-01 -7.500130441922141067e+00 4.800099884455756083e+00 2.773390004947760001e+00 -7.612944517695209967e+00 -1.084318408335722417e+01 -5.827531722324819086e+00 -1.107596230099422918e+01 -1.092988220901168184e+01 -1.355362147468885858e+01 -2.514320544785235256e+00
0 1.735964932394131921e+01 -1.624833052748787310e+01 -2.518727123152368819e+01 2.716680180960737800e+01 2.108960096968165487e+01 2.198171915195100468e+01 -2.488443031651989301e+01 -4.575020310261052003e+01 2.046302228651531507e+01 -1.340035877032669021e+00 -2.278369722300885769e+01 -8.806771379959524637e+00 -1.836599828183230088e+01
0 1.788626437496614585e+01 -9.784366168748839243e+00 -2.667347767319902374e+01 2.371674265303737528e+01 1.893084452760216152e+01 1.629237623446449135e+01 -1.690258740683152183e+01 -2.970399498714789033e+01 1.455687286167311356e+01 -2.232901750780839834e+01 -3.322868486479778394e+00 2.172359236530962967e-01 -3.251912890062221351e+01
0 1.721002030660273618e+01 -8.161331772468086498e+00 -2.086148643539264214e+01 2.689835159897044292e+01 2.091487736407673026e+01 8.478036412838646285e+00 -2.163711900986229253e+01 -3.286938141724620266e+01 9.417337181611747710e+00 -5.746041159530195230e+00 -5.049663876288258635e+00 -7.776118199249091312e+00 -3.374705390995054444e+01
0 1.727131769928238469e+01 -1.035510732496822861e+01 -1.766858171827010082e+01 2.953675242475256013e+01 2.287895387326600272e+01 1.160821474396019859e+01 -3.107143946700006509e+01 -4.589368920071073887e+01 1.773019693280315678e+01 1.736458895877860620e+00 -3.930050753666158858e+00 -6.800379367076175186e+00 -2.791187139327958633e+01
0 1.787074680442333374e+01 -7.183728159102992450e+00 -2.241968365374184557e+01 1.711256246017974547e+01 1.749427709931093489e+01 1.555989940501794067e+01 -2.759269028840850524e+01 -4.293247190572306948e+01 1.349839584950546900e+01 -2.747004592506811504e-01 -3.844597703658941601e+00 -4.751794351121778170e+00 -2.530277083642571512e+01
0 1.877390047859233846e+01 -7.919102997779848829e-01 -2.904255871225733543e+01 1.210492429735574760e+01 2.571981444957810936e+01 2.645739465377765853e+01 -7.355280656399159511e+00 -2.681207599219771609e+01 1.692611304238249659e+01 -1.899719787615449795e-01 -1.339178534752609551e+01 -5.516279893355446440e+00 -1.611672735403937295e+01
0 1.916064085950172569e+01 -1.020953135177139925e+00 -2.958853201823449197e+01 1.895743164036680284e+01 2.909322527096855637e+01 2.434967817944314561e+01 -1.528088169262089835e+01 -3.667499299845741234e+01 1.480709246919449384e+01 -3.794517035138766481e+00 -8.479625190638254040e+00 -9.513521188861870925e+00 -1.716248691191903220e+01
0 1.949770370171309608e+01 -6.596190568977008617e+00 -3.571553947271399210e+01 1.892288775530330014e+01 2.795544525287118631e+01 1.276888062955347536e+01 -3.549025972039139276e+01 -5.161893069580776228e+01 8.745982513002845682e-01 -7.230582857515051920e+00 -1.453674702115004003e+01 -9.729366828638699616e+00 -2.855114877177534893e+01
0 1.961577523555193991e+01 -8.887361009105598342e+00 -3.566017416214649671e+01 2.182146832883556442e+01 2.835402158370368753e+01 2.396848876290270880e+01 -2.659833977526781013e+01 -4.899117151073863141e+01 3.816516278016310437e+00 -5.489090952030560189e+00 -1.340761341611496782e+01 -6.776870946274250684e+00 -1.854181166517541612e+01
0 2.000747907527753711e+01 -7.630394395656504791e+00 -3.862947899834266963e+01 1.682246285917208439e+01 1.986118467608538296e+01 1.270142939926416403e+01 -3.620129943652246851e+01 -5.438142617758696673e+01 5.626486097177494372e+00 -2.938063446572371618e+00 -1.713130794449894267e+01 -1.368165856579267725e+01 -2.571230472202626061e+01
0 1.970902256901133498e+01 -6.344005610623360880e+00 -3.422212228134671363e+01 2.058019945357460467e-01 1.226973048591217719e+01 1.037861047112503421e+01 -3.141016182854035677e+01 -4.232794599834821980e+01 -1.331956477188054544e+00 -1.065638739973681481e+01 -7.904162468820590703e+00 -1.155094885462862919e+01 -2.040204285430906594e+01
0 1.962751922686416961e+01 -5.504376698887393005e+00 -3.643930147541050957e+01 1.762427179370913777e+01 2.411239839830546217e+01 2.238335369409856668e+01 -3.101599682241185363e+01 -4.313712150737418938e+01 1.050532847466989139e+01 -5.364291091346794715e+00 -1.291265105407422631e+01 -1.122835787446554079e+01 -2.095988944917836250e+01
0 1.960899839579867177e+01 1.769041438487579887e+00 -3.140541087806214904e+01 1.360992400373233302e+01 2.954894691453674227e+01 3.002064058564479865e+01 -1.596253954062647651e+01 -3.519109483589976861e+01 1.698033763718083833e+01 2.962042941260841555e+00 -2.098025587812855530e+00 -1.428221541063571109e+01 -1.834517038735141270e+01
0 1.920829535477546202e+01 9.507954389935552308e-01 -2.537426463731299364e+01 2.215456517144360760e+01 2.752616431679876285e+01 2.601619326964054935e+01 -2.472972282998174265e+01 -4.350726575515773931e+01 2.972555549730830293e+01 -7.006874945247470343e+00 -1.885671919387260331e+01 -1.130633798394241651e+01 -1.994108075504248134e+01
0 1.814375846129186343e+01 2.838609897286476613e+00 -2.062358411482158260e+01 1.741812554112901523e+01 1.184627752581710070e+01 2.682315603617783850e+01 2.217978716518537396e+00 -3.035415867338064189e+01 1.354009123881011334e+01 -3.978810137875611996e+00 -4.686071288791508138e+00 -1.272421726448875745e+01 -2.246711473667027548e+01
0 1.770981767696115128e+01 -4.197839058762080633e+00 -1.776567580743823882e+01 3.530441768666225499e+01 3.241399953428244629e+01 2.028318812737390431e+01 -2.110804285887817144e+01 -4.273436482234217237e+01 1.878242167996085143e+01 -1.242787023655713163e+01 -1.294329764330397126e+01 -1.889399907296294856e+01 -3.110715660240219194e+01
0 1.815873722792498057e+01 -3.267555345092983288e+00 -2.524704448168586168e+01 2.464751840321793708e+01 3.691615345180957775e+01 2.534888374065027961e+01 -1.725074992516789507e+01 -4.091847969397417017e+01 1.210353476110444682e+01 -6.708765433882707185e+00 -1.295957186234194403e+01 -2.013307880269855588e+01 -2.528449620432243705e+01
0 1.763207360700436510e+01 -5.535085844118661669e+00 -2.140405605334921191e+01 2.280484224269676830e+01 3.557700038075365256e+01 2.528693846002727241e+01 -1.578072129792653655e+01 -4.149967317871234229e+01 5.247021449238764568e+00 -2.676580382985066731e+00 4.226750741881021511e+00 -9.384708966895205506e+00 -1.602707465052912283e+01
0 1.640126032472070250e+01 -1.564839074085228932e+00 -1.075893559364799756e+01 1.535920662858322316e+01 2.404139230655952986e+01 1.959431414201177901e+01 -1.336663523550274846e+01 -3.444709173933512147e+01 7.900142033264188512e+00 -3.437070166007232697e+00 -4.524653337988356228e+00 -1.273856899380277596e+01 -2.450142530088226778e+01
0 1.521211504160634931e+01 -7.528487574521926184e+00 -3.335155747858514097e+00 1.855073437741086551e+01 3.014037989523514227e+01 2.610025295774087439e+01 -4.569457407886464928e+00 -2.695622569199038665e+01 1.670515211011385048e+01 -3.907282905404475759e+00 -6.272582563142809597e+00 -1.945940283750191213e+01 -1.518954532044299199e+01
0 1.471985772943452453e+01 -9.751928971478632135e+00 -1.978082780507531835e+00 2.177859473971139437e+01 3.122528223612529530e+01 2.377425963437479339e+01 -7.766140133815552460e+00 -2.387236214254517819e+01 1.274527632033419522e+01 2.897860220800182240e+00 -4.374694158117189979e-01 -1.709778919635220618e+01 -7.888041809733310927e+00
0 1.445635655301824052e+01 -7.870896261572062791e+00 -7.507096298319709815e-01 1.688559570522900799e+01 2.541879852589497801e+01 1.035191712290808574e+01 -1.362216909344911464e+01 -1.824385196643927642e+01 8.799116061222877150e+00 1.121086606068655200e+01 -4.145709988305222637e+00 -1.435775278320010528e+01 -4.147490068730678381e+00
0 1.440578891709595766e+01 -1.569314238821362295e+01 2.998564400957925535e+00 2.461021558862435299e+01 3.680282717270367243e+01 3.653664859606889337e+01 -7.651789379515266276e+00 -2.474875929301364863e+01 8.059585240710697818e+00 7.370882155661222512e-01 -1.059855441131686504e+01 -2.105255919481485449e+01 -1.400440246315165460e+01
0 1.391157487572445639e+01 -1.707513543331668515e+01 7.740177922062361215e-01 7.078041501659514623e+00 2.804257013780740593e+01 2.504305554419322632e+01 -6.913107963868691641e+00 -2.505488757066648375e+01 9.897534283704125357e+00 1.599461548145405487e+01 -3.183160374652876712e+00 -2.067354537532937897e+01 -6.103161308444883026e+00
0 1.355508903376460594e+01 -2.064882415596333587e+01 -9.502841785322896362e-01 4.543481573871427592e+00 2.332045200612216362e+01 1.844960745587347972e+01 8.971698470542879278e+00 -8.607307616971132447e+00 6.222357962168758583e+00 1.389827845568775011e+01 -1.923339439508160709e+01 -2.787755389522968130e+01 3.300960041445542004e+00
0 1.336500022153634148e+01 -2.329672431741166960e+01 3.797615539173122556e+00 7.393444833727254029e+00 1.084936322089370542e+01 9.692257557417393699e+00 -3.465429331767151400e-01 -1.696182871223662758e+01 2.142918190791796906e+00 1.819069061175994051e+01 -4.225701096681286018e+00 -2.195652092266598743e+01 -7.674009170111392386e+00
0 1.337887706119614073e+01 -2.227149015981114033e+01 3.588991597089611574e+00 6.385031192935693767e+00 1.007653804475909354e+01 1.117069829322660368e+01 1.133414344078855862e+01 -1.043079372339547994e+01 5.859685545528877881e+00 1.343165677003574565e+01 -7.297327511574575709e+00 -9.115463308310104651e+00 1.221654102855581492e+01
0 1.321655735451775193e+01 -2.198775887656568884e+01 4.697238555511606961e+00 5.474762036362333717e+00 8.038175624469433345e+00 2.426612606668886674e+00 9.706495654592830036e+00 -4.441104500403082689e+00 4.968799393904973272e+00 8.816539877210830767e+00 -6.453097393865553366e-01 -1.976205578476591285e+01 4.492240990498408415e+00
0 1.358948250283937575e+01 -2.495978525012366589e+01 1.315755619446876246e+00 3.282174042906710110e+00 6.816431161360431368e+00 2.633074994965154403e+00 8.653117845703643951e+00 -1.562497178043875223e+01 -1.340370044206912326e+01 1.062433412363735030e+01 -1.912945771516217031e+00 -1.571903232560050512e+01 1.141312066295572247e+00
0 1.379322885962456802e+01 -2.166176576538694221e+01 3.061501868843353069e+00 5.609073701524535771e+00 -3.608281920260544950e+00 -7.106317891189701363e+00 6.077463089087483894e+00 -2.427393768965949405e+01 -2.452522024167213033e+01 2.968954131760626503e+00 -5.551792303119464478e+00 -2.003331367125572626e+01 8.769223495551047520e+00
0 1.361925253341574837e+01 -2.342075969850447592e+01 9.779931766816623906e+00 1.457882942135815618e+01 8.490810392686960029e+00 7.954598822521337986e+00 1.854335789442508897e+01 -3.484140746515671960e+00 -4.584556527806340043e+00 9.614079919376235850e+00 -2.038570222316661851e-01 -1.203279154453456989e+01 2.139406390822551796e+00
0 1.346202919739685733e+01 -2.763721539169103991e+01 2.188440103683254367e+00 7.439706107244038691e+00 5.349668194648270259e+00 5.840457306169618334e+00 2.306178578540071555e+01 -5.976025071874699890e-01 -5.023607697540121819e+00 6.687107529877802214e+00 -9.580835907722468292e+00 -2.846490692718202808e+01 -1.704885794435039292e+00
0 1.364396258532781836e+01 -2.723925425683058776e+01 2.400076203760336035e+00 1.083035322517714150e+01 1.707596208736019916e+00 -1.011328969345394180e+00 2.293772946980818261e+01 6.829130471927659762e+00 -6.010876086548155861e-01 1.579649372122154105e+01 1.557588093877893876e+01 3.437239374141269010e+00 2.140110519805355693e+01
0 1.367901680978802759e+01 -2.827247047259744406e+01 -2.247671945019898754e+00 3.781901421196077084e+00 -6.903697233518241383e+00 -9.537916527154317592e+00 1.946969045277365851e+01 -7.221762401634102879e+00 -1.080841692704462353e+01 1.740775028211178821e+01 1.089956281146204908e+01 -5.782087541755402960e+00 1.370324463146109828e+01
0 1.347760710798061190e+01 -2.387125453515333717e+01 8.616309645272957951e+00 1.128900041492614470e+01 5.574515450586845944e+00 7.361402443087698977e+00 2.071764387291258203e+01 4.384759106200953882e-01 3.929623937465456240e-01 7.859653718107438181e+00 1.529029188920595361e+00 -9.051407116833388500e+00 1.190558725791475503e+01
0 1.351066660662029939e+01 -2.562180873699810846e+01 7.191093269839865521e+00 1.028552722181059842e+01 -1.110249361598711904e+00 2.307107052890859489e+00 2.071230764822848514e+01 1.049742500263841727e+01 6.607589870362463813e+00 1.465242107169931884e+01 1.643709153080669338e+00 -1.177382411875390211e+01 4.624330790771808530e+00
0 1.332283298903293911e+01 -2.644354742647571754e+01 1.976654323571841676e+00 3.876511105481490027e+00 -1.566263064320920106e+00 4.181721636770820538e+00 1.926927362058273374e+01 7.314301651662579395e+00 7.105011828768190263e+00 1.253594708078644260e+01 9.063858311594865214e+00 -4.910551366590955702e+00 1.593591870970469948e+01
0 1.359386200472518880e+01 -3.215261238210261752e+01 -4.718552152525077759e+00 2.142704293815955729e+00 -3.782764429880545620e+00 -3.507667472551089904e+00 1.861347247237454994e+01 4.047623755577117066e+00 2.819017880066418957e+00 2.320310927332585038e+01 1.482855203761276286e+01 -2.531083131430121647e+00 2.262362075139876794e+01
0 1.333180023356391786e+01 -2.900958240559636536e+01 -2.269707121490017743e-01 1.826401000211707482e+00 9.622358222022636909e+00 6.888612095791346590e+00 1.888635404559448716e+01 5.353333109284504232e+00 1.151727299048792297e+01 1.055775275859195972e+01 6.524687512277347778e+00 -4.285639832516745074e+00 6.532780526016201961e+00
0 1.320918151737215318e+01 -2.968410215476977143e+01 -1.312896214104762649e+00 5.207409225492522609e+00 7.810139963847733569e+00 1.122485828590871870e+00 6.857645235541035333e+00 -1.184795777098647029e+01 -1.228316741649008570e+01 5.753992651040642059e+00 2.239846264108685148e+00 -1.192127945076453521e+01 1.277794656853567012e+01
0 1.342085870890529975e+01 -3.121794423038732091e+01 9.690788188752032239e-02 7.791744343193383493e+00 6.633912004500731818e+00 5.815467774860635153e+00 2.279839823741379590e+01 8.899892768284491495e+00 2.851155254490192359e+00 1.665638946509101714e+01 9.517557649025976119e+00 3.388734826474459005e+00 1.822321792713030675e+01
0 1.315377440155953792e+01 -2.643907693061267139e+01 3.831015635062984259e+00 -5.753251350099580774e-01 1.847400393104819960e+00 -9.297041169695998697e-01 1.068606700923950648e+01 1.172387329218054930e+01 8.166731152481503386e+00 1.099449112256709249e+01 5.531599798364039700e+00 -3.111671371972199118e+00 7.960886223446930643e+00
0 1.328877415359602665e+01 -2.726843623852623821e+01 3.690884390613761834e+00 9.385460518068160951e+00 3.157475024540586261e+00 8.754511938634048640e-01 1.714476740922225062e+01 8.315620576455104995e+00 1.147213960794647569e+01 1.644305437025591132e+01 8.092456848078681375e+00 -3.351415819039926802e+00 5.649732126475437433e+00
0 1.331682116544492089e+01 -2.720874720936516056e+01 5.362118558141675262e-01 -1.511798207762349078e+00 -7.913458514751008366e-01 -8.841681641491542232e-01 9.523491236602236398e+00 5.720098791506180724e+00 5.030731017350809076e+00 8.162405454406021832e+00 -4.697401257837189092e+00 -1.822612286794901593e+01 -7.686280372426708141e+00
0 1.331362785772032531e+01 -2.633044794101098063e+01 4.927207408034418812e+00 2.692129021096786090e+00 1.730522638649498290e+00 4.812313979330085090e-02 8.308132945273662529e+00 3.912308253192765317e+00 7.545246982995034379e+00 9.756490692537703069e+00 5.319831034443796014e+00 -8.346055115635275357e+00 9.408365633789163240e+00
0 1.329040918612681565e+01 -2.998892876400054064e+01 6.601641061189323922e-01 -1.033791916619870438e-01 1.919317430356176635e+00 6.434815241016130116e+00 1.805625141713286652e+01 3.524478533494200150e+00 2.215536921921399394e+00 1.669894863437533772e+01 1.350946055926128508e+01 4.720350843364556681e+00 1.572940953637376182e+01
0 1.342030910071587613e+01 -2.510349133873804561e+01 -8.401743240767282905e-02 2.520134493038899900e-02 5.836224185382407725e+00 9.400163277473215118e+00 1.293043871616986706e+01 -1.389309944209706416e+01 -1.108189498453024235e+01 1.316373703897783365e+01 2.219948907727157916e+01 6.944798140834837596e+00 3.671421258404999222e+00
0 1.338787550798731019e+01 -2.801461784235636188e+01 -8.409155339504525983e+00 -1.608722944731149695e+01 -1.442792922917542064e+01 -4.409631371003094102e+00 1.178240767471231187e+01 -5.704046272956945884e+00 7.820963287365967354e+00 2.889586042826943668e+01 2.557340764971587888e+01 4.876216466532686811e-01 7.887697689388421196e+00
0 1.330786904226062717e+01 -2.782153048406715712e+01 5.711364820489436278e-01 -2.858821602226031988e+00 -1.621120452561068070e+00 -1.836943765905511894e+00 1.368852582398104722e+01 3.772971845278195069e+00 1.084999199771582390e+01 1.866342655769621572e+01 1.657786358127531656e+01 4.735709156306606715e-01 8.373025820877083802e+00
0 1.331257166207301346e+01 -2.597133116044652823e+01 1.843075921820092944e+00 5.354198694819669591e-01 1.003334553366458104e-01 -2.102055436656866227e+00 1.775487564255815442e+01 9.773945984695398437e+00 1.054194358901856887e+01 1.582153377502465652e+01 7.495801300972334325e+00 -5.477496607383808502e+00 8.109577380436599370e+00
0 1.342239709702901074e+01 -2.655502522588446368e+01 5.346991108024322870e+00 4.913200448223848937e+00 3.824307935689132965e+00 1.023123444978779828e+00 1.847267975301385690e+01 8.683082897104634768e+00 8.813528718473364165e+00 1.255260343057451600e+01 1.548701129255722897e+00 -6.527859897443388348e+00 9.495614952416049803e+00
0 1.339161710158181329e+01 -3.237542586391587918e+01 -1.403382719396319755e+00 -2.057779156108040297e+00 -6.425247492732434118e+00 -1.088034299335098787e+01 8.563553676480875509e+00 5.513571648119819368e-01 -4.127430659011130487e+00 1.291952961609403339e+01 -9.690534154057514060e-01 -7.677473202941797581e+00 2.433968848650687988e+01
0 1.337641769638585387e+01 -2.541730815942497657e+01 6.118765846669064423e+00 4.351413253949077742e+00 3.254540736187928829e+00 4.351887104605240530e+00 2.142483640476764961e+01 3.266939998487683905e+00 5.949898626134859647e-01 1.108620502107714501e+01 1.026044576361141836e+01 2.858751542135397283e+00 1.583975331106173456e+01
0 1.318992256175133271e+01 -2.912967688831245994e+01 8.770507416494502939e-01 -1.290411478152440061e+00 -4.057867385499409174e+00 -5.876200823760735492e-01 1.892413066642600228e+01 1.214526379754362218e+01 1.201122293976023592e+01 9.138966498896946788e+00 5.289123161118082450e+00 1.758394106652434452e+00 1.015295565408013623e+01
0 1.324798284543461868e+01 -2.899075782506239918e+01 4.059213327001734761e+00 9.811418689702476881e-01 7.125095621382691036e-01 6.054174442835695835e+00 2.148701159225893775e+01 1.984495351245084649e+01 2.134519027431953475e+01 1.863289820972945776e+01 1.042763690972686064e+01 -4.039661597060032250e+00 2.228437753659686660e+00
0 1.347980934862012248e+01 -2.516960492404721350e+01 1.012622208973384730e+01 6.709929722786279527e+00 1.540451042234918688e+00 4.295509412680609707e+00 2.116685434868262305e+01 9.249733377445176430e+00 2.944925068598063245e+00 9.824427569612641520e+00 8.777805670819171624e+00 -7.923210663738823323e-01 7.259773922145548397e+00
0 1.331080282444701979e+01 -2.384120602396697919e+01 8.914885537887430544e+00 6.511737414154766812e-01 2.974358715417009247e-01 1.577251999186465747e+00 1.007462446139639844e+01 4.347333491753773593e+00 2.002142635858150665e+00 3.445371005731164615e+00 -3.520123614439641280e+00 -1.187171532113893946e+01 5.105387588015751765e-01
0 1.332060627087688687e+01 -2.533150653041455058e+01 6.789663992301434803e+00 4.344855404167042856e+00 2.692115891487894874e+00 -1.979871614981415284e+00 1.154568388065261608e+01 7.972257267133894487e+00 1.317932891910034066e+01 1.318626727437122170e+01 1.452199472262222013e+00 -7.354381507178856303e+00 3.382535837594840444e+00
0 1.341401113701620496e+01 -2.694594014056173492e+01 3.129896091912933276e+00 -2.695207832385228208e+00 3.757071931317556235e+00 5.817599960781338453e+00 1.455702821327581553e+01 4.635391701862783265e+00 1.586252078854051284e+01 1.632480169040974616e+01 1.013430669120394612e+01 8.699271341331214769e-02 4.676939398022574856e+00
0 1.338398167581528320e+01 -2.892946477840524011e+01 1.529962942073158860e+00 -1.757983807612579552e+00 -2.194583252956256114e+00 5.043029378211753011e-01 1.250708618190217791e+01 4.481256615248621067e+00 2.822546386398957718e+00 3.577821516452343253e+00 3.613767692526416164e-01 -1.046785131325552065e+01 -7.952584927374912738e+00
0 1.318419104218201632e+01 -2.732028952484304440e+01 5.971621229643922391e+00 1.235067187620026985e+00 1.394118826162540126e+00 -1.816924816561871658e+00 6.840098856075545797e+00 3.518456066574298546e+00 4.739463022404327042e+00 7.414208443237432888e+00 3.813529420656852409e+00 -4.329681227856168491e+00 -5.038798793368676421e+00
0 1.303565432758409237e+01 -3.356128106508559483e+01 -6.102752915836001435e+00 -8.970718805984782662e+00 -1.015305009057181707e+01 -4.041065622154662584e+00 4.469150476722705712e+00 1.494245177981274653e+00 9.098902478148124473e+00 1.590246425466674474e+01 2.083691792942202170e+01 7.691122209489055450e+00 9.083790561399393226e+00
0 1.311398804963391918e+01 -2.662300045053964936e+01 2.700849029207584628e+00 -2.479084310869743124e+00 2.490936145712856042e+00 2.399908997687241197e+00 6.934993250379261731e+00 2.656498531066649349e+00 5.195608235516007589e+00 4.316078512757401064e+00 1.384377585465203397e+00 -7.536482039148084233e+00 -7.711949156896523716e-01
0 1.328764966165258699e+01 -2.625414988039813835e+01 5.265164448467108294e+00 -1.584224997442829075e+00 6.728462183805975272e+00 4.748599854827296518e+00 8.438611477819899065e+00 1.372197540843875707e+01 9.733595629261664328e+00 2.923698592666293727e+00 2.135935769398259243e+00 3.005052679982114228e+00 4.662860466234230117e+00
0 1.321480668209679976e+01 -2.610369610912738381e+01 6.246911877982870287e+00 -2.208650690105692149e+00 2.188591167707222063e+00 3.463114729945257597e+00 1.983186110446478523e+01 1.335604684945065124e+01 9.631375776362737895e+00 4.173816928574619389e+00 2.204692564403247790e+00 -9.320484827413192619e+00 -1.752062972259454732e+00
0 1.305506542223235478e+01 -2.607929638912839110e+01 3.612085793171133208e+00 -1.677491918790612546e+00 -1.839230594919154971e+00 -4.640038922822999901e+00 6.314979172754742187e+00 4.709243376354021460e-01 1.039045825179415239e+01 -1.157345033405088319e-01 7.552206787137246691e-01 4.608494398630142541e+00 1.895114043018064187e+00
0 1.312772732590119062e+01 -2.870732427809045006e+01 2.301667133363826334e+00 2.822985969987479304e+00 1.020268857996762080e+01 1.173784327209917144e+01 1.838850551507992037e+01 1.681711380709023018e+01 1.315057555742052919e+01 8.584547540085335271e+00 2.727466660401202336e+00 6.930923701491547462e+00 8.424300807635859201e+00
0 1.315303833795733368e+01 -2.647276812590718365e+01 4.862216961646149471e+00 1.776095832134253039e+00 4.185277597564750707e+00 4.504685047153621724e+00 1.297620157875669733e+01 1.532224705101661577e+01 1.459550555476295841e+01 4.058000625662427474e+00 8.699902708593384437e-01 3.317283431431761187e+00 2.790567009906640195e+00
0 1.321678641851774927e+01 -2.824089354431249888e+01 3.869395837278771122e+00 -1.094198393784939105e+00 2.683493718441998688e+00 3.785546816336453624e+00 1.489383308604871736e+01 7.058859721836040713e+00 3.865076919506225117e+00 -5.429322881995258143e+00 -7.607000671645193002e+00 -4.028143691765052381e+00 2.665077281971375722e+00
0 1.327053567284623803e+01 -2.813744977560981653e+01 3.792229919166273167e+00 6.184242363070044934e-01 9.210913435100062330e+00 1.152398232264687117e+01 1.740041196511966604e+01 1.301126700309452211e+01 1.469456758658954243e+01 4.969518220938044628e+00 6.611575838771178715e-01 4.426553875379797276e-01 3.839288780834098497e-02
0 1.311654318903411109e+01 -2.653106020152544176e+01 5.652681855161971747e+00 -3.103553201325332314e-02 2.933924955703397508e+00 4.093966780973134156e+00 1.040348198886047371e+01 8.384853348685986418e+00 1.622906015737506280e+01 7.690775800356596470e+00 4.517708181707384085e+00 -1.062397769782440715e+00 -8.519093083228893026e-02
0 1.316142169387739180e+01 -2.723663924291942351e+01 3.219938859774345019e+00 -3.630647706178973699e+00 -2.531380275349869535e+00 -3.029345311457127821e+00 -1.467314032705430593e+00 -4.004847783032713160e+00 -2.588796422038906808e+00 -3.605701244938681604e+00 -3.192347772785214755e+00 -3.941753271579133688e+00 -5.476336243446342067e+00
0 1.310086166221722159e+01 -2.646923062331396537e+01 7.123828892615999386e+00 3.667105527083793337e+00 9.654406003577980400e+00 8.143802224853624594e+00 1.106306275512102921e+01 6.629389083219765944e+00 3.874177200038767310e+00 2.834977649782702613e+00 7.507333683583832240e+00 4.140721658290460461e+00 6.495641779705030316e+00
0 1.319815545473798046e+01 -2.828034950421287519e+01 2.969287894216332102e+00 -2.319395168954133446e+00 3.000669065146808645e+00 3.433940747390090920e+00 7.384856940091717448e+00 1.042040209945741580e+01 1.382941968110593400e+01 9.892373036800526265e+00 7.983586060265630557e+00 4.189472656118787164e+00 6.965387627840983420e+00
0 1.319629439341442811e+01 -2.600131653616581318e+01 3.491314730282351952e+00 -6.814546426840549509e-02 7.688681977083833274e+00 7.779019054865998761e+00 1.231132558289314716e+01 8.099760501222458942e+00 1.564890620011843048e+01 7.930856585699380901e+00 -1.278968198785473964e+00 -4.507113898513371630e+00 -3.897744428403877581e+00
0 1.325268085617630298e+01 -2.628726265277184027e+01 8.522447325315109623e+00 4.965958439148725923e+00 2.609908377159551041e+00 6.829309840704692824e+00 1.364617608804361026e+01 6.600611548012494723e+00 1.064844981333615692e+01 8.674447739184866890e+00 5.738647394689602166e+00 4.744667658791462905e+00 -1.058670042524909150e+00
0 1.319715306916952358e+01 -2.119240211056850853e+01 1.162223474335353579e+01 3.700851353085247375e+00 7.939729897290099814e+00 1.305620820970384122e+00 7.869001191104806558e+00 1.289799490340999721e+00 -1.388034272725401141e+00 -2.604851516080715523e+00 5.085727084870827142e+00 -1.931899387452397754e+00 1.933512869384620414e+00
0 1.317745014604638776e+01 -2.581442687182918405e+01 6.888565271084576835e+00 1.744106682216234105e+00 4.378615010521757611e+00 4.290204879301286134e+00 9.101980528212147092e+00 6.979083086969126271e+00 1.108757705554106998e+01 1.976168571326404999e+00 1.813361184135203752e+00 2.768647540566168352e+00 -3.563712243203204455e+00
0 1.307787314149317481e+01 -2.274861567648803629e+01 7.102085930781136369e+00 5.427762237669075063e+00 1.180571953348438363e+01 7.638779153784932774e+00 1.058912292305898184e+01 1.814644870391137088e+00 2.756975629024575269e+00 -5.960112127705596841e+00 -5.615265627634069556e-01 1.647220605347909705e+00 1.390948627770620760e+01
0 1.316914934025374961e+01 -2.529966069481447022e+01 8.618400552072133181e+00 3.285265952160843828e+00 8.406206998372297790e+00 1.020774126402601567e+01 1.686969983394441286e+01 8.656430030469060455e+00 3.235545432861044013e+00 -1.186459245878851831e+01 1.972183272171579849e-01 6.037316129908704809e+00 9.978953551076566342e+00
0 1.315513848152008336e+01 -2.814721283240328020e+01 1.574827931007116488e+00 -4.297812209315606147e+00 -1.697500457742676216e+00 8.453516440138780785e-01 8.321498870949522342e+00 1.225524740472589968e+01 9.500808923635732484e+00 5.934052358648398418e+00 1.908146242227388711e+01 1.285256983671470188e+01 1.412983944525749536e+01
0 1.326709948862513322e+01 -2.752208576005550711e+01 3.017797722647806324e+00 3.604246480580936551e-01 2.868220837632365683e+00 -2.088619727858557429e+00 1.165606899811765729e+01 9.687894623602529620e+00 1.286000676082473859e+01 3.436470347504186229e+00 1.297175582229748514e+01 -3.559085964233461574e+00 -5.213398767661213462e+00
0 1.328955744419210561e+01 -2.568216800081670570e+01 8.269043148703397961e+00 1.018662476740216327e+01 7.083872675342661296e+00 -3.070764652839482953e-02 1.210937082704985990e+01 -6.280900133348406300e-02 -1.327214576717041261e+01 -2.168018167393710005e+00 4.915012202089160454e+00 -9.638610705478932061e+00 -4.334991482967390120e+00
0 1.347725921165864449e+01 -2.561724015836252022e+01 3.260035270874524382e+00 6.179934652745814105e+00 2.863519120118061423e+00 -2.111249401337892628e+00 2.263110321688209936e+01 5.508223567286002265e+00 -2.188024317336507707e+00 2.095584139202545160e+01 8.516417401142060584e+00 -8.205350910927057484e+00 7.905560641535406496e+00
0 1.342412633416553369e+01 -2.505814829645760966e+01 4.266130013878444593e+00 7.070175363837126525e+00 4.558920514181532546e+00 4.185918919917434700e+00 2.394585315525364067e+01 1.004791351693527623e+00 -2.930371459627823860e+00 1.573720162285767898e+01 1.413568712494321744e+01 1.328207046250162948e+00 1.311090078585905871e+01
0 1.332158194278948926e+01 -3.278088862278112003e+01 -3.704634372210208415e+00 1.336580422881916475e+00 -1.141409433021818964e+00 -2.408352663793109194e+00 1.852568913183377930e+01 1.221411384479357132e+01 5.373920426456272992e+00 1.410275437138242083e+01 9.665071590187741535e+00 -2.309921142935179361e+00 1.624820313076407530e+01
0 1.337622111971223937e+01 -2.681235363122941351e+01 6.961184174532317748e+00 8.915123867548022218e+00 1.371787330848764475e+00 -2.675542180266897940e+00 1.679116594336425550e+01 7.116465297433995474e+00 1.614867748664284397e+00 1.340444363082142232e+01 8.576850568665769003e+00 -1.035897318704257231e+01 2.563374609005036220e+00
0 1.336884056505114771e+01 -2.716629051367662484e+01 1.460576112357721668e+00 7.550010144431044345e+00 5.480311741590901953e+00 7.345936417525442685e-01 1.499506670952645493e+01 4.177715260517102180e+00 1.667001433107428987e+00 9.968600318972740126e+00 1.205898767386296733e+01 -1.273821806786984290e+01 6.764214531530702956e+00
0 1.340422418635953150e+01 -2.775895685245276567e+01 2.089881917108229903e+00 5.212620594122664208e+00 5.062836605220481623e+00 -6.240549439357305772e+00 1.499820005014773905e+01 2.835718449582380174e+00 8.178413895137963685e-01 1.388742869340811836e+01 7.877587727933442530e+00 -7.062460977015641461e+00 1.534443411810949165e+01
0 1.844644904722801826e+01 -5.310739284288662532e+01 2.181123078732528420e+00 1.309330551128796483e+00 -1.542812412718271275e+01 2.370068511956574042e+01 1.447678974598667345e+00 -2.061431102528918657e+01 2.105723955711218309e+01 1.891725765665437820e+01 5.001462233700091353e+00 1.586775317568055321e+01 1.295053074249995184e+01
0 1.540734853690855921e+01 -2.791180005093321270e+01 1.690262297953252224e+00 5.628688766280338207e+00 -1.287543201526541381e+01 1.100002974707507697e+01 9.744985641279756194e+00 -1.089575596375284228e+01 -9.664857642315592967e-01 4.157624266663989765e+00 8.878726697893009057e-01 1.059447883273938729e+01 -1.865425257530033187e+00
0 1.428907945873381458e+01 -3.497229212691937050e+01 1.901096162268637979e+00 6.588350609202836772e+00 -2.942066057956385539e+00 1.543620436087873138e+01 2.043251744598438790e+01 5.938234208316264251e+00 6.628865028998962572e+00 9.828480820890684200e+00 2.643111063992174437e+00 9.205443080358206132e+00 -3.127648071997562340e+00
0 1.386921988856250110e+01 -2.822408955927927110e+01 4.801900385294920248e+00 1.069699578053723066e+01 -2.027060067915722019e+00 8.153397107816660494e+00 1.655404501587464949e+01 -2.519431298220088600e+00 5.724463980361306881e+00 1.103933414972054194e+01 1.559650994794766321e+00 4.283509616704603395e+00 3.490772837413301133e+00
0 1.366008764324369196e+01 -2.888457534353487333e+01 4.282269993153057897e+00 7.449611741693503042e+00 -2.606062267307659663e+00 5.714882811142710572e+00 2.136260925950488954e+01 -5.435958529787928484e+00 3.926714861544441160e+00 1.454757640365418148e+01 -4.704709066894355196e+00 -1.086649743796742307e+01 9.496819266184582276e+00
0 1.354888568330461318e+01 -2.912435218091955491e+01 4.081440560578572629e+00 5.157031368724182663e+00 -1.885499292133766991e+00 1.343750896032519959e+00 1.832653155780959864e+01 -2.988411408589193297e+00 7.724586827029836122e+00 1.638228803466803996e+01 5.906878072854138573e+00 8.077289429446676827e-01 2.816381807108861324e+00
0 1.333276446496531875e+01 -3.067004334335707227e+01 -2.262735089384410259e+00 5.216315156398731112e+00 -3.234841098358130829e+00 -1.922999390590031110e+00 2.606870038731272388e+01 1.085888645500394745e+01 1.327148918469782046e+01 1.975849330496070877e+01 1.082989309650604071e+01 2.706441201956501619e+00 1.414388877423494684e+01
0 1.329116511095982034e+01 -2.821035169265570630e+01 4.590992969889630682e-01 6.337862703111269091e+00 5.234038922396855753e+00 -1.446940288565178534e+00 1.695422060627861782e+01 6.747939359004406779e-01 7.100442148762876826e+00 1.740104159871021849e+01 5.415458134228516407e+00 -3.319803234823504035e+00 1.230536291256543358e+01
0 1.351571895228867959e+01 -2.991334898656598540e+01 3.064527674393425549e+00 4.326966698914498366e+00 -4.995903472223814923e+00 -3.844027870709630257e+00 1.801799825830984858e+01 8.828206412343783116e-01 -2.875481317561810468e-01 8.998392076687441232e+00 -3.999980068750178752e+00 -8.769875734014593860e+00 1.528297590684895191e+01
0 1.335273826987432777e+01 -2.707301643127455293e+01 3.157396804295490078e+00 6.971464066735408416e+00 2.202185409594498822e+00 -2.455400048751696485e+00 1.400200358924145760e+01 2.441447582351807810e+00 -9.985399338842745331e-01 1.188961849734468323e+01 8.456099738443070279e+00 3.537549597918473232e+00 1.719415424657278990e+01
