0 1.317366306489988048e+01 -2.798803247138321026e+01 6.569567141020713485e+00 2.912794742003982584e+00 5.786647496852926231e+00 1.260106827935547535e+01 9.582141034163063509e+00 2.249946024157547075e+00 2.112820602603270315e-01 -9.246731597592494634e-01 1.147369914216020348e+01 -5.613642253564071760e-01 -6.745955754028932105e+00
0 1.305406455353055151e+01 -2.244077300611238357e+01 1.085824641036126081e+01 5.721828287531746327e+00 6.467125139082622987e+00 5.438245962926126609e+00 1.266664050684240017e+01 9.267279916651247618e+00 1.021165570970109115e+01 -5.221649648946319111e+00 1.709423886733913767e+00 -4.802507259355300206e+00 -4.166867312385361899e+00
0 1.310447763259935350e+01 -2.123073041588250121e+01 1.060085924587474437e+01 2.533633300934422294e+00 1.194004859875034352e+00 -5.895418884204054466e-01 6.227832367627123666e+00 -9.270364794998961488e-02 -2.940532821318131873e+00 -9.050861323569524330e+00 -1.006955678523817843e+00 -2.826361046373089270e+00 2.367930524786517665e+00
0 1.323584681312700617e+01 -2.763350076989024018e+01 3.487933550257039439e+00 -3.779644904447730713e+00 -6.055482664740016729e-02 1.781839839652769708e+00 7.576069947859282117e+00 2.645281165156549541e+00 8.925909321809241348e+00 1.130414662127085457e+01 9.678858517042161935e+00 7.450833733342671295e+00 1.220526140306581020e+01
0 1.323040302057542306e+01 -2.995614584876106079e+01 -2.349888914920962579e-01 -5.445147140378931105e+00 -2.844595423504315601e+00 -2.729307888652641623e+00 -3.043168093187693213e+00 -3.029086873733014329e+00 1.243189536506503146e+01 1.007179833232236810e+01 2.353826605252693938e+00 -2.012702775395580623e+00 2.394480054369947375e+00
0 1.309503786377349854e+01 -2.580421484790599962e+01 6.771755838728052090e+00 1.601722271498253081e+00 1.614310855271024470e-01 2.129759607577530467e-01 3.356352044782558774e+00 4.484238590609083142e-01 1.368585623464083945e+01 5.903207040110507897e+00 5.857616401915041848e+00 1.013069606904213327e+00 6.346857126326063359e+00
0 1.312360329662496561e+01 -2.648343271324717207e+01 4.365588680922184217e+00 -2.518727081604093865e+00 2.754129152703842509e-01 7.301989464273339614e+00 5.848069340445849029e+00 3.225320806772645543e+00 1.121130902976146260e+01 6.302681575302627515e+00 7.175739209502440374e+00 1.016389519153142018e+01 8.546027622078502972e+00
0 1.330431642809763737e+01 -3.062133672841162024e+01 1.972703942660619214e+00 -5.925088880003671399e+00 -2.633266746757086274e+00 -5.522659961110317761e-01 3.935927571207240128e+00 -1.813358716920020042e+00 8.657329277813943236e+00 8.121896533346005143e+00 7.715651009865111654e+00 7.939365152317810370e+00 4.347396333312728345e+00
0 1.321718539967574202e+01 -2.742960275395328296e+01 2.404279965058984558e+00 -3.140105252569040051e+00 2.314720804358479711e+00 7.094783792111353016e+00 1.075667551977772618e+01 9.123610940970069194e+00 1.604779604195849174e+01 2.371516747184346796e-01 1.571120166613809266e+00 1.043250385102063582e+01 6.634150529635062021e+00
0 1.319969822851614794e+01 -2.715219810008766999e+01 5.906621016762968246e+00 -3.068219314930648700e+00 5.166706313761930680e+00 1.037034261648820355e+01 1.555423876798586313e+01 2.111364061599718411e+01 2.801021997182762036e+01 1.312644456519988090e+01 7.590646261379248472e+00 4.859426462514261580e+00 4.822142007687023835e+00
0 1.317480911886479156e+01 -2.819209542164386306e+01 5.427020329090865403e+00 1.279957487496489410e+00 1.009526040938016855e+01 8.887985473953325055e+00 1.415122056412438489e+01 1.157196048753129602e+01 1.344760685187532445e+01 7.716564320088544093e+00 2.397473833139675214e+00 -3.058379265099223865e+00 5.681151995299280166e+00
0 1.327265094138229351e+01 -2.925912162853076381e+01 4.258774354315730371e+00 8.675738685010512263e-01 2.975781655290267835e+00 9.227802062413696049e+00 1.423297125326294399e+01 9.618006105396187166e+00 1.450737096456109043e+01 7.853885901249916479e+00 8.725774454664296798e+00 1.733187730593962250e+00 -5.796027620835554339e-01
0 1.321413343696209530e+01 -2.944392842522453435e+01 4.133659726734302819e-01 -6.451958644477837623e+00 -4.008043210479975138e-01 5.677580614817336890e-01 9.658807642436642027e+00 1.206486180193578051e+01 1.335836943363614893e+01 2.817614249661531733e+00 5.143009055560917808e+00 8.205569204215457546e+00 1.518771245855029939e+01
0 1.323665309581569360e+01 -2.751218598354339306e+01 1.575668513391738523e+00 -6.635706954898759946e+00 -2.174223350882991679e-01 1.111695832230991776e+00 1.032450230711659955e+01 1.044029778537341180e+01 1.435803327285075959e+01 9.969585574823875973e+00 7.356812519825846053e+00 -2.242865973395751666e+00 1.631823091986400298e+00
0 1.321459187830137161e+01 -2.693957479846266523e+01 5.990780279345330861e+00 -5.367963797318588831e-02 7.800703927632044454e+00 1.037021810752248996e+01 1.154073306165262736e+01 1.308763341958453807e+01 1.083134001627547249e+01 2.543803053592354146e+00 -1.879711518664080261e+00 -1.035409516692592824e+01 3.538548411446175379e+00
0 1.319539146175450384e+01 -2.800801495167668520e+01 3.618771361416526666e+00 -1.418437099964482639e+00 5.015550153003287548e+00 7.678877208333791060e+00 4.516814463493203924e+00 6.339180060675476902e+00 1.341668415766506861e+01 1.068669507521492790e+01 -4.281770706134119947e-02 -6.108003766303004234e+00 1.625016518579083469e+00
0 1.323347452044087014e+01 -2.571052759166972024e+01 5.287219855433602511e+00 -4.112344053891976436e+00 -4.934129392536815040e+00 1.783740446708256933e+00 3.401586315159968343e+00 2.480279762405122490e+00 1.251983748447296740e+01 8.409082414996090549e+00 1.098888546251131615e+01 1.441466447455470501e+01 2.038685915894295420e+01
0 1.314892364293385008e+01 -2.511213023933476052e+01 6.121246659624246078e+00 -1.102274527767657331e+00 1.010397169796844175e+01 1.477133404347449108e+01 1.222688547946075310e+01 2.789479470833789776e+00 7.634222644317309125e+00 -4.487395293979655087e+00 9.362675898479118075e-01 -3.342691729249409605e+00 3.331268947947675585e+00
0 1.313776956530820073e+01 -2.680715070311120485e+01 7.402062657748476937e+00 3.363413753823144781e+00 -9.057104767438761694e-02 3.232521026601738789e+00 1.254501752214841659e+01 6.328400246075815971e+00 9.999614954486652607e+00 9.415920241467316820e-02 5.672673893020768965e+00 6.274998108521096185e+00 6.153918151577959073e+00
0 1.330005987742213414e+01 -2.891719817517898150e+01 4.367076443743413527e+00 -8.601710215026221462e+00 -1.959504554778356944e+00 8.550824166812477145e+00 1.375166395660306407e+01 9.143585278546021655e+00 1.715771794218071378e+01 1.500336883842096292e+01 1.856100472811563407e+01 1.009848124567580108e+01 4.378889278287310560e+00
0 1.314353680596839702e+01 -2.752233697300879456e+01 3.174381164937522204e+00 -4.633460162607064170e+00 2.896296774750471759e+00 -8.974603708443806838e-01 -7.597807911055884378e-02 -5.744276562698197530e+00 1.796734605775263116e-01 1.199413138736414641e+00 1.684436626947047433e+00 1.030072721156932158e-01 4.649481828884916901e+00
0 1.324909800518909009e+01 -2.794508550152970727e+01 3.593463592151398434e+00 -1.943298801550845112e-01 1.560671327069381498e+00 1.562952355679612770e+00 5.605824472141762271e+00 6.576284833739515001e+00 1.978980285471070033e+01 2.452569061700707653e+00 1.177240317400419833e+01 4.601919928216986477e-01 9.023438073814006088e+00
0 1.331066493377276139e+01 -2.628769472140973207e+01 7.223464707116034056e+00 -3.418706683253115997e-01 8.585043143987575176e-01 2.844076493726509280e+00 1.589470541393277481e+00 -2.195614142367431132e+00 9.525432961609787696e+00 -3.603276159624759223e-01 3.198800525274968276e+00 -4.624835251069627340e+00 -6.859311923761244323e-01
0 1.328717971333558978e+01 -2.982211985749548688e+01 -1.642882764911203219e+00 -6.302432396411930426e+00 4.547011181193730600e+00 4.378251265204863074e+00 3.825475914458804638e+00 2.607506414410753148e+00 1.662609536689266321e+01 1.175489805830174106e+01 2.515436213896794726e+01 1.495285447175094973e+01 4.097223094703361213e+00
0 1.330296867593919075e+01 -3.251016444447436271e+01 -2.416428904483535867e+00 -6.860196413345295952e+00 4.085213517281133910e+00 5.080647066238996173e-02 3.820471600402302048e-01 1.653979708551010841e+00 6.042680641058704616e+00 -7.629066965992714611e-01 7.630793801180792535e+00 -4.492256015236860911e+00 -1.791452091320170581e+00
0 1.314549831688605863e+01 -2.700612530182590731e+01 1.139298061962494280e-01 -7.083170002303446289e+00 3.304476321756424362e+00 2.253147285197823813e+00 -3.638657449438851721e+00 -6.381735471606286403e+00 9.709556732318702643e+00 7.163458986200337719e+00 1.006358247818468055e+00 -5.137588901562478938e+00 -1.025330132001977823e+01
0 1.317623879147897092e+01 -2.680226182382890698e+01 4.212536727050710361e+00 -3.191409103757695043e+00 3.536061800800879507e+00 3.490699100572224989e+00 7.964144484670767632e-01 4.348374966712515111e+00 4.444901929322076839e+00 -9.804776624969805399e-01 6.729204788671985793e-02 -4.588022165320509771e+00 -4.632881351596664921e+00
0 1.322678000642898333e+01 -2.978885815861604058e+01 2.032452607703647551e+00 -5.293681560732252045e+00 1.595944553195283167e+00 2.867388476645876816e-01 5.447604855853870554e+00 2.529958777692255190e+00 1.232519625679508302e+01 1.188437523283488950e+01 6.932030315201274995e+00 9.093336028817129435e-01 4.773280763946105232e+00
0 1.306595744992608843e+01 -2.722580526919558963e+01 7.842161437792524836e+00 4.024722935345754316e+00 2.754815115597146313e+00 6.050783258155203015e+00 7.662146252819166392e+00 4.134433086586096984e+00 4.554326474650009615e+00 -4.850446538972102317e+00 -3.891058811582879251e+00 3.221509568317167727e+00 7.370187499989866886e+00
0 1.313391299277050628e+01 -2.668937778249804538e+01 8.091067618462599143e+00 1.852298364122589511e-02 2.935981288357055963e+00 3.780552961543332535e-01 1.423166547253392977e+01 1.859511514009530941e+01 1.656691139340404106e+01 -6.552374741701356697e+00 -4.227059886142500389e+00 4.248541364928621000e+00 7.086560769872667365e+00
0 1.310762262940431810e+01 -2.628415966995382291e+01 5.510136101269641706e+00 -3.518903605480442121e+00 3.363958853038091501e-01 -4.322697738099816611e+00 1.534145557739231114e+00 -1.658179955078130652e+00 4.019699510150906541e+00 -7.567927996738944563e-01 -7.438055300386189117e+00 -7.522940587213324370e+00 -7.253172896439870065e-01
0 1.314948298108362224e+01 -2.087715215817774705e+01 3.654693028617835182e+00 -6.083395156943812054e+00 5.868342050688916345e+00 3.378386646060448584e+00 2.047466079736364464e-01 -3.224646247407012556e-01 1.359172547212742543e+01 9.463597644081138682e+00 8.428683057144079172e+00 7.453201910828457954e+00 8.318022756635784276e+00
0 1.315314599875834034e+01 -1.706833888547330247e+01 7.180493273035183144e+00 -8.627353333490287213e+00 -4.026776114054746891e+00 -6.516455833417531984e+00 -5.302757126946099575e+00 2.688103698143773812e+00 1.149353962043444888e+01 8.806579402374779875e+00 1.147610189622637655e+01 7.464997109008900011e+00 1.135946415461448256e+00
0 1.342813451686268422e+01 -1.440799083431308425e+01 -6.664192022054420406e+00 -2.416744556848235348e+01 -1.016679024421707211e+01 -1.189713660160652431e+01 -1.236272558791169196e+01 -1.296417024437638510e+01 5.417831489469350226e-01 1.667817274845941000e+01 1.004114723829103362e+01 -6.561024237570165951e+00 -5.817661622259845622e+00
0 1.337013711674254957e+01 -1.628950480716280325e+01 -5.531624485642082867e+00 -1.887861774910983215e+01 -1.691627286154020027e+00 -8.671758418362668364e-01 -4.675604321549817755e+00 -2.884250806926709654e+00 1.783883926543643739e+01 2.272430938429628000e+01 1.098885764698108503e+01 9.575910558704944009e+00 7.317057229471960689e+00
0 1.331479026978999336e+01 -1.956871357034193437e+01 8.573842844531623930e-01 -2.117699518265602876e+01 -1.279347385042852636e+01 -5.336340859983942586e+00 -4.844825020866828424e+00 -3.978870425741886763e+00 1.998849819212695422e+01 2.153098765027309369e+01 1.025702519089623976e+01 8.277719569669233834e+00 9.496348183748178684e+00
0 1.321905876269828894e+01 -2.628224177978608012e+01 -2.144399570898479546e+00 -1.705847409126065983e+01 -1.293591814319460731e+01 -6.621407790395221760e+00 3.090428156619556610e+00 2.734674211124823007e+00 2.172444744473944311e+01 9.411682428879755591e+00 -1.213680770676398346e+00 -9.341338695999755970e+00 -7.147999810494686912e+00
0 1.317605667056471752e+01 -2.481982566767459630e+01 -8.877847695406553274e-01 -1.052615643105862375e+01 -4.750418245695125496e-01 3.478949301743618605e+00 6.885550205477792396e+00 5.841045348437692297e+00 1.321191226268051189e+01 1.029109895433313326e+01 6.931202490436778163e+00 -4.862636842664122661e+00 7.324182771745663123e-01
0 1.309273846691708165e+01 -2.437219020083136201e+01 4.924082434099590344e+00 -7.889060578821148084e+00 -6.905345800596977668e+00 2.711876086002490194e+00 1.609191633668870480e+01 1.211530964413766220e+01 1.256590888899142300e+01 3.032543762286957101e+00 6.814975595895147009e+00 9.630862979285584657e+00 8.944990113630016282e+00
0 1.322510676856286516e+01 -2.697006661272293115e+01 4.641032939248650457e+00 -2.905711764965072330e+00 1.923972215366400951e+00 6.864284616997018418e+00 8.506807303331928694e+00 -3.783398886126781324e+00 2.831976316185542686e+00 2.921023201716086426e-01 9.428886515853045935e+00 5.227906827914100774e+00 1.085715687933294227e+01
0 1.324909183828143533e+01 -3.001063241717459462e+01 1.451817135029574990e+00 -6.880717955946948905e+00 -2.177913589697232144e+00 -6.810589467660040919e-01 1.998462400264776062e-01 -5.185599795122705302e+00 6.422984257500666816e-01 1.556192938899683575e+00 2.161891913538394938e+00 -2.669248289211497038e+00 1.468350372976751927e+01
0 1.313074464980268985e+01 -2.543733274099933439e+01 4.289411654926761130e+00 -1.821275987733496526e+00 5.048611997387481232e+00 8.898926239613523137e+00 1.125893986421746540e+01 3.523774715925452217e+00 9.035321908552500503e+00 8.259506572351403619e+00 8.093713242345963010e+00 -7.276042709219391114e+00 -6.803557898812218063e+00
0 1.315186102436004312e+01 -2.421624374918001266e+01 6.803748859249227898e+00 -6.909108338223496348e-01 5.304133396328402306e+00 6.895235308567454702e+00 1.745910378276208874e+01 6.582878655369921006e+00 1.113593943279244414e+01 4.562882567413658608e-01 5.633782841348475401e+00 -3.155241977288608002e+00 -1.077086116169540198e+01
0 1.323940397058550644e+01 -2.785070749409484137e+01 5.351414763307876576e+00 -3.018610637151445619e+00 4.348614884377165701e+00 6.691379493383080579e+00 1.139372688665602240e+01 6.426065280845324246e+00 1.019518222413400288e+01 3.812836822533939074e+00 -1.045993761083568119e+00 -1.156079522000136528e+00 2.179894345527683797e+00
0 1.315844743546438878e+01 -2.970091668991239331e+01 9.044369029219487821e-01 -1.792680571669511558e+00 8.122817218117409643e-01 -2.649125867598609130e+00 8.230740485924041394e+00 9.934759119621313417e+00 9.899740405146886246e+00 -3.300327102884157870e+00 -4.444940930309975613e+00 -5.071562920343929193e+00 -5.164712526939336357e+00
0 1.310758272763468035e+01 -2.823754865945362269e+01 4.008513358261189374e+00 -4.353360861926900416e-01 -4.222483974131164608e+00 -1.514100848479134065e+00 3.779691539718423421e+00 5.056571759968838009e+00 1.378441756439183763e+01 6.037463969300815414e+00 7.421613639177692789e+00 -4.403548711849000208e-01 2.566592130164224717e+00
0 1.316330585407781761e+01 -2.568847730900546367e+01 2.403565347798390928e+00 -4.111138118915590667e+00 1.668753651264866411e+00 2.086546117547712242e+00 -1.423726988241090341e+00 -4.620752090389229849e+00 6.995420215544201348e+00 6.501033600190842421e+00 -1.189839726760695715e+00 -7.870111367967002280e+00 -2.824642601166185152e+00
0 1.326780779766518847e+01 -2.536289446685148619e+01 1.457171788216334196e+00 -3.564687632331633882e+00 7.327343149888534413e+00 1.479924350234373520e+01 1.660907938456324473e+01 2.620773730503611620e+00 1.355594406212333602e+01 9.607359030170369962e+00 5.173390013625677852e+00 3.300804582150480559e+00 4.820696866964606642e+00
0 1.312834116751362679e+01 -2.476916427843573487e+01 7.679804426103581605e+00 -3.763970010516632381e-01 5.839097290223910441e+00 4.545245774812647355e+00 5.586703264769664834e+00 4.945493208338654689e+00 1.845194173374797231e+01 6.917620812342978986e+00 -2.968544547394301070e+00 3.675095378933965762e+00 1.383779094474243720e+01
0 1.327311544275294786e+01 -2.402452295258763826e+01 7.341405240863624115e+00 -2.101035657806745949e+00 3.063640785559981872e+00 7.851172875202201418e+00 1.376031872909089593e+01 5.949231014578995946e+00 7.737622901946833665e+00 1.020708192043386653e+01 8.836749836733051922e+00 3.292155723983530180e+00 2.886481866630082882e-01
0 1.325035110447471887e+01 -2.777036556166117620e+01 1.933397705114920040e+00 -8.364861595657854920e+00 -7.540070517791196636e+00 -3.626301673343667265e+00 1.204992044841174170e+00 4.095794593188559207e-01 1.464514780856212228e+00 -9.588579277272195611e+00 -7.946633932501815600e+00 -1.481260030520144255e+01 -1.378200066123096690e+01
0 1.322462523402645296e+01 -2.542048801541439929e+01 1.005320865852620038e+01 3.800705831421678393e+00 4.388489340588134446e+00 4.258598500864649417e+00 1.539910031551072578e+01 1.324097609622235261e+01 1.667193073391615954e+01 6.386457362824637940e+00 -4.240356824983744222e-01 -2.308175926813327006e-01 7.636038565107700293e+00
0 1.320753891512019429e+01 -2.174127692518636934e+01 9.180067392414571259e+00 1.292958037253082171e-01 1.364243709805471605e+00 3.891008616591582481e+00 2.745598239160327303e+00 -3.648369392335676142e+00 2.992496124694861592e+00 4.545984652828644279e+00 4.924952706055940155e+00 4.234414489992511577e+00 5.024631742798137957e+00
0 1.303538629639817614e+01 -2.214578041267742492e+01 8.805234837194952036e+00 2.316086740592749216e+00 1.549609923533086908e+00 2.309251450121510008e+00 6.657525691033039372e+00 3.933658339802719617e+00 5.596792179960379698e+00 -3.102404767969733079e+00 -3.077059260395903273e+00 -3.386158489840088492e+00 2.484954782264570561e+00
0 1.308811237963407947e+01 -2.821130774274676511e+01 -1.741056968290964901e-01 -3.645474416194762313e+00 -2.715930312818802594e+00 -1.400509156588841009e+00 3.746724314959926083e+00 2.622841238093913230e+00 3.241851499114094981e+00 -1.098128639564608378e+00 -5.531090274515618077e+00 -8.195723630357319323e+00 -8.418090432438940951e+00
0 1.320250278026655621e+01 -2.635262071091406000e+01 5.936594323047966526e+00 1.546452839597773909e+00 4.116026080290206224e+00 -8.573469935606200520e-01 2.396443037133805465e+00 2.240218316426490830e+00 6.605525594168057069e+00 -2.175395910560002033e+00 -1.881983321261494035e+00 -5.378254168235240940e+00 2.931218104657954182e+00
0 1.327671638224587092e+01 -2.253253965061207964e+01 1.063288823303230934e+01 2.506302077446209253e+00 2.826599667074383149e+00 8.960985835548264111e-01 3.040357525455567700e+00 2.542469590953160830e-01 1.352447379483302115e+01 9.297247299049312685e-01 -5.528988153553801688e+00 -1.357663134426835505e+01 -7.758803253076968609e+00
0 1.328302293741507789e+01 -2.446730370845859071e+01 7.913999809397571639e+00 2.922716406294646685e+00 7.288309028846853721e+00 6.123138949123083208e+00 7.471723714669629146e+00 4.201397325975842811e+00 8.020918608731664179e+00 -4.862417375297172772e-01 -5.008729747513126718e+00 -1.647117590625918737e+01 -1.325711585223360522e+01
0 1.324748046013650438e+01 -2.342049133238521463e+01 9.173055265551761650e+00 5.136912108707074154e+00 4.854228434194697961e+00 9.423963653077568337e-01 9.947026288430333096e+00 6.251839336467539532e+00 1.443646155042770829e+01 -1.635572016328687761e+00 -1.103058146591476074e+01 -1.136255997369467075e+01 -4.050660931491014694e+00
0 1.314753427877321457e+01 -2.380434662762769094e+01 8.464053775630150156e+00 -3.692160802694377963e+00 -3.566455860897471464e+00 -2.592192769687049925e+00 6.435753107684608620e-01 2.573824619951460946e+00 2.821928837993668893e+00 1.679935229424559751e+00 -4.963516171153301570e+00 1.524931813920768375e+00 8.007053845441969742e+00
0 1.321193470671943615e+01 -2.230319794759779839e+01 3.713449874601966627e+00 -2.431323263180868999e+00 1.359889297607509562e+01 1.276107566310444419e+01 7.993103033014092418e+00 6.264487611756229590e+00 1.344145044573294001e+01 1.004330379030961851e+01 -1.050844098257474535e+01 -1.244138869830422678e+01 2.879516497042564627e+00
0 1.328254260923012176e+01 -2.444360814733932230e+01 3.528566579414958326e+00 -4.447682680729998062e+00 1.027032701749642740e+01 1.071074888075575693e+01 7.914439091616552346e+00 1.766189346295762297e+00 1.596772874018137500e+01 6.735418945613782959e+00 4.878055709230278758e+00 -5.628138789135816999e+00 1.747705008010241645e+00
0 1.326187212553831252e+01 -2.448468293271976748e+01 7.781764989711368763e+00 7.700937981731385829e-02 3.351610685316586569e+00 4.780553335791809744e+00 1.174557378207092206e+01 6.225666038804104296e+00 2.055623528684034440e+01 2.118933343266034797e+01 1.506516466804658094e+01 1.016902082728172552e+01 7.364384214557150088e+00
0 1.339628796059326810e+01 -2.807778139730773859e+01 4.193951766509675494e+00 -1.608022557544452891e+00 1.441714709289205532e+00 -9.985212656182324009e-01 -2.402697761332985404e+00 -8.135777063326413483e+00 6.454439253966993029e+00 -8.329818775269108855e-01 -1.725807935230858625e+00 -5.280478423303673452e+00 -3.484064466672491811e+00
0 1.320645207077918748e+01 -2.537793350442486329e+01 6.230933006575456901e+00 -1.327207545157283564e+00 3.726965736219710390e+00 -3.242308243620414920e+00 -2.857640125289202970e+00 3.121640574420349257e+00 4.176999239129120411e+00 -6.782106430623490390e+00 -9.594293615126264996e+00 -3.759453788011810182e+00 1.095204794074183363e+00
0 1.311224353062529246e+01 -2.714766700605866490e+01 3.067669540452573784e+00 -3.733603377983147897e+00 2.337873915352219889e+00 1.072174290997918611e+01 7.829270616190478371e+00 -1.076498212201598914e+00 9.061281298851543653e+00 1.498354503857365039e+01 1.670601017199573946e+01 9.301627466648826115e+00 8.358033325283773962e+00
0 1.352476241620268382e+01 -2.468593915099365788e+01 2.924636375375416097e+00 7.440018642062792509e+00 -1.622631783099666603e+00 5.620855171279413476e+00 1.652074207576211862e+01 6.881726313700547770e+00 2.704292627415966432e+00 -2.843114408384219693e+00 1.847275861038610856e+01 1.866714255750861806e+00 -1.320788140152226342e+00
0 1.335957051771597470e+01 -2.362415828457436717e+01 8.579987296035024968e+00 -2.378978266444510936e+00 3.076856010381801010e+00 9.385498728421318049e+00 1.183144277202627315e+01 7.350435491477610439e-01 5.301024436471989176e+00 9.642301683014382618e+00 2.102588033250588850e+01 2.308638637842573171e+00 1.757279593385099536e+00
0 1.331321787813867452e+01 -2.147447653136152823e+01 8.507845592637956145e+00 -1.562955344360474896e+00 4.340706546542968169e+00 8.638811289237469992e+00 1.249591830539528559e+01 3.094576066880141418e+00 2.792560044065927283e+00 7.412010797469059220e+00 1.379208441124213458e+01 -5.409701482631894542e+00 -1.202507725701494756e+01
0 1.312487440102534109e+01 -2.261842011238958960e+01 8.747392444208553997e+00 2.063566027427323757e+00 3.190895072654107434e+00 2.747767471366322045e+00 1.084907104236830300e+01 7.924660435643986034e+00 1.095472437383265429e+01 8.520497754912998545e+00 9.024693567792239079e+00 8.015121743032347368e-01 3.463478580509003368e+00
0 1.324025207789048686e+01 -2.715357536242438741e+01 6.479555046936646967e+00 -3.568881479489705466e+00 2.450489712064931325e-01 1.338303525983172904e+01 2.274976442731367143e+01 1.508912236594115797e+01 1.257107187460758801e+01 1.559882980230522742e+00 -2.043319846790007777e+00 2.380522480606184765e-01 3.990987473877847691e+00
0 1.355602889987715720e+01 -3.120813568307570662e+01 -5.281524557803269904e-01 -6.322877171229595916e+00 3.473324395702366729e+00 7.013334514577799439e+00 1.307709080272094226e+01 7.896609831825217363e+00 1.589934578702712820e+01 1.270985895336360194e+01 1.626320040518448096e+01 1.529059299638642511e+00 1.147543677242669169e+01
0 1.345280413844366763e+01 -2.773404828187303650e+01 4.656065409302542868e+00 -4.680669962538614115e+00 -2.401799349402784500e+00 -2.546722609869911391e+00 3.345651185258367910e+00 -6.616807462390628558e+00 1.087578249440115741e+01 -2.310340066710931950e+00 -1.335793948954971810e+01 -1.313796267410486962e+01 -8.325074820702875300e+00
0 1.311105678400689989e+01 -2.592644660941713042e+01 7.076778543095534779e+00 1.323451320844218682e+00 9.999486384333222233e+00 1.205148246430612957e+01 7.898690053064705729e+00 8.543124446813088468e+00 1.868961747387115579e+01 1.224704754047392541e+01 6.872095477644326600e+00 -2.127317154921170683e+00 -9.511312684681000329e-02
0 1.311403466382987659e+01 -2.764213481455738730e+01 7.196780030578207032e+00 -5.545507742126067896e-01 2.059091438781524896e+00 9.314444757302389633e+00 9.223957384331242793e+00 1.057452497186349483e+01 1.447723716142077777e+01 4.955805293044513782e+00 1.097808257466247550e+00 -1.742065617441872050e+00 5.961526515621037525e+00
0 1.317000290894286607e+01 -2.843336058716285919e+01 2.783775163490027182e+00 6.349787941780083989e-01 5.829927643193154374e+00 6.133135885904354545e+00 8.591209383859304438e+00 -4.199221781728183167e+00 8.231513301199596455e+00 1.384826857640490960e+00 4.676721804922863157e+00 1.987300765517312939e+00 -6.128546420796945338e-01
0 1.316820722916660813e+01 -2.791511639606839879e+01 1.485338643168093276e+00 -8.688040713893604661e+00 -4.649640150413533846e+00 -4.824034525766842663e+00 6.722456938455679598e+00 6.530575769544149978e+00 1.794248523208624491e+01 1.235212207563882458e+01 4.606516785433387717e+00 -2.303686405911661073e+00 -3.739620773680926380e+00
0 1.317447290061819842e+01 -2.589635425956848636e+01 6.574433575701874588e+00 -3.884218332985182265e+00 -1.586702109908046276e+00 -1.956074770679153696e+00 8.180032830863854798e+00 9.190019760361279211e+00 1.359685913270086921e+01 2.157234334199951142e+00 6.262272054137057786e+00 1.957390232910407590e+00 9.296036739188849651e+00
0 1.302909486725633492e+01 -2.835727319164231730e+01 3.106104081107344150e+00 -3.315062158137763060e+00 -2.117538549491480460e+00 -4.814155085749669105e+00 4.455362899309806224e+00 9.657489324193669233e+00 2.286726690227027348e+01 3.574840404535355454e+00 5.631658875110334250e+00 4.470400904399964848e-01 3.985676994414665053e+00
0 1.323031412357927650e+01 -2.877695703926756110e+01 2.440209683328042889e+00 -4.798470480940070892e+00 5.697722322038911713e-01 -3.374530037468086441e-01 1.065633830597509402e+01 1.089498663608158147e+01 1.039851175554096585e+01 6.787428521751230015e+00 1.154971712763301817e+01 2.792862806482610871e+00 9.817797092426570060e+00
0 1.330792485747818965e+01 -3.002840272497465079e+01 -4.651520416192803792e-02 -4.935300391247659846e+00 2.168855999677477442e+00 -1.287455848051936691e+00 1.249339706567859665e+01 2.199613612267158302e+01 2.308657607339651818e+01 1.650350865323139260e+01 1.912908044787737083e+01 5.205789148963646085e+00 1.789266616350094541e+00
0 1.314304992193950028e+01 -2.649706561348428835e+01 3.634897807631381816e+00 -2.703065728344772545e+00 6.898305923373521331e+00 8.558420700972517281e+00 1.527351678897198362e+01 1.413446322675780209e+01 1.553400611399047726e+01 6.811501055570771790e+00 1.077504673202266972e+01 4.649148071942667215e+00 9.858055299855902343e-01
0 1.312589018714310640e+01 -2.886614395576570402e+01 4.726320941994573310e+00 -1.989283664734758705e+00 2.332370684261924065e+00 3.417109892214989397e+00 7.443156713765223920e+00 1.493903761050455081e+00 8.430394268378520906e+00 2.892154131128926497e+00 3.497775897990544003e+00 9.034328701192468891e-01 2.233457126803823911e+00
0 1.319354248492424553e+01 -2.880057336767379184e+01 3.266497687514883008e+00 -1.649260485615175575e+00 5.058491556984295201e+00 9.997537247813346184e+00 8.728567178816637906e+00 -4.187917406597877701e+00 4.329850458510518862e+00 4.504838148798025466e-01 3.247122826450642208e+00 9.443195976012634940e-01 5.657617023742760043e-02
0 1.320092026785648365e+01 -2.529096221477434625e+01 8.364432677860317966e+00 -4.300653715099894137e-01 4.115016082053792879e+00 9.669453762889931525e+00 1.253095419987559644e+01 8.390446536391033661e+00 7.760611716900690737e+00 1.012824568445836126e+00 -2.888372643798394979e+00 -6.224974071672800591e+00 3.209399984660844751e+00
0 1.307465083505504211e+01 -2.543521749707511148e+01 7.781543998599768308e+00 -2.007542380114909264e+00 -2.275010795313043399e+00 9.702661042018668747e-01 9.518567064526878951e+00 2.113201023910967979e+00 1.283451655532693714e+01 -1.334956768302301977e-01 1.691240489128937208e+00 9.891503356031275729e+00 1.077867446271941887e+01
0 1.305867709746312499e+01 -2.918261910002412662e+01 1.040833158808010417e+00 -3.828568523154574077e+00 1.100065241298963326e+00 6.196739338259485308e+00 1.240580557914616300e+01 -1.202339858292268859e+00 1.002129677419964793e+01 6.859088700899208801e-02 -7.366582424747476487e+00 -4.669555533459853081e+00 2.109406273646357910e+00
0 1.315904137544587904e+01 -2.941241668904623552e+01 2.403330926650665500e+00 -3.824198675803627712e+00 1.928419916410738510e+00 4.577770860386490170e+00 4.036125334854395064e+00 -2.533319778198100392e-01 1.267849631691488987e+01 2.467800993562872414e+00 5.693812146625929493e+00 -6.271389201116521761e+00 -6.512159061686534578e+00
0 1.315172194120447102e+01 -2.749928413039535613e+01 7.597485930404856980e+00 2.445193554232956146e+00 8.529212595760553128e+00 7.076672490357835521e+00 1.096348341854351638e+01 7.777112914632729357e+00 1.158480974219016524e+01 4.120828859964565716e+00 -1.402732194726493020e+00 -5.368203805920508387e+00 2.456032138740805504e+00
0 1.300338201744824218e+01 -2.627327763650749048e+01 7.088533036160881373e+00 -2.341102609565238968e+00 1.756479160485936664e+00 2.715981175579739393e+00 6.897284839969956671e+00 5.018825386448552806e+00 8.106164443462013480e+00 2.784243853311025862e+00 6.234549282486100630e+00 5.389538243548872565e+00 8.677658654891221346e+00
0 1.309315260352524746e+01 -2.585224139294861345e+01 9.024371920847899631e+00 1.912353655103069983e+00 3.508652884740823819e+00 5.892479044862678705e+00 1.385664189841454608e+01 8.938759147552953976e+00 5.986021648731639111e+00 3.539172906704586286e+00 1.035337141120634818e+01 5.779129603775782442e+00 4.805010249365907704e+00
0 1.319990093479444759e+01 -3.179077514458283460e+01 2.816227567589373759e+00 1.765027690652517744e+00 3.465367640719400733e+00 2.272143673737142766e+00 8.612055585180545592e+00 9.176699193068303728e+00 8.388655520318614833e+00 1.011511545938231116e+01 1.498493759765456090e+01 8.898279266653068120e+00 7.208162857216265706e+00
0 1.323689549346294925e+01 -2.888531124374594583e+01 2.696141769940617383e+00 -5.276104450201342999e+00 6.344582884598862771e-01 6.512037026348664881e+00 1.009516664299955302e+01 -1.704550058145258840e+00 -2.346216871987804264e+00 -1.312275320532755529e+00 3.608626587744564684e+00 -3.001036814167438171e-01 8.684009265909402586e+00
0 1.317461879495315280e+01 -2.479110496346542547e+01 7.427609828336962927e+00 2.489355504015967835e+00 1.299056498086574862e+01 6.023160176602996074e+00 7.803402228996059620e+00 8.160886122008353283e+00 1.255228274548348111e+01 8.470707035296912935e+00 8.332519367932551546e+00 -3.681895636527430682e+00 2.501963398121745730e+00
0 1.319821001426539198e+01 -2.699196997493657690e+01 7.188657731833152376e+00 8.041588894028514067e-01 3.200667369017176966e+00 4.897092186339760289e+00 1.145527937805189822e+01 -1.793281638537973954e+00 8.789915845487668022e+00 8.231044729712792218e+00 4.097397128340038996e+00 4.746762861698629266e+00 5.147423931473267267e+00
0 1.307903935946921692e+01 -2.592419087228012131e+01 4.956260429938219580e+00 -2.409985786342143665e+00 -1.108081538991636528e+00 -1.861530291795630843e-01 5.593172993962881812e+00 6.166895008208592266e+00 1.232636389887843720e+01 2.446622843513184264e+00 6.320482800444134242e+00 4.317494015973869281e+00 3.451634373940355882e+00
0 1.310911407833932962e+01 -2.876767006191596465e+01 4.559554695500226629e+00 -5.420287160539190907e+00 -6.568099288269905855e+00 -1.400197061741800919e+00 9.022610744936050420e-01 4.742943276659522311e+00 1.399658080649519931e+01 2.100652774289331948e+00 5.355016650143872958e+00 -6.008324525554158413e-01 -1.747240999233789838e+00
0 1.311718944535016718e+01 -2.673710952064366708e+01 8.347619794562053386e+00 -4.507863704426068874e-01 3.395043810268473017e+00 9.853759931932973615e+00 6.897759165691495831e+00 -2.752534284859642799e+00 2.233220476497874252e+00 -2.759927065907653354e+00 -3.225401677976429959e-01 1.018775374725281457e+00 1.034166469023037882e+00
0 1.331868625786963811e+01 -2.489326600540852752e+01 9.497112462515703513e+00 2.931851138734399509e+00 9.918457871496126899e+00 1.212529030771993810e+01 1.342600758143428408e+01 1.149399422400016668e+01 1.576137527461335885e+01 1.937255914896981679e+00 5.113658624076483861e+00 -9.290759549315547261e+00 -8.163786912765273129e+00
0 1.326924866397072478e+01 -2.802388087422367136e+01 2.556732607487282927e+00 -1.908978022150401355e+00 4.704606608513015154e+00 8.247010018034320211e+00 1.028848641502313122e+01 7.933538606720941466e+00 8.948045791600478083e+00 8.210817325154289748e+00 1.103036151597122405e+01 8.048645352497004524e+00 1.026074337546963555e+01
0 1.319313730138149765e+01 -2.683028536239615391e+01 6.677562488615960135e+00 -8.205875148564623078e-02 4.252761944836064067e+00 1.235428766303813930e+00 5.307730749556581529e+00 -2.448027294416780464e+00 8.510226834848760191e+00 7.030231264936367630e+00 2.549015901286016739e+00 -3.325513301232453589e+00 1.010594456428336763e+01
0 1.322200655216340159e+01 -2.649878861029533894e+01 5.514850510788883220e+00 -1.542943476144591264e+00 1.763048128574819629e+00 2.099988480918147105e-01 5.638176306546000660e+00 -2.974751118670941441e+00 1.777786026724553547e+00 -3.232367016679071448e+00 -6.629370687582232524e-02 -4.356579555874391829e+00 -3.818336606941293287e-01
0 1.312798818564521142e+01 -2.732238541549141075e+01 7.259276151751472561e+00 -4.577209809101849824e-01 -2.280723201489885721e+00 -2.168968885810798053e+00 3.026838118427953361e+00 -1.583192538615266098e+00 1.997290674227470975e+00 -4.663189409164964161e+00 2.968570965540710205e+00 -3.406154370186026625e+00 -8.376295700438902259e+00
0 1.316986890039828140e+01 -3.462298834945288206e+01 -4.126724210218502442e+00 -9.989642185646205874e+00 -2.330792188191046360e-02 9.564741266028306654e+00 1.224009966299655794e+01 9.178227042625444199e+00 1.022034128797539410e+01 7.647968158832495478e-01 6.334649212952267128e+00 3.923400775257399609e+00 9.841795172307595152e+00
0 1.324989418702995181e+01 -2.970251543329681709e+01 2.835734955687612580e+00 -4.599562950224392210e+00 7.228834119745348730e-01 1.305598591638109873e+00 3.318098920028408116e+00 -3.271566501634311397e+00 2.882613518049588652e+00 1.676275657179893130e-01 2.212980964970703290e+00 2.246104330476476285e+00 1.344125050051269277e+01
0 1.310286591340780404e+01 -2.830501372846967456e+01 3.329775448195952947e+00 -6.858044114921129975e+00 -6.726665585844117778e+00 -2.902759822890052632e+00 3.457885172758405012e+00 2.712363616885126394e+00 1.164863009436908392e+01 1.067471344351767293e+01 -1.728941020187777289e+00 -5.387454390809889304e+00 -3.941435405946684956e+00
0 1.316081326886488867e+01 -2.774650894218763142e+01 5.551401522409907585e+00 -2.008872098905761128e+00 -2.609914871361644906e+00 -3.077145353356528279e+00 4.223754089880328855e-01 5.122799441835571344e+00 1.274512472524575202e+01 2.575610342616099668e+00 -1.121413823706111756e+00 -8.707090465493687592e-01 -3.016657551637987655e+00
0 1.342704647746707991e+01 -2.954725196848278657e+01 4.907346500361167152e-01 -1.243677097688613120e+00 2.422915551592667693e+00 1.549622774194810226e+01 4.275168313793294317e+00 -3.806739229161168137e+00 1.423786555209491667e+01 3.246541450863539513e+00 9.574556810121887196e+00 -5.096348384738095483e+00 -8.633241842002794542e+00
0 1.568548195091583963e+01 -1.167875739400951751e+01 -1.663314120815405772e+01 4.907578151232548258e+00 2.878276698418290636e+01 1.907719345969839253e+01 -2.092436748432292504e+01 -2.369632256098371315e+01 7.530666229056007133e+00 -6.917491145124335716e+00 4.784900549903621680e+00 -1.666690400024586793e+01 -1.899509652005888682e+01
0 1.618738726167887876e+01 -1.347763330960798989e+01 -1.321663926291721047e+01 2.846387966398010505e+01 3.523282414780439353e+01 2.334039239735357540e+01 -1.993778270049375934e+01 -2.869843077762460837e+01 3.287849050659440220e+00 -3.506198213380796513e+00 9.158349106460850209e+00 -2.884519534383262851e+01 -3.550589258067815734e+01
0 1.671171777968542571e+01 -1.408554652421475772e+01 -7.327549633276045249e+00 3.378019674105216552e+01 3.152932165506753748e+01 1.217923251579228072e+01 -3.783400881103641211e+01 -3.122184689439583138e+01 6.373023384532642943e+00 -2.064359382622474826e+01 2.489190343280719697e-01 -3.289255021899359122e+01 -3.276021972623021838e+01
0 1.666442343241199353e+01 -9.124868496690991648e+00 -3.321786358243940640e+00 2.443295216226944788e+01 2.284103719626991591e+01 1.011975354704933849e+01 -3.516570729218186386e+01 -2.502246373551292535e+01 6.926211482065638414e+00 -2.830357099026274970e+00 -1.019034662579190398e+00 -2.751432331017854338e+01 -2.155523203470067628e+01
0 1.813287495048130893e+01 -8.467623173617422339e+00 -1.959409814843536424e+01 3.026464287922781082e+01 3.540721798994159997e+01 1.920991198541568323e+01 -3.857708151706219724e+01 -3.030560687930344343e+01 5.861302793610306594e+00 -2.058940996271154233e+01 -3.704325297958147800e+00 -3.080969683924541158e+01 -3.186041118956375584e+01
0 1.854860321974867787e+01 -2.231879366569621048e+00 -2.357021474733144473e+01 1.642491008096251548e+01 2.768087492812456674e+01 9.599948321668376749e+00 -3.696750089777228965e+01 -1.765926458554443457e+01 1.403733487331747476e+01 -2.173629921168650014e+01 -5.993559548225709799e-01 -1.510528341371718142e+01 -2.127027923161788436e+01
0 1.883814100926085544e+01 -6.614199482066157820e+00 -2.629391718374874998e+01 2.979411255201900133e+01 3.767812357319835570e+01 1.904842906651238366e+01 -3.662379003843142300e+01 -2.468862331919669018e+01 1.138597948120179204e+01 -2.125106207892102717e+01 -3.270934132839679265e+00 -2.832107887498129628e+01 -2.720888427774470841e+01
0 1.821365780614117469e+01 4.695234667907424164e-01 -2.171555050298871592e+01 1.561900265766358054e+01 2.880512138236646535e+01 1.030941829107255536e+01 -3.067900086203065513e+01 -2.085392362162516733e+01 1.237434992774265119e+01 -2.041390364230279530e+01 -2.396609685823596347e+00 -2.192978963752173627e+01 -2.032624478826326353e+01
0 1.871817159812703224e+01 2.324971149372252910e+00 -2.869922169366268960e+01 1.136394950608298338e+01 3.482311347507893373e+01 9.243567888864221871e+00 -2.691689274598548209e+01 -1.947524264082183976e+01 3.336332827520094746e+00 -1.834498192785562054e+01 -5.298026722922718257e+00 -2.790674490901118787e+01 -2.851534972805711021e+01
0 1.853729068547472991e+01 1.881637113543066731e+00 -2.206686424986585138e+01 2.493900968101137394e+01 3.809871991066837893e+01 6.282765483381844263e+00 -3.346963395409262176e+01 -2.757838187594249035e+01 1.746120288706579160e+01 -4.692328518417455463e+00 -1.066868615789135610e+01 -1.280220500786570703e+01 -1.830932168899796153e+01
0 1.877882543009431160e+01 1.206032177695704588e+00 -2.547542273211670505e+01 2.408213785358544357e+01 4.026081176849151433e+01 1.398680037468216852e+01 -2.599656222784068760e+01 -3.378112976436061388e+01 8.190347322330531199e+00 -1.945126115930774091e+01 -2.159679829006547180e+01 -1.741063617363404248e+01 -2.208539057741893430e+01
0 1.868713510602034233e+01 -2.727131750604378513e-01 -2.463263780101546985e+01 1.985494605638192667e+01 3.564391767040164183e+01 2.482888553825499756e+01 -9.087899882295657150e+00 -1.932163259235675312e+01 1.036037242654637147e+01 -1.236742665346109149e+01 -9.706501710034402208e+00 -1.510254820528618325e+01 -1.276502359682791798e+01
0 1.868526253807579351e+01 1.674128618123862156e+00 -2.553160563532663474e+01 1.463086900304434934e+01 3.750249593221235500e+01 1.360814456627798741e+01 -2.079996289794200592e+01 -1.267568547715498539e+01 1.421424704257509042e+01 -5.499659488477596447e+00 -6.064688165159179079e+00 -1.810565563805026912e+01 -1.797897247680985444e+01
0 1.890011143794576398e+01 1.455073890523620239e+00 -2.724746468820888268e+01 1.545514200246226011e+01 3.714514352645336714e+01 1.579876474488764160e+01 -3.306102424171258747e+01 -1.997222755331888777e+01 1.833702351414200393e+01 -1.808108661160230213e+01 -5.135034333764088466e+00 -1.955527841735326433e+01 -2.406005634518075453e+01
0 1.791626931070333839e+01 2.839691950271249432e+00 -2.263480613526286689e+01 7.104621339200473784e+00 2.618535553444272068e+01 2.447728815774621935e+01 -1.817803952219966490e+01 -1.473088879101200277e+01 1.728737054524570027e+01 -1.695932623875257406e+01 -3.643459859341984242e+00 -1.722029751019132604e+01 -1.144094496224919411e+01
0 1.713041439990102788e+01 -6.222435104719118648e+00 -1.584239103253389480e+01 2.402527576357413253e+01 3.869062606897583123e+01 2.003930699097384505e+01 -3.235399602804857011e+01 -2.798036316878629393e+01 1.387496543377997860e+01 -1.670578861632865042e+01 -1.183568774855549011e+00 -2.297486462755084347e+01 -2.646130998533396905e+01
0 1.726036640724026938e+01 -1.872212042935716303e+00 -2.362183711646852302e+01 7.307245432118592454e+00 2.058914410881795121e+01 5.040567365475736139e+00 -3.267557066957355971e+01 -2.448063920879158317e+01 1.924615145879685407e+00 -3.517370056795537892e+01 -1.510863248216742072e+01 -2.209750316104873491e+01 -2.420881019102338882e+01
0 1.724721579892303680e+01 -4.945882958622574321e+00 -1.620801387675358995e+01 2.375104527987266323e+01 4.035114822232032594e+01 1.034028493975922380e+01 -3.658166526188468026e+01 -1.443618413011614798e+01 1.997886918237321652e+01 -2.832889729174552951e+00 1.237727075201581484e-01 -2.162246791312932004e+01 -1.862161575483498765e+01
0 1.623593143161673424e+01 -1.004750430558994090e+01 -1.153630083484497781e+01 2.331885771719096923e+01 3.842668567967444204e+01 1.867923487666137916e+01 -3.105268693753594889e+01 -3.172203565503316725e+01 -6.091455758295210021e-01 -9.375308751789550143e+00 7.497708116204823803e+00 -1.987615112704469311e+01 -1.201198894442596732e+01
0 1.470850540038769516e+01 -1.041958017501833034e+01 2.120878142273295186e+00 2.385307044372102681e+01 3.689302146004036587e+01 1.996002114329149535e+01 -2.721528118866346801e+01 -1.626688117249319276e+01 1.493590147203759777e+01 -1.840028750949764458e+01 -2.439825811604212191e+00 -1.541116033502069271e+01 -1.297837328043189764e+01
0 1.474994899074144428e+01 -9.328873621493238844e+00 9.967954690590952183e-01 8.624301107680343748e+00 2.097398308076742168e+01 1.973775736080480669e+01 -2.792949524715042386e+01 -2.318845163779812424e+01 1.068147656014528835e+01 -1.125788204461719744e+01 8.874055737472341221e+00 -2.161997815236247078e+01 -1.852245733914286419e+01
0 1.453883387126613513e+01 -1.713261191408020778e+01 -5.094581050108732967e+00 8.577496543654742567e+00 2.833285736917815356e+01 2.215962274365808327e+01 -3.018918043347878921e+01 -2.906228757381634509e+01 1.494885550656530704e+01 -4.966363467652032071e+00 -1.519163252973851019e+00 -3.188760990147680019e+01 -2.734015170862352662e+01
0 1.389003330748622034e+01 -1.667218177273088742e+01 -4.642445975588417539e+00 6.069102036417049817e+00 2.310458314197268237e+01 1.356593902475709612e+01 -1.686463767925997104e+01 -2.263473400865295559e+01 2.765027506181055306e-01 -3.579957449470399844e+00 -4.971912698313843748e+00 -2.042382814029229365e+01 -7.249914455008380720e+00
0 1.353879459204850200e+01 -1.544439257855738035e+01 -2.658816140520173121e+00 2.257747112025289216e+00 2.408173600411108239e+01 4.504985043779031528e+00 -1.655659281864787147e+01 -1.496036798731239692e+01 -2.207424803936722135e+00 -6.639766500345973377e+00 -9.849800209491641922e+00 -1.727557804206250580e+01 -1.157007384381528858e+01
0 1.320356404385241866e+01 -2.172351620007644968e+01 2.774472590904151215e+00 6.015961607895905949e+00 2.411022885009851180e+01 1.196344577200952131e+01 -1.074510439163897857e+01 -1.764574272758339646e+01 -1.603068038676981888e-01 2.342472612877877225e+00 3.694867572912060361e+00 -1.211960459082673935e+01 -1.113667984195008742e+01
0 1.321412170640777717e+01 -2.124999951086948613e+01 6.787822904891706699e+00 6.487062889601546978e+00 1.466481025553565409e+01 1.213470221628483792e+01 -9.858883108301443876e-01 -1.146388120306747993e+01 -4.190035974310780453e+00 -7.117118668887457922e+00 -6.402565932957180905e+00 -1.780190414298061086e+01 -8.182951891918438747e+00
0 1.317188530082807141e+01 -1.927118501706592824e+01 7.860496185907536848e+00 2.347008891478659098e+00 1.206998565646295596e+01 1.514497176027786729e+01 1.180919159748407843e+01 4.197046565407714702e+00 4.461842631684003635e+00 -6.437211768672151946e-02 2.058702206631035647e+00 -4.377681169968031583e+00 2.377470681818855403e-01
0 1.320847139843858997e+01 -2.238457921460555866e+01 5.353912806096413846e+00 1.760045825627977178e-01 7.464220090363541615e+00 7.727777092380666346e+00 -6.870070460588537653e-01 1.363411525385102296e-01 7.541233013517580019e+00 -5.939574052958345618e+00 -3.749555076862920888e+00 4.157719836637687294e+00 2.953334652246881742e+00
0 1.305061159486353439e+01 -2.488821901523197866e+01 4.326272425231545427e+00 1.694918950842466340e-02 6.606224670827038459e+00 6.881927926348720526e+00 4.865699500601997407e+00 2.422835691588403617e-01 9.775901551445940640e+00 -5.153128878491363807e+00 -1.172355202816909348e+01 -1.117270946986921842e+01 -1.389514413443341567e+01
0 1.338189193266219235e+01 -2.484236196766154947e+01 7.302665042358594150e+00 -3.635352479550229443e+00 3.571912841392166804e+00 4.873368081359265247e+00 1.402038944242745666e+00 -4.656878642590907974e-02 1.527776107154300966e+01 5.158210058325195746e+00 -5.775335558877215947e-01 -4.290333680910349834e+00 -1.975864927832926554e+00
0 1.334165913776560686e+01 -2.377235986026179049e+01 1.053122456846570643e+01 3.924179072430717063e+00 1.445850742480824813e+01 1.124793490078134361e+01 8.622619705047698702e+00 4.880459123258048315e+00 8.097483267004266239e+00 -2.728641096268038524e+00 1.257877262273526586e+00 6.810007591925035797e+00 -2.307638569550166441e+00
0 1.313512391951890201e+01 -2.368705346533010214e+01 1.076154780890988150e+01 6.290546891864843282e+00 1.100058285569209282e+01 8.307505958353420539e+00 8.408263770435659978e+00 4.330138595226923570e+00 4.278856948788680725e+00 -4.794557390007442521e+00 -5.646707990959383139e+00 -2.590738958576896955e+00 5.392784711194625658e+00
0 1.331055092995316080e+01 -2.391752993112396908e+01 1.063409314572245989e+01 6.057184880457083587e+00 2.021297160820466898e-01 -4.494122251458502859e+00 1.249442985932028849e+00 -6.427734602063534197e+00 1.172529903501094095e+00 -2.852558284810371880e+00 -6.878666253941814190e+00 -5.549495068992245095e+00 -4.777612353663847955e+00
0 1.325585585733773009e+01 -2.250470359081734273e+01 1.259171594054969567e+01 6.916075721662057418e+00 1.004022916150856126e+01 1.382984629047544489e+00 1.752204906680839391e+00 9.396534795412716523e-01 4.758921026119653952e+00 -6.161022622989004160e-01 1.488649175201839148e+00 1.122443348504642557e+00 1.015678520933936113e+01
0 1.324430862025623945e+01 -2.468933437744028225e+01 9.013837217357137277e+00 5.557686237797970996e+00 1.210358254023912394e+01 5.480534787329834678e+00 2.603234715763450779e+00 -2.061565821390878739e+00 -3.784066403189819461e+00 -5.051233106505511827e+00 -3.752835242099823443e-01 -7.070135939187801588e-01 4.203444429246547820e+00
0 1.319106851106721301e+01 -2.089110858002440096e+01 1.098730179119857731e+01 -1.276075101819635904e-01 4.227886756908834975e+00 7.162336337593550262e+00 9.405799457062886948e-02 -4.014633113122806130e+00 5.127851598532522814e+00 1.153702198358617892e+01 1.296549373964985641e+01 5.831060249943391227e+00 8.348518561567367158e+00
0 1.321325915228328896e+01 -2.620915261787244788e+01 7.050369311953825324e+00 1.441027056196667155e+00 3.981219257118656429e+00 5.857092229399192718e+00 1.257082666660598314e+01 1.338160673894620700e+01 1.608019277788869417e+01 4.947797906059077988e+00 9.890387748475086838e+00 -5.966306987319129895e-01 3.675595802583341953e+00
0 1.317071277517410799e+01 -2.488475058424414144e+01 1.041680315968918791e+01 7.059831493787204870e+00 8.968010588695246810e+00 1.277620637457122044e+01 3.483494678211332740e+00 -6.910506489480071401e+00 -9.903101288939263336e-01 -1.441700173072244162e+01 -6.528742174780845176e+00 -6.076518746312737917e+00 -1.515188715844256295e+00
0 1.311906955681972775e+01 -2.336103225798700223e+01 6.294079330440153441e+00 1.300264014849191074e+00 3.412169218885800603e+00 4.247724697556239271e+00 6.153782683385880858e+00 -4.028063044633785061e+00 3.044186019331128978e+00 2.038454469951624659e-01 6.126390475331076502e+00 1.991383413250093604e+00 2.209294384492413332e+00
0 1.322823240936707023e+01 -2.789169052517938141e+01 1.597259303780779183e+00 -3.105831285778206663e+00 -1.294629507840100002e+00 5.218890376705297207e+00 1.113514010107272867e+01 8.942553181632430181e+00 1.627465623035386244e+01 6.532855636998356808e+00 8.345310289403958137e+00 1.156481811373430091e+00 4.551089314693936849e+00
0 1.311029681716067863e+01 -2.726204547434461389e+01 3.445020514319166338e+00 -4.197684351199691966e-01 1.938583327723078176e+00 2.424913526696574895e+00 2.915332510733669391e+00 6.715313235967297345e+00 1.395763001176784535e+01 8.959679910845901318e+00 3.748105023235637212e+00 -6.043409143448307930e+00 3.730436726634413169e+00
0 1.324630424694332120e+01 -2.552189552509073422e+01 5.234881050836528438e+00 -4.489954930038694281e-01 -2.200925994873484948e-01 1.667388471234025449e+00 8.159116601117499812e+00 5.914389083511306211e+00 5.658047855419513716e+00 4.846359352035813473e+00 2.340390078212794212e+00 -2.619430226768809433e+00 4.182057297717196143e+00
0 1.315879618548964380e+01 -2.881114960686080906e+01 -1.515380110754325216e+00 -8.054172081582381182e+00 -8.002409025385540664e-01 4.919542561103326328e+00 4.060530241962924336e+00 -4.091851780835265906e+00 7.880723472131037965e+00 7.358775090381761252e+00 4.598829566552034009e+00 -6.332536769877258997e+00 -4.637652008329861353e+00
0 1.311623403292567680e+01 -2.757855436472493338e+01 4.899062915998550594e+00 -2.491725293594682977e+00 9.483840928697632178e-01 7.201054182492033995e+00 5.958944706381485545e+00 6.138802579150436145e+00 1.786612160061953247e+01 1.556487000039358115e+01 1.284471965027834095e+01 7.535161300687784447e+00 5.846379992768685696e+00
0 1.306719030590315356e+01 -2.755970529082290810e+01 3.422337553895903994e+00 1.211306529678101374e+00 5.309006877016426706e+00 1.306907675151858506e+01 7.444229893684216393e+00 -2.120351369654044582e+00 3.505741281262333975e-01 -1.736351802487243523e+00 1.447306812494648476e+01 5.865793094348920711e+00 7.588089333480208865e+00
0 1.322564978022526283e+01 -2.746405699723939620e+01 6.899961456636961366e+00 -3.151359690312668604e+00 1.578260272587470592e+00 1.086822296307124525e+01 1.230022241210416389e+01 9.198748586291729978e+00 4.344095022806774509e+00 -1.605308767944936710e+00 8.002923304675952920e+00 1.852655319662569910e+00 2.194841830241128999e+00
0 1.329231666394647959e+01 -2.568373136218128749e+01 7.298969277681860213e+00 1.288982371905818880e+00 3.912565477977633766e+00 1.139117179975706939e+01 1.273242006829930872e+01 8.168688583491555022e+00 1.446899373555381629e+01 6.370039960352655406e+00 4.443410876710006896e+00 -2.497045324321803594e+00 4.434840097425805538e+00
0 1.324842190419873411e+01 -3.105365401192571184e+01 2.195838548887427688e+00 -3.086680762372817188e+00 4.015044620421812205e+00 1.010955724826962587e+01 8.750251528807684309e+00 5.319831616300698229e+00 1.813165112137838975e+01 1.087117118736263066e+01 1.566358336402748996e+01 1.287040668633732921e+01 1.282178568969216848e+01
0 1.321267825468695989e+01 -3.227432418350152687e+01 3.512158158730625424e+00 7.541396266730776565e-01 1.922207801631950208e-01 -9.247474864676531459e-01 -3.568872653009345974e+00 -1.050460997220871029e+01 -1.545216504400686475e+00 -2.503266729120109613e+00 -2.043906915804817093e+00 2.747567423766378081e+00 -1.216517407594365219e+00
0 1.315287923436305384e+01 -2.975338675502587193e+01 5.201990838627741365e-01 -7.114898198478265989e+00 -7.099614452737177395e+00 -4.624738070912217225e+00 -3.506573172245872616e+00 -4.044489445428673058e+00 1.775501535238972028e+00 8.033407745948037970e+00 1.855199272005478406e+01 1.906435977850449959e+01 1.593879973603701750e+01
0 1.315343317672311940e+01 -2.779671299226612646e+01 7.125329830673241993e+00 1.539014571633340100e+00 1.639706884747855087e+00 2.837126778055496068e+00 -3.824915376472352024e-01 -4.806949895452964583e+00 5.023533775443698168e+00 3.120094247666246545e+00 1.733881155694502496e+01 1.579248661045560098e+01 6.969404184550686665e+00
0 1.549887444273161563e+01 -3.866462675678573646e+01 2.825229728949986141e-01 -8.062597438095581381e+00 -1.342434627112563916e+01 2.892069389020280568e+01 1.065673802063205056e+00 -6.815520538865516009e+00 1.234545286460700630e+01 5.199704555765237934e+00 1.246796699120163510e+01 1.461213534180712204e+00 -1.332343879018670840e+01
0 1.567209962166951165e+01 -3.319916914685107656e+01 -7.951719389319289455e-01 -2.023093786312412767e+00 -1.236070892516731057e+01 2.208508621809579253e+01 -4.779047236974413693e+00 -1.210608952727963228e+01 1.347580005274483916e+01 1.648846169333648248e+01 1.706474841943179754e+01 3.577421024698629104e+00 -5.151664451580029613e+00
0 1.503008562014559502e+01 -2.713559389026227819e+01 -1.382083748773872411e+00 -6.192780423406288648e+00 -1.638850162726496862e+01 2.573602765416393723e+01 1.561589961664158643e+00 -1.282328108648648168e+01 1.593389740811213251e+01 2.029345432629348167e+01 2.701208240692101015e+01 6.229381288230591451e+00 -2.239357092438099439e+00
0 1.387988801165205466e+01 -2.124643734370004466e+01 1.656279188850009243e+00 -3.532994193639092728e+00 -1.002684038310795778e+01 9.772793093173179457e+00 2.384001200804689358e+00 -1.419746475366047456e+01 7.351329307113624090e+00 1.644487375553586617e+01 2.529696567028006626e+01 1.248237573952232893e+01 9.165361256727737604e-01
0 1.329160407249123743e+01 -2.231804550242070562e+01 5.188022170236870068e+00 -5.853358587542006219e+00 -4.104120599943712477e-01 1.489533841367943445e+01 8.712549428961212428e+00 -4.218065951618327425e+00 4.142531994910767956e+00 8.638197676055789032e+00 1.553798362320561566e+01 9.755199703660629496e+00 1.554592958047009033e+00
0 1.318170234564174947e+01 -2.519455375308122669e+01 4.613212121465679161e+00 -2.807560463165419962e-01 3.272091571199654325e+00 6.472367198695744506e+00 4.863192507547151600e+00 -3.764483325681849402e-01 1.633848165392825180e+01 1.050944097254739340e+01 1.073844265574520129e+01 8.754638747584607472e+00 5.832947390067128701e+00
0 1.326513495684727140e+01 -2.747369710920329666e+01 3.073098982964610482e+00 -4.669471234944761129e+00 -6.592020083257351670e-01 9.012019888358311803e+00 9.086088437407306984e+00 -4.198925812793669721e+00 6.562196493111325246e+00 7.641466355082115136e+00 1.470730752365436622e+01 7.464463383512645933e+00 -7.441182418178284408e+00
0 1.324738898242834573e+01 -2.578184456812292424e+01 7.324016379214066674e+00 6.026918184672644951e-01 6.814301016636761688e+00 1.537127356986751714e+01 1.431090227236226120e+01 2.380510656167968975e+00 1.170885072192485232e+01 1.269318491457449016e-01 1.072807841581825272e+01 3.723354432855802365e+00 5.305960824006074050e-01
0 1.327957634144267907e+01 -2.664031392644420393e+01 2.545345562329291322e+00 -5.348024253746485712e+00 -3.065026062374805349e+00 1.380356931667747755e+00 2.596569646579799606e+00 -1.834019382574584522e+00 6.888260747978836918e+00 -6.788339094735388102e+00 -2.991589516445675834e+00 -4.684570214387097309e+00 -8.230104737826524186e+00
0 1.327537811824623049e+01 -2.958485016024251379e+01 2.092320602577934174e+00 -2.636405956587614341e+00 4.529288569047567492e+00 1.187980554847982972e+01 8.777702037629332210e+00 5.592034525864646444e-01 7.725107326648982919e+00 -3.456388846410826332e+00 6.840179164358398900e+00 1.044052818014368356e+01 -2.059271639987672042e+00
0 1.319093882830358311e+01 -2.997630040685460173e+01 1.320225624445888979e+00 -3.241714297217547003e+00 4.651601319775923393e+00 9.656094046708718182e+00 4.077440975601033024e+00 -1.288764455370443374e+00 -7.955141765880392457e-01 -9.288268135046898522e+00 3.349725018361318529e+00 1.057290949266532287e+01 1.493357101482094862e+01
0 1.328321806029700269e+01 -2.690599338941294505e+01 1.000406302193136554e+01 4.606058403223655340e+00 -3.180672400363786512e+00 8.271835486053145559e+00 8.398463638429978673e+00 -7.055020556265723997e+00 1.009141299273169956e+01 6.426255802354259306e-01 4.212762467199517857e+00 3.574003638939150740e+00 -2.517322829206305457e+00
0 1.325274224737726669e+01 -2.699879654778298743e+01 4.401158679189981271e+00 -3.431637145770642494e+00 -3.952509925066273411e+00 3.897314294872403106e+00 1.158723074277225429e+01 1.083687949913819715e+01 1.782092785877931718e+01 3.205092438748720074e+00 6.465082550650789628e+00 5.443605575303703148e+00 2.902399627826184325e+00
0 1.325705585350491056e+01 -2.613703109733449281e+01 6.510713527114442734e+00 7.651945010017169313e-01 1.620775168013805834e+00 7.818638341775254297e+00 1.577532635923928517e+01 8.967372745426940739e+00 1.570090180791549450e+01 -1.039662325291925038e+00 3.721953433007319845e+00 7.875863737243726792e-01 -1.035851288115331670e+00
0 1.319833738373062637e+01 -2.580446949309963500e+01 8.810095478244994283e+00 8.274538041021234358e-01 1.974252488403293038e+00 3.519917987580275742e+00 8.211356238855099576e+00 3.776850658971389052e+00 1.912494744128618507e+01 1.011050643527034687e+01 1.074566767300228953e+01 3.315836972807489680e+00 -1.129910635553643239e+00
0 1.311431209578719859e+01 -2.748311609976882863e+01 4.669648525486629786e+00 8.544383000514368942e-03 -1.197963946253290946e-01 -3.039700611817928166e+00 3.713152811731127656e+00 2.769912107853141681e+00 1.133318578729246795e+01 2.575296209441661599e+00 5.169371177602839040e+00 9.223760249269371769e+00 2.904342944040742225e+00
0 1.311688671180689347e+01 -2.762118420612853598e+01 5.719580135390867071e+00 1.795936032325085918e+00 2.617363804175794950e+00 1.076686782678534371e+01 7.744932503603285667e+00 1.581557747454874541e+00 1.039191585558114639e+01 -3.916688809070842207e-03 1.986784914967213656e+00 1.024546627036578705e+01 -1.657237797069993190e+00
0 1.317762459689336652e+01 -2.673071714683342037e+01 6.158302967094663849e+00 -1.257278275471364060e+00 1.112920850726002886e+00 1.072367169889339067e+01 1.276942048872399482e+01 4.775748039246837884e+00 9.065919388698318926e+00 1.941573038099061899e+00 9.785919019851533562e+00 1.962552699473823159e+00 1.557798564535584296e+00
0 1.308691953793791996e+01 -2.857089905914395800e+01 -6.121487806430115919e-01 -7.947133230908014490e+00 -7.023972561967106287e+00 -2.188721166961442588e+00 3.025367932348062006e+00 -6.834428392750329984e+00 4.330143534203072520e+00 2.982558345184792015e-01 3.372407150037694201e+00 1.112848364832654369e+01 2.852143162201738136e+00
0 1.323675545106436502e+01 -2.738115556617648139e+01 3.879353233279861257e+00 -5.084065340510029785e+00 2.468156015873769871e+00 -2.174755422526385151e-01 -2.213523709479534141e+00 -1.065963699296479206e+01 8.209665427825573181e-01 4.581248263481378369e-01 -3.999804556554462098e-01 -4.482886512206198937e-01 1.916702761688227508e+00
0 1.324996902168355462e+01 -2.525153183715170968e+01 7.923421088107257759e+00 2.785475405398348148e+00 1.615055361212107243e+00 1.028940206679647362e+00 5.423727254167538980e+00 -5.486292504694995076e-01 2.050446407725343978e-01 -3.553480578105371990e+00 1.269367381448682774e-01 -7.181340047223687684e+00 -1.215619228518253259e+01
0 1.319687546421116764e+01 -2.949566387024486502e+01 5.402714184692847255e+00 -9.538772360078699997e-01 1.470398162702028833e+00 5.586525066467104672e+00 1.003372864318530056e+01 5.395812505342430399e+00 1.480228882917253053e+01 1.280729692566696221e+00 7.726763670559611441e+00 5.392558948809678121e+00 4.109182607419000099e+00
0 1.313562841347024879e+01 -2.745243334036041105e+01 6.290457557152925538e+00 -1.747931151938068584e-01 1.005567128730222803e+00 -1.088011694376678440e+00 6.099659586206601425e+00 3.118491131392109761e+00 7.751509580347701878e+00 -5.662843712896135528e+00 6.380008442717994832e-01 5.380609968880491145e+00 7.498600820364605291e+00
0 1.313138698742882760e+01 -2.569392486891669591e+01 5.058905364019819828e+00 -1.434170995023170914e+00 6.288987598477212559e-01 -3.143034272924350780e+00 5.252547548343788009e+00 7.624989681524654728e+00 2.066143218665686021e+01 2.425776988468291595e+00 9.771514204849031771e+00 1.459695136875272681e+01 6.058298681530129848e+00
0 1.309827360604105806e+01 -2.452936294231570002e+01 7.472772117688450955e+00 1.852962122478691853e-01 3.133033132991605907e+00 7.296235617107522664e+00 7.765486034428610296e+00 1.281652635014442820e+00 1.579252469722182006e+01 9.024430753972339403e+00 6.771384532135543033e+00 8.935401401623174422e+00 3.408737594800062443e+00
0 1.301616752673779942e+01 -2.582129414104312914e+01 5.208177645308515125e+00 -2.287495557783855826e+00 -7.842091844418735275e-03 3.317972060860467920e+00 9.364840027345172402e+00 3.840074674571342772e+00 1.625765742307995421e+00 -4.955204416290024838e+00 1.284427837632779124e+00 4.413968165782566899e+00 6.269068742824020823e+00
0 1.313293040410924029e+01 -2.529699271832697960e+01 5.516057884582941995e+00 2.633437733100719713e-01 4.660661189324525111e+00 6.725305971556458928e+00 7.807435170936325441e+00 3.475735139722179401e+00 5.306690214179504927e+00 -6.805597065013821556e+00 -3.282645748794550844e+00 -2.857148601501894536e+00 -2.114097268866339974e+00
0 1.305900780249655568e+01 -2.473929106141314094e+01 5.213294263850374755e+00 -3.297345165770222408e+00 9.058141530322092461e-01 -2.697751026698204657e-01 5.484704556112313334e+00 5.063945238876994104e+00 5.051193131716268603e+00 -7.552530369527646670e+00 -1.111286842592205915e+01 -8.927635985767274462e+00 -1.030248082027985213e+01
0 1.304819263077912872e+01 -2.405141844323093281e+01 9.373887151259657102e+00 3.473885706574956767e-01 3.889640940293813465e+00 6.381659110776932486e+00 7.769883339139974865e+00 7.677467639026613888e+00 -1.115541502226806037e+00 1.032954012990633608e+00 1.334057391656422631e+01 8.699894083562604408e+00 1.756810039700128279e+00
0 1.311077091552235174e+01 -2.282783773242760006e+01 9.937053744434681590e+00 2.077647322620246317e+00 4.637741904630003020e+00 3.658838487282818352e+00 1.018299397961353492e+01 8.042597379250700840e+00 1.146337118280334799e+01 8.149209535296947138e+00 6.666543010222736321e+00 3.937836970357060373e+00 -1.963452618707382413e+00
0 1.319647528692490823e+01 -2.314943676065491829e+01 3.862781448351124247e+00 -7.893370756408835121e+00 2.237282284917074371e+00 9.976560788479021724e+00 7.399713725950708421e-01 -1.065385682343493023e+01 4.186497160433526155e+00 5.104281674060096918e+00 2.013049180744876310e+01 1.406407132117164238e+01 2.840260056626292329e+00
0 1.322787729496380216e+01 -2.444572330136134752e+01 8.111177312789658700e+00 -1.154245531212109377e+00 1.110760950463423935e+00 2.172203266667962485e+00 6.486644268352458553e+00 7.785628490759131104e+00 1.479150438115800270e+01 1.086546217825265614e+01 9.279681985625982676e+00 4.380632063715678370e+00 8.871891390080678619e+00
0 1.324778040374808263e+01 -3.160300060921213827e+01 -2.726902069766149683e+00 -1.090845053621076488e+01 -6.668656755009906512e+00 -7.692268042188813659e+00 -3.066637776836854901e+00 -5.393350746399422135e+00 -4.789382622599832828e+00 7.419568575359075657e-01 1.309685144848408989e+01 1.034095649644137893e+01 1.173977148148169292e+01
0 1.306255097541799159e+01 -2.568444030179141535e+01 4.757904250501598931e+00 -5.661763471351116905e+00 -9.275632949113631343e-01 -3.861511417325884654e+00 3.614731130985096019e+00 5.827321099505151203e+00 1.787671245430419376e+01 1.431138628975689819e+01 1.252956122247371695e+01 5.972619178840279375e+00 6.953448159044617327e+00
0 1.321262559944026194e+01 -2.928956411646218427e+01 3.951429894143530408e+00 -5.010806330658813756e+00 -5.134738877868933571e+00 -3.197255844430261895e+00 3.224796905780340506e+00 9.565933930507771521e+00 1.367150351965020327e+01 8.804747240989445611e-01 5.942223605226387484e+00 4.551174760687695553e+00 -1.931625223420305959e+00
0 1.309228022003388858e+01 -2.598699164699196018e+01 5.985321411427880989e+00 -3.524889608980241729e+00 1.018364981375776024e+00 2.968883000058810118e-01 4.331592233564689920e+00 7.927045164359977747e+00 1.693780464095303273e+01 1.183362979396411951e+01 8.967533888361064243e+00 1.169958764600217194e+01 -5.950826766139462265e+00
0 1.309290347122852793e+01 -2.705336984397931843e+01 7.862307035380950992e+00 1.037910443251647274e+00 1.297774281493645709e+00 -6.298029209237056003e-01 4.207994067269733129e+00 3.030075598523148894e+00 7.805538273118792780e+00 6.026295548085076170e+00 7.981057081750448035e+00 1.028030852636908143e+01 7.112978196386979590e+00
0 1.316547536015367470e+01 -2.592588661858176380e+01 6.105792078595846384e+00 -3.637408172620190339e+00 -5.012440982477145646e+00 -5.417956300930637070e+00 5.056349536437156900e+00 -5.824819031957177984e+00 -1.765768230810218775e-01 8.405069213961029184e-02 7.153912969695801927e+00 5.818321185932579631e+00 6.259817171098926991e+00
0 1.312501733119708902e+01 -2.795576787857848089e+01 3.268111767401317813e+00 -6.091924384215742450e+00 -1.175090230021751392e+00 1.793553281354663742e+00 4.929921568843948165e+00 -2.919973172545120566e+00 6.705234010332842054e+00 -1.036502854591992762e+00 -6.350785597241670466e+00 -3.847473161267298103e+00 -3.386962622893483488e-01
0 1.309107686197807041e+01 -2.714150007983386814e+01 1.164691030130970084e+00 -4.334382847205906941e+00 -1.566151212356744482e+00 3.885548894966563527e+00 1.020826880739218900e+01 3.133986580086560725e+00 1.078841946561912302e+01 1.798119348841435317e+00 -2.393521051685948642e+00 -2.405791200656605344e+00 2.584973090466050394e+00
0 1.303804349324099121e+01 -2.467685631674313740e+01 8.620112189573148953e+00 4.406480897604215130e+00 1.650987036214947690e+00 -7.523606686342345640e-01 -4.797238670611116973e+00 -7.016731020152214171e+00 2.528340698214653681e+00 4.364237202828469719e+00 7.229273210204996580e+00 8.367561666959886679e+00 5.011717578704828036e+00
0 1.304978253843015246e+01 -2.566091447838104145e+01 4.340944462878733923e+00 -4.194497687213680770e+00 3.570090644721604090e-01 1.411768119613133310e+00 5.963187083716018355e-01 -1.427802407568817156e+00 5.119905858462718840e+00 1.514951228777862979e-01 1.092959024532114753e+01 1.842277783165941762e-01 9.425778977514760015e+00
0 1.317593792641317485e+01 -2.263772904441471212e+01 9.753404727785500938e+00 -3.621481800970248521e+00 -4.766706005602050489e+00 -2.663938240578899719e-01 4.315141040181513787e+00 -6.617669671965860090e+00 5.489329087150595754e+00 2.235271029077343652e+00 7.874334655575024877e-01 -7.847369988269651486e+00 8.496191782450477348e+00
0 1.313930781696280370e+01 -2.336590444773479902e+01 9.693683547745155948e+00 4.975444823201211064e-01 1.286655912990346984e+00 -5.492822895206590061e+00 -3.910883588900071484e+00 -3.429922889174256806e+00 8.000619999156613815e+00 5.735249856590227679e+00 1.883056926915964269e+01 1.822176632680912434e+01 1.112385899896879238e+01
0 1.318977646143242310e+01 -2.524021341450589162e+01 8.854756559140986028e+00 -1.582053374013878022e+00 1.897341448938426378e+00 1.664343625565221085e+00 1.917479691280689624e-01 2.220813789836833252e-01 -8.830121370879204235e-02 -7.002961001946924391e+00 2.782125803608090031e+00 -1.483830241333522704e+00 -4.821569963191207897e+00
0 1.315981883913660333e+01 -2.218361638762860721e+01 1.204677173028967552e+01 2.479055902910457743e+00 -8.005725654842289485e-01 -3.608297960572492413e-01 4.966919191673181189e+00 -8.438946815742744967e-01 6.407238744952564069e+00 5.128493972719832428e+00 9.270644440947576115e+00 2.024824542872376010e-01 4.459790654910419372e-01
0 1.813079678666329642e+01 -4.641814702542061610e+01 3.670041609424963269e+00 4.864390007506684377e+00 -2.128137700567763346e+01 2.561831440888987999e+01 -2.946789203329847506e+00 -1.990598281787443469e+01 1.033122196396046633e+01 6.625192895628970291e+00 -1.822402807539432068e+00 9.784381582206698624e+00 6.657731772934920578e+00
0 1.506666427183525059e+01 -3.113200905755568471e+01 3.884311245205604113e+00 4.983336239999684558e+00 -1.116401927877448941e+01 2.204907262495807529e+01 6.761852988545633991e+00 -1.077682181575233500e+01 1.303832790872094138e+00 4.170935335702627533e+00 7.675587013656343771e+00 2.343165321880771046e+01 -6.389954411772185594e+00
0 1.408322343516477027e+01 -2.871898919137388617e+01 5.209840519411387483e+00 -3.424371493430065083e+00 -1.997979633497178398e+01 7.519386528688966342e-02 -5.982487122168156368e+00 -1.221589190430143823e+01 3.769797434449014606e+00 1.407153375193203715e+00 -4.987989961392991667e+00 1.404177313445792663e+01 -4.281478656262663884e-01
0 1.369867843013392950e+01 -2.933933959764542720e+01 1.407264775247539124e+00 1.351197191141054015e-02 -1.686053050504674999e+01 -3.544206628903482592e+00 -1.342655578641598879e+01 -1.504651089329533598e+01 1.989800342676072864e+00 -2.621376621981383881e+00 1.398972488113359836e+00 6.914519140421532484e+00 1.641093911776490444e+00
0 1.348662890586611951e+01 -2.725124546400378023e+01 3.152578555448662279e+00 -4.053466161189883898e+00 -1.015781243479316132e+01 -3.555618394737763310e+00 8.257092754281202263e-01 3.309995625479387939e-03 1.157107787813741240e+01 7.160242818404056742e+00 6.153810940260201257e+00 1.151575725901943947e+01 1.129357176898612103e+01
0 1.323594333629084829e+01 -2.535401872205942553e+01 6.216676241491752464e+00 -1.401724357548483901e+00 -8.527284655765736687e+00 -3.161822556710004228e+00 1.023312611821354801e-01 -3.574009200101910366e+00 1.181114846121849737e+01 1.024654300490841052e+01 9.447663841668255458e+00 1.106662787747726640e+01 7.632244399954674741e+00
0 1.317253359960694326e+01 -2.618960526924110255e+01 5.161237675353177679e+00 -1.376278500384222836e+00 -3.960176052070737973e-01 -2.747001743388037542e-02 2.390556677957232257e+00 -2.790665451852754053e+00 8.645526378517953248e+00 6.637479143871530596e+00 9.262124858878198808e+00 7.119879547469934344e+00 4.227070265297879104e+00
0 1.320312479186116406e+01 -2.775127143798651019e+01 1.191188192854789163e+00 -7.832174453504228140e+00 -8.859152680838308314e+00 -1.066056642438370439e+01 -3.814374674616658023e+00 4.143334220588656969e-01 7.439029814335524016e+00 6.456273247821814110e+00 1.399864306147933846e+01 1.295318829230657798e+01 1.184296995744774428e+01
0 1.322515167770242606e+01 -2.587462842409971842e+01 6.329015217656345449e+00 -2.783797066856611213e+00 4.704141411985598431e+00 6.103595310344844371e+00 7.287421685768330271e+00 3.251078105424637599e+00 1.491125079912508156e+01 6.171472133933839643e+00 1.728599932746730872e+01 1.806132371374831536e+01 9.595096437228098907e+00
0 1.314758674938606653e+01 -2.539143291681067183e+01 4.916071489688976115e+00 -2.126273801420906218e-01 4.911883440153837377e+00 1.164835310365230026e+00 5.402824790130596355e+00 4.104718487454824150e+00 1.033429463538430859e+01 1.720672473666946534e+00 4.455136547025704274e+00 4.564858268125014717e+00 9.402717877843986827e+00
0 1.318737941642419642e+01 -2.762740048506108437e+01 6.670286923485230446e+00 2.019091446162239123e+00 2.222444073032572298e+00 4.532351708014981995e+00 6.461733629300497661e+00 1.805291081162371469e+00 3.937058848516814091e+00 -3.738290663232920696e+00 3.177399227930612358e-01 1.924145976096049537e+00 3.180412629471938146e+00
