0 1.321994473267293735e+01 -2.633955346799510977e+01 1.577948083111297084e+00 -9.353127229590350922e+00 4.137833399068011175e+00 1.699176989480447730e+01 1.153380031536812389e+01 -4.774186141837616582e+00 -2.025250727455171873e+00 -1.799764402478638337e+00 6.162479070774714351e+00 3.932234962669009626e+00 2.137119950820505210e+00
0 1.321206086274966474e+01 -2.957177142818529347e+01 -3.905669363340989353e+00 -1.349215975900896325e+01 1.913638674382556415e+00 1.813690273796706975e+01 1.823503276167803833e+01 -2.663344704684530662e+00 -1.706341473061166347e+00 -1.939439440408555759e+00 3.305451696878253909e+00 1.301282254508012670e+01 1.769918199742249243e+01
0 1.322390185059910728e+01 -2.704462376618329245e+01 -7.401948137889147183e-01 -1.243618144958063354e+01 -1.668011869442799444e+00 1.094587772040762452e+01 1.398488736225156437e+01 2.530297585968101171e+00 5.342417865206892102e+00 4.447177295556379306e+00 3.660059334997690650e-01 -1.423315900211508667e-01 6.667896930851912707e+00
0 1.312604386136956691e+01 -2.837237846791317608e+01 -6.243073132115755541e+00 -1.409917583487646198e+01 5.859827006873043587e+00 1.728168331397602842e+01 2.282680099302180210e+01 1.262391792587088268e+01 1.065429180950011023e+01 2.498815568998790315e+00 7.121140049420199958e+00 -1.144334936738395037e+00 -2.100540024176994258e+00
0 1.322492682232291905e+01 -2.834735440808094253e+01 -5.765799244813196722e+00 -1.370894406206330807e+01 2.542906251070918611e+00 1.045022647831793350e+01 1.141355531202096429e+01 1.393540319159870533e+00 1.489198514227583647e+00 -5.696135405918308914e-01 6.552455181741565049e+00 2.256677760596118354e+00 1.444858431066019522e+00
0 1.310883785509184385e+01 -2.841808968844603100e+01 -5.939766230550997506e+00 -1.732735419122430187e+01 -4.032380024947698871e+00 9.024281398652471253e+00 2.031725899081640918e+01 1.688630026150887531e+01 1.088149179411631096e+01 9.266969008274740460e+00 1.455608792099162585e+01 8.942429962927793241e+00 3.404588839022430591e+00
0 1.301953691451720374e+01 -2.645156823793508138e+01 -1.448985414124006610e-01 -9.831635205802617961e+00 6.009309372789258141e+00 8.862260252339369870e+00 1.377187246799322651e+01 4.906549569747753026e+00 4.781500311024788452e+00 7.275981831461313831e+00 6.173533787292506680e+00 4.500696242247246737e+00 5.894030211625906013e+00
0 1.315753612095533676e+01 -2.592992845086381948e+01 6.839998801151484509e-01 -1.119395324950662562e+01 -3.888505158010364671e+00 3.672722440508092712e-01 1.087692094103435991e+01 6.777935183413250186e+00 2.623109736901152900e+00 5.914737650623359322e+00 7.650483890569106826e+00 6.207793608914526473e+00 4.474470162781982729e+00
0 1.308819036627802745e+01 -2.613876690674071668e+01 -2.684892975075704236e+00 -1.121956632469768422e+01 -2.135265136274752118e-01 4.689700032912480943e+00 1.161973406829986466e+01 2.640928970017404342e+00 3.080299168966800671e+00 -3.518605685772548064e+00 4.317925663903029232e+00 1.008275719833881645e+00 6.821612177200939264e+00
0 1.318132490241219301e+01 -3.068891987548271416e+01 -5.768061018363467518e+00 -1.521165256914868458e+01 -5.809456091638330655e+00 3.602532589868047364e+00 4.953439077221424292e+00 -1.440788214770938991e+00 6.359687146782360134e-01 -9.242468447607295801e+00 -4.595053336062113303e+00 5.202112241162058837e+00 1.374658772331952683e+01
0 1.319685998514653136e+01 -3.011829794903931301e+01 -4.469256470204563847e+00 -1.339779305566466228e+01 8.274851399554641329e-01 1.447954574792094462e+01 1.913862166214010330e+01 5.659257405104290761e+00 9.534476187120608515e+00 9.113519783849808320e+00 3.286821487608946768e+00 -1.248145606345365977e+00 5.130430741176468246e+00
0 1.310882183690587155e+01 -2.565224346630818175e+01 -4.019705626360790873e+00 -1.073701573031408429e+01 5.920241491575390924e+00 1.337097122132382943e+01 1.364370513051936840e+01 7.590206825880157382e+00 1.558391095129552006e+01 6.721281463408717016e+00 9.178602518632377638e+00 2.580373668261278119e+00 7.805891075052985073e+00
0 1.310888977498779973e+01 -2.419166405829437849e+01 1.127343982973378456e+00 -1.041477347362503281e+01 -1.344175572192316981e+00 5.129008684566533027e+00 8.712918047919995246e+00 -2.109345669903587073e+00 -1.027291000673195853e+01 -8.791689660476732726e+00 4.300503989637180169e+00 8.246317807022773394e+00 4.125062233916573895e+00
0 1.336510467673672586e+01 -2.652833926608999704e+01 -2.271941035142476473e+00 -1.242121751328438606e+01 4.760608875719611000e+00 1.409715078434689417e+01 2.286643703904351099e+01 9.989529142433626330e-01 -5.730353979149382937e+00 -1.027673130670272528e+01 1.266500368666265075e+01 1.325118614911557202e+01 9.064027993262989469e+00
0 1.327397288623655669e+01 -2.589980117749868427e+01 -2.662752472186667996e-01 -1.478207025811215303e+01 1.377614615209474813e+00 9.529999683733445082e+00 1.221061770193937512e+01 2.667104499220741776e+00 -2.401241414287456966e+00 -5.614964159028048130e+00 7.315017635309610355e+00 6.513324347688350890e+00 4.696890394439330763e+00
0 1.314870425781996843e+01 -2.591982595767185060e+01 5.483709561071865579e-01 -1.270117963695699892e+01 -1.610534227703554588e+00 8.965322108860595662e+00 1.306689156009996999e+01 6.999854124141151601e+00 5.265295994594539231e+00 2.777679062823984246e+00 1.056027922682260112e+01 7.051121036680630283e+00 1.110812579461937410e+01
0 1.315290533364187731e+01 -2.589913460649864518e+01 1.376592326242622066e+00 -1.006137563701565441e+01 1.814144952529965549e+00 1.348639121819227071e+01 1.383515199161855591e+01 1.238747207628608127e+00 6.948758041111544159e+00 5.618861006813324899e-01 -1.086490813653019583e+00 -6.266160230258455144e+00 8.756506636406992783e+00
0 1.308083625740467504e+01 -3.154207951796948706e+01 -1.158154114756639785e+01 -1.816510632688267179e+01 1.363420900819726223e+00 8.153336265780795955e+00 1.357958406914862337e+01 6.799997671480092265e+00 7.431608347199472497e+00 -2.719340810043860746e+00 1.140331643416355956e+00 4.266232426540834233e+00 2.438458096417665644e+00
0 1.306793549343231042e+01 -2.890990460288070807e+01 -7.761867983544301630e+00 -1.461776134522216353e+01 3.482816232610475460e+00 8.050267357840349192e+00 1.198001567238824094e+01 -7.103131635259997800e+00 -6.181352782705024751e+00 -4.843879423881415569e+00 -1.890006202116856215e+00 -3.100696327097307581e+00 1.031315238669280632e+01
0 1.336494669127795909e+01 -2.820916151854611087e+01 -2.646753037285789034e+00 -1.400981484320173820e+01 -2.450200885050360267e+00 5.139057758304222290e+00 1.437170562694010734e+01 -3.113022917323677863e+00 -1.388543214980344276e+00 -3.927410742783593811e+00 3.630205625180705997e+00 -2.652246550037201445e+00 -4.537828724853656404e+00
0 1.307144410860818340e+01 -2.737632437227177107e+01 -9.116246066803989079e-01 -8.929533980030742057e+00 3.926552349540405551e+00 1.000473941363175712e+01 9.638151914262039099e+00 4.485369686620544805e+00 1.342896706409984731e+01 1.209517081649272896e+01 2.227200228608136356e+01 1.146190715472016208e+01 1.425434555473828357e+00
0 1.318719282220668987e+01 -3.119033880270204051e+01 -7.448459872036526264e+00 -1.616440114846660592e+01 -1.895625114744229900e-01 5.789238585867882314e+00 5.439528791287028930e+00 -5.570783147230955912e+00 -5.690537265548178070e+00 2.705848140939821178e+00 1.415326668563921686e+01 1.715044918311495437e+01 1.599034999787572175e+01
0 1.332946295404709325e+01 -2.636985257569774532e+01 5.607077641480543440e-01 -9.152756466820425985e+00 4.050514696227593525e+00 5.534215739171984616e+00 1.301655902618895944e+01 4.887853091762864866e-01 1.346666169963539161e+00 -6.219809428719393019e+00 7.003300630076753075e-01 -4.539188791940887313e+00 5.986130001940279222e+00
0 1.308350780062442809e+01 -2.480509237683968493e+01 -1.589927093817040671e+00 -1.498309854024242327e+01 1.042823947534597062e+00 1.670506843542919384e+01 1.619386978145850620e+01 2.981881827283557218e+00 9.814345689004865037e+00 5.990547845157380813e+00 1.553799216440012110e+01 1.429954601689466287e+01 2.815683884362892186e+00
0 1.324734255542219863e+01 -2.733135828690004132e+01 -9.713915060787695621e-01 -1.333966913110988450e+01 2.946765350401841843e+00 1.103383281843881569e+01 1.023082271841266611e+01 2.766809646560590252e+00 6.388357998871871501e+00 -4.215481002428110635e+00 1.567773398779638061e+00 7.312422266789925018e+00 1.137265304680495248e+01
0 1.307721201746370099e+01 -2.781387322421424813e+01 -2.831499723973639693e+00 -1.455984660290170396e+01 1.423555464652477509e+00 1.863170554751948416e+01 1.701434317919337147e+01 -6.156547841935068988e+00 -1.157130869152556407e+01 -2.839750581520136929e+00 1.322128784068859986e+01 9.164083711095759810e+00 1.091050093506351004e+01
0 1.307673342473896305e+01 -2.619675154862844835e+01 -2.441407875031842867e+00 -1.729007881866116492e+01 -3.198381896464630447e+00 7.196179060620756296e+00 9.453792395761080769e+00 8.481449118163392198e-01 1.218471303315208054e+01 8.923805282349409396e+00 2.053524177142818985e+01 1.411669820497892758e+01 1.157474692561170748e+01
0 1.317650410814101569e+01 -2.973442755876168775e+01 -3.866114861468204822e+00 -1.421017446390618311e+01 1.452355998478782828e+00 6.914978568623478594e+00 8.842580134465391595e+00 -6.538127293764240733e+00 -6.550039371672494726e-01 4.005934451792560580e+00 9.413801390886725073e+00 2.431144271561660464e+00 1.284671193035717085e+00
0 1.318222298535608594e+01 -2.654543471601203919e+01 -8.722762715642496945e-01 -1.159536495869818040e+01 5.297177858714111842e+00 1.502120809903149556e+01 1.461135658512770163e+01 9.785755129275746089e-01 -7.789655298016825435e-01 2.736657124107528816e+00 1.374017100428769389e+01 1.117007512647290746e+01 7.589846336016603523e+00
0 1.324618869826943524e+01 -2.683263799300350527e+01 -1.170834675178671791e+00 -1.343580057159401875e+01 4.865761566646735758e+00 9.439373778619227551e+00 1.145546574872680168e+01 -1.543646628185415981e+00 8.390787405318773651e-01 9.431544759807000133e-01 4.634172473457806696e+00 3.673341088240581698e+00 9.230061835083386512e+00
0 1.318037746011642852e+01 -2.664302253990102543e+01 -3.101111083493387710e+00 -1.466446427917980166e+01 -5.071643601531631518e+00 5.286301540936394261e+00 9.922669867839363889e+00 -1.767680756052820712e+00 2.705043504723560144e+00 9.208839515328541836e+00 1.296295492202145283e+01 8.908425732201084912e+00 1.832146749012598974e+01
0 1.325590791485476316e+01 -2.879379201507647323e+01 -3.116583534616918172e+00 -1.387534169371769011e+01 2.532924793152412923e-01 1.256472053810103695e+01 1.654576378912403456e+01 7.447191003820822885e+00 8.143610750205434456e+00 -2.100041962051330202e+00 8.743396321411209371e+00 1.149628882052329004e+01 1.247477780202148168e+01
0 1.318057474248269934e+01 -2.654880603478421008e+01 -1.324253394329070188e-01 -1.011761182743752485e+01 2.673981332921716803e+00 1.029470642323891028e+01 8.098867605133369452e+00 -4.446101153060755817e-01 6.337515562913540457e+00 3.799212643430228908e+00 7.278736165730738783e+00 7.790121002661932081e+00 9.677987046096655277e+00
0 1.303492532244136370e+01 -2.630192968550086619e+01 1.344124905522535496e+00 -9.858108901745815444e+00 4.547500896406767801e+00 1.110391147509855614e+01 1.453860368588789775e+01 9.419872851965545024e+00 2.536766214465071112e+00 -1.107714060000045286e+01 -9.949845063929922517e+00 -9.819912481694361261e+00 -2.207479785244160997e+00
0 1.313329710407719908e+01 -2.758972113219317279e+01 -2.304330588507487843e+00 -8.870302670269317957e+00 3.792828988356467423e+00 1.154203429535369452e+01 1.086199452424977885e+01 -1.020978764794626459e+00 -2.203427902732125521e+00 2.123019735980836042e+00 8.859789528039105022e+00 8.383268676565016619e+00 5.408913959990217180e+00
0 1.317218353859087188e+01 -2.731610570953794692e+01 -1.993236429448782321e+00 -9.736027072086839595e+00 4.083135527534158093e+00 9.397609533078776778e+00 1.280899311670481211e+01 3.162249430059062227e+00 -2.444703149721286994e+00 -4.783191092009793977e+00 1.636651145090384452e+00 1.980526531022041015e+00 4.767005728738490156e+00
0 1.308502599942355005e+01 -2.882576156357641750e+01 -7.296450739097829263e+00 -1.477258017505685217e+01 2.319926851522150724e+00 1.370793432618117258e+01 1.365152544953679303e+01 5.419237103915676812e+00 1.423306751865251840e+01 1.152357093340528316e+01 1.373454732467373951e+01 1.804510507442138589e+01 1.606245730697133567e+01
0 1.302312234655981626e+01 -2.918076288656630979e+01 2.344302804566100462e-01 -1.013262492621995925e+01 -2.326010663956382007e+00 4.368445996441565171e+00 1.476201315906203604e+01 2.660192355934404507e+00 -4.503343765830916112e+00 -3.491845304738079747e+00 3.051489402977265897e+00 6.257703499703328731e+00 4.330547761085589364e+00
0 1.318960242859038345e+01 -2.552281512862939650e+01 1.569800409937703423e+00 -8.922104237198846377e+00 2.034878897445568047e+00 6.658932391170414355e+00 1.874739076651150427e+01 3.431306791568921710e+00 -3.081999022174845670e+00 -2.271540947630785290e+00 5.566936867613667239e+00 3.779900509266217234e+00 1.094957506457885144e+00
0 1.317208694806621061e+01 -2.839407651064649940e+01 -5.053387005839764523e-01 -9.324639232105406350e+00 4.612584712187525859e+00 1.171352687231454226e+01 1.769509610185474457e+01 4.954956355541679791e+00 -5.471856559264142383e+00 -7.884934516483022904e+00 2.104224073612238843e+00 2.022450476310818646e-01 -1.078707181529388937e+00
0 1.295300123541530191e+01 -2.704480019894040765e+01 1.106993562381382579e-01 -8.204775928363698512e+00 1.404983268983658107e+00 8.230949859500839239e+00 7.918277109597442021e+00 -4.620976308676805755e-01 5.334097895985217441e+00 1.794011912146678878e+00 7.962566081378941618e+00 4.364373131484659218e+00 -3.872313169999484495e-01
0 1.317143310235163511e+01 -2.332625127554938871e+01 3.711176389746753124e+00 -9.370559319556114986e+00 -1.293932282851600002e+00 9.711282550700733651e+00 2.531031602553224147e+01 3.831029275411727664e+00 -1.838058646992389189e+00 -3.793362363779199775e+00 9.551330967286226326e+00 4.131095018029226296e+00 -3.964954146699349868e-01
0 1.317725954903220753e+01 -2.653896720423885114e+01 -1.231621575477017672e+00 -1.143957687520284949e+01 1.714189492774414791e+00 1.500041509610954948e+00 2.983329232138896892e+00 -7.266954976262054444e+00 -3.853909698535820993e+00 -6.334284494381921427e+00 -1.411987947423408940e+00 1.530800279588633517e+00 1.119494930694830082e+01
0 1.316093973173652110e+01 -2.937130756977754231e+01 -3.410517375905963267e+00 -1.079356097140044568e+01 8.327266880326138487e-01 1.090568295789681486e+01 1.122188127075269293e+01 9.646644003170259385e-01 8.351753053530902804e+00 1.072543516728498503e+01 1.667196534553530896e+01 2.200196850547223804e+01 2.131440955948838933e+01
0 1.311824427864259945e+01 -2.732361461686305759e+01 -1.547738321920088644e+00 -1.198454965395778338e+01 6.045082178199761458e+00 1.024583441627048863e+01 4.335062658937130387e+00 -4.674426600855496439e+00 1.779177882930909282e+00 -4.498307075281891443e+00 6.885387614877536144e+00 -4.533231389790671750e-01 3.839514289905856970e+00
0 1.310635956485820763e+01 -2.597585762331616266e+01 -8.491326693842567996e-01 -1.045619212724217739e+01 1.026407307801448177e+00 1.111178095553714940e+01 8.329347422943838453e+00 -6.071052935276295415e+00 -2.031301986419679295e+00 -4.652913200680098171e+00 8.820881544904614069e-01 3.447282866990200478e+00 1.205124614005206141e+01
0 1.307628135506296729e+01 -2.968428632637803588e+01 -2.674133510236168298e+00 -1.195041866005355047e+01 3.475837921154552479e+00 1.028045847383681455e+01 8.528023141420847608e+00 -2.770250352052877840e+00 2.645057452274128806e+00 -8.321994866744025998e+00 -3.450807752554632568e+00 1.884838940827957998e+00 2.541894994073826020e+00
0 1.304486016327721742e+01 -2.860511453485411693e+01 -2.014554635319982356e+00 -1.001759156973452214e+01 -3.295077497603285721e+00 3.750629083936908525e+00 1.285984882592328127e+01 -2.795653143545651531e+00 -4.525249393913842511e+00 -1.358359495691515262e+00 8.745536343484317854e+00 8.389243168756550517e+00 8.259593508471002821e+00
0 1.301416054668383993e+01 -2.895587756403529056e+01 -2.741683987055451244e+00 -1.482822865723299088e+01 -3.224422622099610614e+00 1.328086166099514465e+00 9.088066817416263987e+00 -7.928364761171493136e+00 -9.014248314457713462e+00 -2.958377416888098743e+00 1.474428268307285350e+00 3.450578316337467477e+00 7.780290978532758972e-01
0 1.312586080874950234e+01 -2.651455835551977813e+01 2.995419128733322722e+00 -6.043647917789654045e+00 6.169356796230636597e+00 1.721605739697893611e+01 1.805861960115941045e+01 -8.014280803827453781e-01 -6.138600951818154350e+00 -2.472387870281795297e-01 1.584301231398155174e+01 3.132529824673451202e+00 -5.125018031087654080e+00
0 1.313365450989578953e+01 -2.591503417587234992e+01 4.080518779304578292e-01 -1.175926712052558720e+01 2.243534168406914997e+00 8.089857976766065661e+00 1.056141445439211246e+01 -6.108868952414714393e+00 -1.471462642794719500e+01 -1.074334874988220356e+01 4.052927633120156692e+00 3.358712043843368633e+00 5.834667707988682395e+00
0 1.306927882530414919e+01 -2.869903805958926313e+01 -8.789386317494908285e-01 -7.169945727381374923e+00 3.101331186987843491e+00 1.197127963639559134e+01 9.138233677970740487e+00 -1.305221229257041493e+01 -7.935118840175618082e+00 6.368594951692053696e-01 1.122628464139323157e+01 1.160197756331821672e+01 9.127695851583951026e+00
0 1.310219011855506466e+01 -2.673861337509669411e+01 -2.511551585363309247e+00 -1.215428683301877122e+01 2.608270795690121879e+00 7.786533430074334738e+00 1.630820518253371532e+01 1.622387325418374049e+00 -4.608179871015810392e+00 -1.129507674935415595e+00 2.518581435410666813e+00 6.273018984175894985e+00 8.691495321306700106e+00
0 1.316914839108017610e+01 -2.879820108308720350e+01 -2.802173701171592146e+00 -1.180536379086744070e+01 5.840935986904727706e+00 1.660356867589507246e+01 1.787650117697278418e+01 4.585769117879353374e+00 5.712677099887189414e+00 8.005202760161452602e+00 7.116520300441012026e+00 1.313699048047632800e+01 1.121244260199415876e+01
0 1.314375485406626431e+01 -2.544649011301972052e+01 -3.347548080941231241e+00 -1.426602244383678553e+01 -1.442824829504281814e+00 9.172995869260040180e+00 1.516371647259208366e+01 -5.058032635145462308e+00 -1.425176436148935721e+01 -1.090493075108187249e+01 1.329752888684097467e+00 6.649075790152459753e+00 5.677728599992566849e+00
0 1.298879158063544459e+01 -2.845700010442373795e+01 -2.312780250224701462e+00 -9.447227552116196136e+00 -4.817769017980647606e-01 5.036913299541486921e+00 1.634732013713255938e+01 5.378892803199102346e+00 6.521681232275005513e+00 2.748760663512006985e+00 3.371526080226669997e+00 -7.731305057249509005e-01 2.911641136581005540e+00
0 1.317854188495526202e+01 -2.710908225243743885e+01 -1.305824740040543164e+00 -1.095935681108633197e+01 4.440987846367765890e+00 1.519995393133265260e+01 1.961977109763514449e+01 6.753373169146303923e+00 1.077462971052436158e+00 3.925600554143776066e-01 3.480247842020765869e+00 -8.863389577528735241e-01 -4.303087658832279061e+00
0 1.322662408548674939e+01 -2.487349110717337197e+01 2.593769435567297332e+00 -9.546801657044678535e+00 -4.308474015358040532e+00 2.830977464963761125e+00 5.621015481591529195e+00 -9.885808214670207761e+00 -1.132113914828638990e+01 -3.228331935577714251e+00 5.499392858613139090e+00 2.392297393310997833e-01 3.259745896800634313e+00
0 1.317293540040309985e+01 -2.669532449699419274e+01 1.919896099418727520e+00 -5.728945303702183800e+00 9.142584064450355541e+00 1.674351724119177121e+01 1.952089042811791586e+01 1.308222141389262294e+00 -4.825121868753670107e+00 -1.164310632329021544e+01 3.412039049571973237e+00 5.907486816436599675e+00 3.221651443916195845e+00
0 1.322919212249393972e+01 -2.822806848811606173e+01 -8.154212034055962066e-01 -1.388108230563935841e+01 3.485154725767285427e-04 4.615825808802025421e+00 6.732618230982017060e+00 -8.861950351841765272e-01 -8.264414039345815421e-01 6.069208975592996769e-01 1.110177722424916702e+01 8.266560983637955218e+00 -1.393439339947010192e+00
0 1.323872051601259869e+01 -2.808737530951143313e+01 -2.723493874824886696e+00 -7.689356589637673878e+00 4.412652076679036917e+00 7.408689335634783824e+00 1.083096058765154979e+01 -4.174076513078256667e+00 -1.082578162969414226e+00 -4.053478131826068420e+00 -5.999335784975676766e-01 -4.583674745131572692e+00 -1.169463779212141619e+00
0 1.304997270846586588e+01 -3.029936968876216596e+01 -4.909408115701645592e+00 -9.489460410779688715e+00 3.552168329602641617e+00 1.097287484706630423e+01 1.324031353617483120e+01 -9.058867618320519455e+00 -2.625380837235616660e+00 -5.280226353426117569e+00 9.516649279709245235e+00 2.104407224329564841e+01 8.593810574180485773e+00
0 1.307922145594712227e+01 -2.536116284045861846e+01 1.025659650406098411e+00 -1.318656759811102042e+01 -3.540041188400566252e+00 7.807196726294463041e+00 1.160424637623918187e+01 -8.647756316767470253e+00 -4.322817103951479112e+00 -1.190916374718546500e+00 1.153716681560919888e+00 6.930688536238852393e+00 3.578545031287264866e+00
0 1.319026526128269694e+01 -2.682009516164518459e+01 -2.680200017583276750e+00 -9.933921889074783351e+00 2.755396669855836755e+00 1.214042633460386433e+01 1.576850290344771821e+01 8.319952974631748432e+00 1.297272244010838449e+01 1.075753091909395920e+01 8.947918751104133150e+00 8.937859866612139825e+00 9.770654237974794043e+00
0 1.303672344119581084e+01 -2.883026983875866733e+01 -1.881805537777454740e+00 -8.521981141203438526e+00 8.999109052312192603e+00 2.214287493660622630e+01 2.001786837142788045e+01 7.419197672705668545e+00 1.631475631988742458e+00 -8.227936589718414240e+00 -6.236960055304894279e-01 1.142649166668399019e+01 3.777058629269819390e-01
0 1.323313752772232910e+01 -2.692363842520834893e+01 -3.266346219824068697e+00 -1.263274104918424001e+01 4.236488742903269156e+00 1.323061212707820999e+01 1.727520354662336288e+01 -3.263347735785830928e+00 1.041071640098014894e+00 1.281473890192060594e+00 7.384850126354844946e+00 9.565497889535631515e+00 7.458342807640415906e+00
0 1.312951103098239081e+01 -2.502143025564439682e+01 -1.671844941633393811e+00 -1.160570433270838109e+01 3.402113140606113362e+00 8.517354120518145777e+00 2.223352554585782670e+01 5.806473884789980389e+00 8.069802028188844290e+00 -1.623298718759177417e+00 3.909374014907564199e+00 6.129204288495325059e+00 1.609595072018729089e+00
0 1.308661452072200682e+01 -2.985275465891992397e+01 -4.009777466361811094e+00 -1.082601086671583701e+01 4.581155120930590630e-01 1.297921073910123546e+01 1.372488475957343468e+01 -2.255751431281810326e+00 -2.857793630040448729e+00 -1.592324459537414505e+01 -1.607071979738863510e+00 7.396453856153175188e+00 6.241799495469344095e+00
0 1.308052945407801815e+01 -2.965061796229750612e+01 -3.051823518106431266e+00 -7.718624175053529157e+00 7.167995697228364271e+00 1.395357159908675548e+01 7.512566782907034835e+00 -9.167946922007637056e+00 -1.187232304930529558e+01 -3.480313323217659516e+00 2.501355693053730178e+00 8.844171137413599837e+00 4.674791172895786495e+00
0 1.309991879315604280e+01 -2.916042334947958992e+01 -4.044397332051926419e+00 -1.284036143141089070e+01 1.196193156776961475e+00 1.017235348067908340e+01 7.171189266932069373e+00 -3.283010727518996585e+00 -5.273807394841219853e+00 -3.740813676459387338e+00 1.456359565929246891e+01 9.635906465411894217e+00 1.250755242720938298e+01
0 1.326192556632907582e+01 -3.006199703234594267e+01 -6.875395425814826211e+00 -1.728923303819291846e+01 1.815710270463946729e+00 1.126275807586180910e+01 1.733023821397047470e+01 9.810830788410909165e+00 6.501621456995742676e+00 4.921338842505832645e+00 1.260401205582003215e+01 1.437934254552029500e+01 1.126798954077276882e+01
0 1.323180208035243233e+01 -3.052309507769665586e+01 -3.197621513378191782e+00 -9.899962864271497409e+00 7.319408564720279564e+00 1.883698552244011282e+01 2.651352340640331207e+01 1.004945287695005796e+00 -7.499882280634828646e+00 -1.279729349606538280e+00 1.176178813089952335e+01 1.413210584093407007e+01 1.619642932163580085e+01
0 1.316037002214582330e+01 -2.711775015013244783e+01 -2.020615908114622883e+00 -9.822308730535336707e+00 6.706697170990779888e+00 1.244982514262873252e+01 1.265751787341639023e+01 -3.522362596981714056e+00 -2.418312555685797616e+00 2.116773511810607467e+00 1.434095858341435736e+01 1.625450710029769752e+01 1.607690620436916973e+01
0 1.302249770038028132e+01 -2.623742541878877788e+01 -1.286858815305109927e+00 -1.173574283476368763e+01 8.145958842782705656e-01 1.167112641542223272e+01 9.583571326550565317e+00 -3.355608902594513498e+00 -2.121278918681408499e+00 -3.859541096915122704e+00 6.694666085207320094e+00 -1.336722195366619070e+00 -7.614135081653791381e+00
0 1.330475482164314371e+01 -2.838136825701051436e+01 -4.142123754127654323e+00 -1.569195932334749166e+01 9.147750060043410292e-01 1.376838777211988152e+01 1.874858903624114248e+01 1.208969903030634718e+01 9.252394700338403055e+00 1.509895606810929936e+00 9.276999129054033233e+00 4.906945930333492356e+00 6.723164169975405002e+00
0 1.319384059121399133e+01 -2.826944705236639166e+01 -1.616506996218734393e+00 -1.228624163083232723e+01 6.030118403918023340e+00 1.643325451202389331e+01 1.704358972674034689e+01 7.613809544737085488e+00 -5.252172792314501848e+00 -1.116143780481531422e+01 2.553840537760018847e+00 1.388071274584096670e+01 2.274619214233212361e+01
0 1.324198343325057259e+01 -2.657947347259736048e+01 -1.296621911828509166e+00 -1.257628991459893797e+01 -5.325881228778996945e-01 6.170080727391814790e+00 1.096403092713892846e+01 -3.603081694685476677e+00 -7.420262055270529622e+00 -5.261839950562315238e+00 3.970940387679461114e+00 4.970947011189704945e+00 6.115012048644673515e-01
0 1.315195335448836111e+01 -2.664995618688829282e+01 -1.458063632835937762e+00 -1.199291362815115747e+01 -4.870436527941747751e-01 1.102744990604332287e+01 1.906208915867758691e+01 6.944647897366830414e+00 6.501284490897459856e-01 -1.754087600470444763e-01 1.422982996553022694e+01 1.168481991071003101e+01 8.308264759634353069e+00
0 1.301377992895496227e+01 -2.624994541934269066e+01 -1.378106229156716100e+00 -1.131286582234760019e+01 -4.988749847502779722e-01 8.738151865755284575e+00 9.036864854926507817e+00 5.477461548351116427e+00 2.486451894144181551e+00 -3.069655698867642890e+00 -3.234944123326505494e+00 -1.755586336675928338e+00 5.443010471328996402e+00
0 1.303345354441578507e+01 -2.941376942507560699e+01 -7.831501936484551507e+00 -1.649585497895807151e+01 -2.133899239963063632e+00 6.207442983856731544e+00 9.216319600953525537e+00 -9.458561258279641892e-01 -7.819454427529372031e-01 -6.815423366517611825e+00 -7.420332780124928584e-01 -2.834947456704214552e+00 -1.216166535558703687e+00
0 1.313541272679626282e+01 -2.481769364984399573e+01 1.781916776985816409e+00 -1.232275670108102794e+01 -1.827653250682899078e+00 4.794113121943424538e+00 1.475575476676770847e+01 -1.541889211436019147e-01 -6.369833141102178686e+00 -3.033456569488895305e+00 8.611448281700001539e-01 3.299333345965898445e+00 3.640200759686793130e+00
0 1.320484734201828125e+01 -2.856781053235515699e+01 -2.236999304403510802e+00 -1.307256448723552644e+01 -4.975092351190697038e+00 3.995521831139912550e+00 1.072494444584579831e+01 6.291818600358242364e+00 9.794169577960676776e+00 1.264051500440563025e+00 7.024572213478117888e+00 1.023939139184225766e+01 1.285295023186028551e+01
0 1.314316884281500464e+01 -2.570505165435777073e+01 -1.684410567530002290e+00 -1.099165180622842364e+01 -1.332388678147836458e+00 6.003265212312107302e+00 9.692074291571898925e+00 5.127115790018622832e+00 -9.385436818160333150e-01 -6.505049482932291127e+00 2.467081413725261907e+00 3.141945832369249736e+00 3.359613799005261026e+00
0 1.302012029545372940e+01 -3.021087251919874817e+01 -7.869983134280952974e+00 -1.612920034316795537e+01 -5.074171612172385659e-01 1.166194108170208565e+01 2.416789116215653266e+01 1.363375253539641818e+01 1.160751382836293821e+01 1.829709268823888901e-01 1.169630327961336747e+01 1.048165539251830936e+01 6.927767284778317602e+00
0 1.323503334460790271e+01 -2.539437042518563459e+01 1.376805552695891777e+00 -5.660390196230043358e+00 8.201228321183739567e+00 1.045881609556975533e+01 1.689961607790761988e+01 7.644347966703302077e+00 6.482572202819455676e+00 -1.129541297699197422e+00 -6.214297897105891977e+00 -3.256704535316292226e+00 8.761856402143417100e+00
0 1.298172518224249039e+01 -2.488012150906138586e+01 -2.561390835083978690e-01 -9.198552339702523284e+00 -2.745085897184889934e+00 7.665896083652340209e+00 1.579154045150750818e+01 -4.315000578155678390e+00 4.987479306064899198e+00 9.621258491647692423e+00 1.467923059627664273e+01 9.610827971394922287e+00 4.592320873506876566e+00
0 1.311729072467122315e+01 -2.629781540850127186e+01 -9.315233604925846622e-01 -1.248648137857486518e+01 -3.385847349695800812e+00 4.923922356642465026e+00 8.590413788531156669e+00 -5.426116967589643458e+00 -1.644241384714825616e+00 -6.467145414250873081e+00 -8.713381743216169539e+00 -1.163730767048012105e+01 -7.938754457044819191e+00
0 1.300952646467211871e+01 -2.749608891645949882e+01 -4.018802853679321885e+00 -1.371244611858051243e+01 -3.264392932700449279e+00 1.454922438742587154e+01 2.142938534797149330e+01 1.304643378766400552e+01 4.043141236286565743e+00 2.756476246896204518e+00 6.423185381621559387e+00 1.154548285889874748e+01 2.654885844266829942e+00
0 1.311036361486550028e+01 -2.679436239202445336e+01 1.454476300499257135e+00 -1.087231229307358404e+01 -9.050539125327263790e-01 1.408421757199822721e+01 2.012033717676652600e+01 -4.966151637179575751e+00 -7.518425897243256273e+00 8.432051134142957149e-01 9.809763486754812689e+00 1.162481091694267477e+01 5.843483527613374306e+00
0 1.319012939112261229e+01 -3.060337129948987567e+01 -7.370210391463090538e+00 -2.002578464278215264e+01 -1.175142729439851230e+01 -1.991632308010978125e+00 -1.688833919233154734e+00 -1.231735926140418869e+01 -1.990174322609834334e+01 -2.394739561382075266e+01 -4.179925996202472405e+00 -3.226472952457752896e+00 -9.385482960094408966e-01
0 1.322034284106569046e+01 -3.066651916088860119e+01 -4.114351606748129164e+00 -8.957534256764068559e+00 6.751362153104774499e+00 1.938102004427501157e+01 1.820844399955440096e+01 -1.253270253831963776e+00 -4.095460520247096170e+00 -7.140937141684754685e+00 4.293696837239873609e+00 2.252007213175251543e+00 2.665695660380907217e+00
0 1.313966576650069662e+01 -2.508619324514359405e+01 -9.326794141247020109e-01 -1.017025163403219956e+01 2.045115422740383104e-01 7.027559015590913560e+00 4.577908737473740608e+00 -1.602912549534077469e+00 5.640409291825498883e+00 1.493574768257037499e+00 1.129551800272673567e+01 9.922477313428698764e+00 3.794131095614327265e+00
0 1.311775945746861716e+01 -2.779585949589479910e+01 -3.209341400401898525e+00 -1.290538885783302092e+01 3.570324343851725590e+00 1.114787335575033467e+01 1.424100520724174324e+01 -7.073538980710505797e+00 8.928396466041939039e-01 -6.639148571054653836e+00 -1.963564520470765795e-01 -3.184455157498412015e-01 -1.361925041894258337e+00
0 1.319997261587935711e+01 -2.550773781800296902e+01 1.631842508597250330e+00 -1.237455336740188017e+01 -2.301396908971380828e+00 1.029552943606141113e+01 2.030500890181563634e+01 8.741848137539957264e+00 1.582821244666819949e+00 3.645455189387899253e+00 8.402949590227944299e+00 2.399894886698812790e+00 4.086552409421849497e+00
0 1.312441829311574359e+01 -2.821185248274660395e+01 -1.202101257445906901e+00 -1.480840869372191371e+01 3.556889837096347318e+00 1.659311892096131302e+01 2.407333524389034096e+01 1.440103895159383640e+01 9.756062368933227091e+00 8.315019273523351906e-01 8.874407892106811246e+00 5.368930672890294353e+00 -1.698768885018177022e+00
0 1.325900869439993635e+01 -2.857502214050585820e+01 -2.917696428691971988e+00 -1.004524739323161242e+01 3.423067667311553208e+00 1.152333580055484141e+01 1.389048383039615153e+01 -3.201177833868287692e+00 -4.934204199578115180e+00 -4.311654812742010456e+00 8.470050035758385221e+00 3.936529826957566591e+00 -6.802470036249550489e+00
0 1.311799747393451021e+01 -3.081337650121527716e+01 -8.299803557119300734e+00 -2.105417359641250741e+01 -2.358520490493061228e+00 4.823990880059538355e+00 1.684492985299486545e+00 -4.190393600600534896e+00 -7.176237288441397411e+00 -1.571755626973016717e+01 4.901226495149852092e+00 3.301368767020958828e+00 5.063576054212680644e-01
0 1.309268756513830745e+01 -3.015130115186284954e+01 -5.926007830790642750e+00 -2.028681355289903010e+01 -3.553168180695734368e-01 1.477742632945163592e+01 1.275621861767808518e+01 1.423362919078940525e+00 5.908189509690143559e+00 4.049085858821146466e+00 9.563205197957799442e+00 1.524168635620013745e+01 1.469168139833784892e+01
0 1.303872480596020367e+01 -2.527213222613525900e+01 -1.725509270170848541e+00 -9.606230791346984432e+00 3.017897736545398502e+00 6.129939692279912755e+00 1.772690418734656603e+00 -5.346569095472704092e+00 -2.383849816330484206e+00 -7.898736790274538677e+00 -1.936717081601921020e+00 2.595591311841388027e+00 5.200921707002347461e+00
0 1.309086793424255113e+01 -2.690982507425263037e+01 -2.817257613734257538e-01 -7.647501514778351606e+00 9.241644587696963953e+00 1.561677973235981298e+01 1.244000445779310127e+01 2.845396300815780322e+00 3.418018106191565320e+00 6.636438736408844186e+00 2.837002690918162262e+00 3.592851658442563600e+00 6.125445780363354409e+00
0 1.317563732493776385e+01 -2.810892403243414250e+01 2.863349966767616994e+00 -8.548532660240983461e+00 2.672275943754123251e-01 1.362837641890233975e+01 1.236986033408782504e+01 -2.864269190306198087e+00 4.881946185125797477e+00 4.943614061985074137e+00 8.005429965584854202e+00 1.222397087057808562e+01 8.730500017869115226e+00
0 1.316644618910560283e+01 -2.841723487160665940e+01 -7.882042527008090715e-01 -1.085882722063366757e+01 2.069791196582827730e+00 1.373929995633045564e+01 2.034553481015508680e+01 9.721947258704034311e+00 5.346268615624215848e+00 -5.379252848924796382e+00 2.857827377469678520e+00 3.448418167202639495e+00 2.287569160450429351e+00
0 1.311900183095021788e+01 -2.708644815297687458e+01 7.208872688275834717e-01 -3.651640490888718116e+00 9.069916876735632627e+00 1.843018555840878392e+01 2.334626096955936703e+01 1.011180116105486970e+00 1.594370406659201489e+00 -3.048627479164895515e+00 3.277629352415026842e-01 6.284696875380372916e+00 1.208205197108637918e+01
0 1.323174254205303235e+01 -2.878949235818609864e+01 -6.903351205690343440e-01 -1.023142581805262985e+01 -1.496489458765184466e-01 1.434340686494739181e+01 1.900453563934987145e+01 -1.073178855973257129e+00 -2.158726190603868833e+00 -9.470770329782643770e+00 -9.710146938247550263e-01 4.745411999855122964e+00 1.291333952733888735e+00
0 1.312770661210737622e+01 -2.866396283788125743e+01 -3.296579584017542253e+00 -1.522060949011977016e+01 -7.013413775956305329e+00 6.271271713745737664e+00 1.166471623024797921e+01 -4.256068554940865667e+00 -6.353835441456707755e+00 -9.155222056904479544e+00 -6.722187716968123006e+00 -7.138032789768434583e+00 -4.939652693835351549e+00
0 1.317072535122474086e+01 -2.860407620422881081e+01 -2.750285168309094086e+00 -1.191043425473904271e+01 1.318184881260961783e+00 1.512650394356791672e+01 1.210084206082050251e+01 3.321616165541727561e+00 -1.110883803204276932e+00 -4.039650905527948588e+00 -3.998956147438489594e+00 -6.705201687843111102e+00 3.011211463057053006e-01
0 1.313925823151220307e+01 -2.624492092441287738e+01 -3.969854214233400902e-01 -1.385507221128013455e+01 1.506997969505379675e+00 1.183114511338345309e+01 8.122338553159920593e+00 -2.913308936802554872e+00 -4.118797665532198948e+00 -7.515617914000049637e+00 -6.746007804953209064e-01 3.861436348738689794e+00 -7.877119066909587630e+00
0 1.308495859485585733e+01 -2.805298370102789107e+01 -7.944799611908302417e+00 -1.452411472210049048e+01 -3.474163004486064743e+00 9.205252013097446451e+00 8.391744825442895461e+00 3.364813150789721430e+00 7.751197553011483166e+00 8.224339790064744804e+00 1.082573826008473894e+01 1.217143034539408930e+01 1.089418304990666186e+01
0 1.305343051244674868e+01 -2.364421130464389975e+01 1.272886495660150441e+00 -7.712917678876205940e+00 1.388881986277520575e+00 9.867883840151547403e+00 1.266824332410300258e+01 -3.753291851560748515e+00 -1.497367805253925432e+00 6.474644894361023084e+00 6.457297215880156926e+00 -5.336734126702239678e+00 -3.027613785050601081e+00
0 1.523474446855584929e+01 -4.099159339219297493e+01 1.366597731004199678e+00 -2.009623633851172286e+01 -2.123171922019245539e+00 1.436390710430088014e+01 5.171241898751047117e+00 3.456319682677368110e+00 2.375518137363513471e+00 -7.198405150136626407e-01 7.376724821501063900e+00 9.470416191094857439e+00 -3.848124222383879189e+00
0 1.367477831283408918e+01 -3.104520922734370814e+01 2.214074977414086653e+00 -1.124533354971193155e+01 2.100024764282092171e+00 1.342184369907125685e+01 5.562781839850188703e+00 5.433350939998794260e+00 1.789296864483289062e-02 -1.170145538474872460e+01 6.718354980312512659e+00 6.085486249811273396e+00 1.206640717944145891e+01
0 1.329676838844383546e+01 -3.134867839673181322e+01 -5.034001013779910494e+00 -1.383636492709582910e+01 -7.655461814048728497e-01 9.043379982396027472e+00 6.406211716656642352e+00 -5.773153843527736306e-01 2.856709525171273079e+00 -1.908758439164333631e-01 -4.191509475035442911e+00 -1.388554929788086367e+00 2.135927900741941610e+00
0 1.324006737288503643e+01 -2.846723863340983129e+01 -5.200918314208146320e+00 -1.522048833454105399e+01 1.723654610523040143e+00 1.460321586190572596e+01 1.701021495784656423e+01 -2.457622824961993580e+00 -5.936805892504083637e+00 4.096879802132140647e+00 1.356739768067055252e+01 1.489739977377632840e+01 6.767740134113010342e+00
0 1.341274866691649947e+01 -3.151643179786902493e+01 -6.815794440886267402e+00 -9.802498254207744566e+00 -1.132682391940626765e+01 6.687107975858253894e+00 7.495208072210750139e+00 -1.826820183644948159e+01 1.099657498057378217e-02 -1.513161796295197803e+01 -2.646746633923237280e+00 6.141496704524523231e+00 -1.197798117255210926e+01
0 1.322654964845587067e+01 -2.894822618274438497e+01 -4.700807451364962475e+00 -1.512451886540657320e+01 6.662836423791208551e-01 1.080657759059401180e+01 1.880929814508443343e+01 2.233517955310424963e+00 9.177094518444296467e-01 -3.966856646392575847e+00 5.913918573850802218e+00 6.488372401681626656e+00 3.931356521498824641e+00
0 1.307150035161313362e+01 -2.426277345932625451e+01 2.070236681993197436e+00 -6.552722635088898961e+00 7.260383404416537623e+00 1.398984165927006629e+01 2.135027117437079980e+01 3.456673721530475252e+00 3.044222995998978831e+00 7.260316931235212046e+00 1.039589012137268220e+01 5.861633077719295315e+00 4.792427516649100383e+00
0 1.294147008000887489e+01 -3.051009107581228008e+01 -4.540103496816902506e+00 -1.599247708140450541e+01 -4.580632496831693601e+00 7.392201139868254778e+00 1.325857470325627219e+01 1.295465317329469457e+01 1.087068700683753164e+01 1.440426759268655044e+00 8.476743873174541477e+00 6.410694987217842034e+00 -5.550266412075953504e+00
0 1.312504979350285161e+01 -2.880099590241147212e+01 -2.733402773696470334e+00 -1.200721073235223280e+01 2.425949644995017085e+00 6.069337358948489580e+00 5.762444088604363301e+00 -5.894292148206378812e+00 -9.086264758186537449e+00 -5.671673118242518186e+00 6.038966189115412497e+00 9.878789619511087139e+00 4.089474795190055190e+00
0 1.313065283449495446e+01 -2.531262180141839480e+01 -1.067625302716148639e+00 -1.150502967735167204e+01 -4.552904158775407772e+00 -2.159041088989332557e+00 4.554158841583054951e+00 -3.947166299859863337e+00 -7.880521138752610177e+00 -9.589877456766423336e+00 -3.354671430831131840e+00 2.919454682841830628e+00 9.642084813473553950e+00
0 1.311733441959805369e+01 -2.694148692045818549e+01 -2.122436951075514333e+00 -1.191666606473304135e+01 1.056727289909831446e+00 1.046566552684297768e+01 9.636613669602654753e+00 -4.401115453490665352e+00 -6.582498723135325136e+00 -3.350146728932157369e+00 6.616435224355687872e-01 4.124492313388721243e-01 8.007222084336503842e-01
0 1.297351531943303549e+01 -3.034214522532758096e+01 -3.962623576270178027e+00 -1.219613616413951895e+01 -1.353816251687460503e-01 7.014228012024867454e+00 5.124110020207197636e+00 -6.597412842204287919e+00 -7.532728757350636961e+00 -3.244272793610782024e+00 -2.861299143313800197e-01 -8.328610393288890634e+00 -7.745453670466977414e+00
0 1.306998349548805827e+01 -2.907731683002554135e+01 -5.660346141814359022e+00 -1.099406485520639976e+01 3.474064053326832546e+00 1.759751504046825943e+01 1.848957035475178046e+01 2.492360291134925632e+00 2.973038295027742084e+00 3.768175566299745594e+00 1.271379861038712100e+01 1.372154964357606133e+01 1.055386591966964005e+01
0 1.311602389765608478e+01 -2.541334118283126386e+01 -2.083522355791612934e+00 -9.982258822608951476e+00 6.731182207112224702e+00 1.853421146236833295e+01 2.293933192608054839e+01 8.559580257369556744e-01 -4.368940875517777656e+00 -5.975682154556757553e+00 8.750407207459773851e-01 4.585216219821560690e-01 1.251788456759526325e+00
0 1.315895855711346663e+01 -3.031222623985956943e+01 -6.574669711947646711e+00 -1.560985923381659113e+01 -8.385525743578246816e-02 1.669242711285380310e+01 2.568701846274202438e+01 1.616161482198634758e+01 1.896670728982948972e+01 1.146195478459424777e+01 9.357353325722097992e+00 8.513973378366443967e+00 1.096260643345472729e+01
0 1.315180380901473889e+01 -2.483109909984796104e+01 -2.066416005670378975e-01 -1.141828551550168491e+01 1.938399909922746023e+00 1.385093944391338283e+01 1.509724693165753706e+01 -1.431257269974672407e-03 2.667733158667843885e+00 1.902151025844933452e+00 9.063898146554777213e+00 1.282783932181657960e+01 1.537826558284344891e+01
0 1.303867385341357377e+01 -2.478594931750874863e+01 1.057487308747639965e+00 -1.186284066197711695e+01 -2.328943713204178589e+00 1.345744719458099858e+01 1.525193476410680482e+01 4.887224667158238667e+00 3.810142363849012170e+00 9.493498413205520015e-01 6.652144972559348446e+00 2.885677455719956597e-02 1.227630732496971522e-01
0 1.316421560820127290e+01 -2.987393869753044839e+01 -3.389503565954166575e+00 -1.513165333399219747e+01 -2.332497574305838928e+00 1.204344623883803322e+01 8.384089264251262108e+00 -9.163877589744506835e+00 -6.015384318288993448e+00 -8.496893016598377812e+00 7.054244081349927420e+00 3.749368995833615159e+00 -2.421612595069889018e+00
0 1.300384185447121865e+01 -3.018526712475957652e+01 -3.904529788781500255e+00 -1.410540398455286315e+01 -4.466536959989874767e+00 1.033364871076567049e+01 1.482395528433664467e+01 -4.231108815780040722e+00 -6.876951877603025842e+00 2.527783012818955566e+00 8.510359878656590382e+00 1.193080815683042673e+01 1.740953504877595748e+01
0 1.302527374994724241e+01 -2.897451676595286330e+01 -5.495610482253233897e+00 -1.835305070651387638e+01 -2.828617231799612330e+00 4.266984326980909792e+00 1.144365538407176075e+01 2.964254757194032530e-01 -2.336674297440799464e+00 -1.428650037725347932e+00 8.521633643759816579e+00 1.401893031587058402e+01 2.132219274024289390e+01
0 1.331580381665732737e+01 -2.608865742460892889e+01 -7.359362231342161387e+00 -1.063619968317807185e+01 2.969547620761197049e+00 -3.184061002092660075e+00 -9.319898045479096949e-01 -1.447371424803147066e+00 -7.864184308850434846e+00 -3.582688695414395852e+01 -1.339036775257448753e+01 1.202648932070230270e+00 -2.717004647275979234e+00
0 1.393510079645673727e+01 -2.146923928839695606e+01 -7.578564911985484542e+00 -4.454577635367719779e+00 1.599910404463935620e+01 6.846385733041412180e+00 -2.467826454022560867e+01 -1.351743055165450436e+01 -4.006975466403953079e-01 -3.572783154584729459e+01 -2.150451894383058615e+01 -1.225395263573921412e+01 -1.036320886470983282e+01
0 1.400168722069076743e+01 -2.214656549891023829e+01 -1.972184709777170974e+00 -6.342409191871414276e-01 1.346714416179251828e+01 2.133300926412316301e+01 -1.817361591648164421e+01 -1.051691339548346527e+01 3.704385944118540053e+00 -1.123153986745313304e+01 -3.125961541692710455e+00 -4.481473765227088180e+00 2.621491475887806732e+00
0 1.485559574282430439e+01 -8.411263013871227656e+00 -6.629166781109171680e+00 -9.053657557765718567e-01 1.365564539349388085e+01 1.337497462742433463e+01 -3.188529404757913710e+01 -7.392528572134799525e+00 1.590402043351872940e+01 -1.094657427079690137e+01 -7.791410637042488041e+00 -3.568266191876016347e+00 -1.279371976561202384e+00
0 1.673827924669571487e+01 -8.075792886393594827e+00 -1.521020758969633668e+01 1.265854751905727049e+01 3.553634306524872954e+01 2.036595086442691027e+01 -4.119619726363541901e+01 -1.371584556165926116e+01 7.113922902189837139e+00 -3.229949881644395049e+01 -1.330630320975516589e+01 -4.107011204042361641e+00 -9.337868518919201222e+00
0 1.619444577152135523e+01 -6.064775347727221266e+00 -7.568763756525172859e+00 1.592895003871398174e+01 3.370003892820082569e+01 1.634058472342506008e+01 -3.424083352265595437e+01 -6.203853556010717973e+00 1.150989370718503224e+01 -2.649401505721963446e+01 -7.587936460804348471e+00 -9.613983420569768512e+00 -1.367332787802495275e+01
0 1.633055067343084943e+01 -4.171617384628696357e+00 -7.980627536791125465e+00 1.228111408348696187e+01 3.086113063691992764e+01 1.229426598196884513e+01 -4.529943394724100614e+01 -1.490538383914619658e+01 1.801763036130695284e+01 -2.735192239178359586e+01 -1.320568449114398213e+01 -1.853016092223267819e+01 -1.337551412890043245e+01
0 1.544546143856829445e+01 -4.187873827920832071e+00 4.459677890041187642e-01 1.434055026959464385e+01 2.634523805247728845e+01 1.489754283555967440e+01 -2.773955610080328071e+01 -4.713211263071698909e+00 1.808966088933429717e+01 -2.353717978492345608e+01 -1.003791704495302639e+01 -1.077785039673023348e+01 -1.621356271612934563e+01
0 1.540163468276210601e+01 -5.685239768066560728e+00 1.900735717630594568e+00 1.853035390204778565e+01 3.025358396049950471e+01 1.320567223334187368e+01 -3.320380757214974921e+01 -5.838812625908106568e+00 1.991425250669257707e+01 -2.268973691015221306e+01 -1.651223301443756597e+01 -1.040868616826539572e+01 -1.328259514883473535e+01
0 1.528543066458576938e+01 -5.163127764838875144e+00 6.807830602938224063e-01 1.419159647899427767e+01 1.967473550228740464e+01 7.764539933870408639e+00 -4.101480573577705258e+01 -1.360164189828541836e+01 1.225454434359715883e+01 -2.551102687085970899e+01 -1.234111287557333192e+01 -1.374137291708296260e+01 -1.675647704286562956e+01
0 1.540037342250150587e+01 -3.932161712610945603e+00 8.751490810041001600e-01 9.485847792425682101e+00 1.564209931099663464e+01 1.121742607943394177e+01 -3.771338182966631791e+01 -1.209682871326757514e+01 1.586530081730658992e+01 -3.238205076014524053e+01 -1.397894474575543455e+01 -7.135791068151583261e+00 -7.384958088026350786e+00
0 1.531455582257409809e+01 -5.216220318340464956e+00 4.267282983277594255e+00 1.514302325881185851e+01 2.348829163043988899e+01 1.531215914294758385e+01 -4.039279948317866342e+01 -1.138939037228795925e+01 2.022221003444908760e+01 -2.979093884138982062e+01 -1.188257520726939376e+01 1.939433276273864415e+00 -5.582386144943101591e+00
0 1.516744371643492606e+01 -4.618411377791284522e+00 -1.890394332889699380e-01 1.431627597274540697e+01 2.234273041963287909e+01 1.049318617852625302e+01 -2.890053112884003284e+01 -9.044718721601398670e+00 7.348845576333140173e+00 -2.696190542848986382e+01 -3.833427066719799825e+00 4.322891399080878827e+00 -3.811324033230465869e+00
0 1.508312476351075659e+01 -5.407398844168410434e+00 2.278418309070930903e+00 8.023436782401462963e+00 1.620694156108186945e+01 1.990818093858206739e+00 -4.107061582233544073e+01 -1.533089876363996140e+01 1.311043034439693677e+01 -2.550171604420458848e+01 -1.519284680153907274e+01 -6.503302666880634852e+00 -6.582236277536134494e+00
0 1.523172379507185248e+01 -7.734260739007010166e+00 1.673957194142928318e+00 7.989582810037605398e+00 1.417734049247450834e+01 6.962773423325930189e+00 -4.096481473840896825e+01 -1.824812188523463163e+01 7.494425719344052439e+00 -3.882974915495022117e+01 -1.627029113078260281e+01 -1.134000358805083586e+01 -4.972676846662372085e+00
0 1.508598651742483376e+01 -8.560343605147384238e+00 4.024018647197095788e+00 1.608362736775120538e+01 2.214016469267180653e+01 1.369387208989123916e+00 -4.551540991812240122e+01 -1.529818427936714542e+01 1.210384969613622275e+01 -2.971247687173360319e+01 -2.257040354238006685e+01 -1.936444951077545795e+01 -7.032102739328537133e+00
0 1.497298242448777650e+01 -6.659748948949570924e+00 1.072460217898993928e+00 1.026982346720548911e+01 2.193712598994182272e+01 -6.150150736595958456e-01 -4.200848267611935682e+01 -2.057199772300354468e+01 8.875401794668370314e+00 -3.223647959777199645e+01 -2.411415617927757538e+01 -1.343910940946799748e+01 4.163486345601803973e-01
0 1.477723822062974257e+01 -9.798154759907768963e+00 3.192853798357605383e-02 6.537887693301019709e+00 1.728142420193686135e+01 1.073727949168544193e-01 -4.290793697845864330e+01 -3.315806451584683145e+01 9.731940496255481188e-01 -3.392125435489447938e+01 -2.189351216227703745e+01 -1.131926984734968400e+01 -3.517406588152654390e+00
0 1.430272457631188665e+01 -1.082009229840514308e+01 1.776185385000951245e+00 4.922371821947701065e+00 1.831861820426146181e+01 -3.601984811669008302e+00 -4.149859989810364169e+01 -2.818561381512170172e+01 -3.349660693583764282e+00 -3.299623765860756919e+01 -2.894081453920337665e+01 -1.974553688195354084e+01 -1.779667079635977478e+00
0 1.388598795995666535e+01 -1.077249087484750056e+01 3.004176312373334934e+00 2.608033263410608260e+00 1.711294986377072291e+01 -2.497701415702995753e+00 -3.529210610980506146e+01 -2.495059813649694291e+01 3.348769003647806830e-01 -2.608022547244334888e+01 -3.322842117426397834e+01 -1.735601085792721676e+01 -6.119431648811877178e-01
0 1.362240156300133975e+01 -1.164133989042524320e+01 4.898796845472269013e+00 2.203263604326514802e+00 1.976098699686347260e+01 1.143027377871459649e+01 -1.270127492476635389e+01 -1.295886649447356831e+01 -4.858671024419574103e+00 -2.816693500184742049e+01 -1.567423466767749751e+01 -5.828417700807768220e+00 1.624514358829860505e-01
0 1.335342230423634469e+01 -1.793108317557115328e+01 2.645281099111612022e+00 -1.566374801687503426e+00 1.807759968901025260e+01 1.404041542129531805e+01 -1.390933125441665652e+01 -2.009188930119823979e+01 -1.465631864151217378e+01 -3.054920456014778551e+01 -1.999833567488389008e+01 -3.187425142114271304e-01 9.941176979286977300e+00
0 1.382490000736909863e+01 -2.141136368146159441e+01 1.077428982945580671e+01 -3.697921159846581651e-02 9.397287566665347924e+00 7.603109076256936660e+00 -1.027586876472274291e+01 -1.130026599642633656e+01 -1.365388901520412901e+01 -1.932186344973201386e+01 -2.691945219939454148e+01 -6.651000688423641449e+00 -1.256404111568772963e+00
0 1.355401315198061596e+01 -2.104429887039165692e+01 2.139673674666333625e+00 -1.655111459339553726e+00 1.979985078761180572e+00 5.979520754208539124e+00 -4.048066391095915151e+00 -1.192990485160533609e+01 -4.936051946805395829e+00 -1.057960341378591096e+01 -1.387372066954233141e+01 -8.421767169722684798e+00 -1.585779680409328130e+01
0 1.358754643174045995e+01 -1.833803451664464035e+01 1.624978757890939374e+00 -7.493313054376063320e+00 -2.225801359450374051e+00 1.865406361265595114e+00 -4.328355252106077522e+00 -7.112969601932099373e+00 -1.688601582942790280e+00 -7.671392704781958116e+00 -1.054001690300724370e+01 -6.316215428388289865e+00 2.052958820466007861e+00
0 1.347073171109991030e+01 -2.160121020875772047e+01 -6.343789140312864561e+00 -1.423503708221944386e+01 -7.049397042592796758e+00 4.348189291889458019e+00 3.967889278699288980e+00 -2.389728359251850787e+00 5.940674413174138913e+00 1.870531125922335614e+00 -4.340551267023596616e+00 4.737019444665610535e-01 4.191171323556452499e+00
0 1.324114469328434041e+01 -2.518131303038847690e+01 -5.480896840731905861e+00 -1.843468346351460596e+01 -9.903726617342890393e+00 -1.290081029286939795e+00 5.340127362924204313e+00 -7.040646918051700176e+00 -7.235150865010576027e+00 -9.563281256863916724e+00 -1.300613248070889760e+01 -1.907045735656510388e+01 -1.000431594096443355e+01
0 1.320123464079897246e+01 -2.079550702963424413e+01 -2.457379891453945309e+00 -1.943884795235721441e+01 -9.613959571178327224e+00 3.032659578587810767e+00 3.166834321664488083e+00 -9.743749544310638555e+00 -7.377470957273152052e+00 -8.032237792585666725e+00 -2.574252444504554135e-02 -9.284545339991721491e+00 -7.090094532679796835e+00
0 1.330995192520943782e+01 -2.333725233785823150e+01 -1.349958452947463305e+00 -1.808192968182039806e+01 -7.459795366211837475e+00 3.374232216679530882e+00 6.815059228182829720e+00 -6.111608316011761133e+00 -7.903330582503408586e+00 -3.598627674046497305e+00 -1.890558000668867145e+00 -5.643343463624436396e+00 -1.567820559702022942e+00
0 1.323455050400417576e+01 -2.218703834143519771e+01 -3.766188607966212271e-03 -9.565530238933614982e+00 1.390420832182991173e+00 5.367296403018702478e+00 1.627608761238468915e+01 2.594648888824554245e+00 4.120592413984949687e+00 6.293677870328625801e+00 5.325470271424216584e+00 5.556848639009964508e+00 1.886969766001017401e+00
0 1.315477244064716089e+01 -2.387000757544361207e+01 3.628881504440355510e+00 -1.007612108602349643e+01 3.095152977074249634e+00 1.367681953755539936e+01 2.232108221193254494e+01 1.251202876408849107e+01 3.154971936311154579e+00 -6.799832660875475554e+00 5.219395528257902761e+00 -9.352888105161467625e-01 -5.221231518554595219e+00
0 1.311645270783232498e+01 -2.590350699820288227e+01 -1.844042220741526128e+00 -1.391189527570802831e+01 -6.373953445105014382e+00 8.493127806942484259e-01 9.686314588286599303e+00 -1.050937530355822158e+00 -8.438111409077711400e+00 -1.202856314332520959e+01 1.457840560981016553e+00 -4.032455932700893531e-01 5.264167375071103550e+00
0 1.307657580313713375e+01 -2.513558484417351480e+01 1.129482575850053738e+00 -1.440275096196697113e+01 -4.373361864432717461e+00 1.366583335006942512e+01 1.357091435773616439e+01 4.224959888454052681e+00 2.557163777628153500e+00 7.576817727776564482e+00 1.442156535173270804e+01 8.150021406574190053e+00 7.572085092910602278e+00
0 1.306046683688249210e+01 -2.624447901834849262e+01 -6.173769088583933584e-01 -1.054680123246454393e+01 3.586972362622867561e+00 1.720272131071149957e+01 1.338271107451717157e+01 -2.010428453874488763e+00 3.040974867616443866e+00 -7.454321310085683550e+00 1.050561803468910593e+00 7.480735516011909780e+00 7.714741622580925551e+00
0 1.318157480537741577e+01 -2.547259077784782733e+01 2.330468958921002809e+00 -1.107990414170163795e+01 4.813462886767642779e+00 1.365998071431259930e+01 2.341973590902134106e+01 1.009729181034628098e+01 1.136004363181330135e+01 1.116710363412475004e+01 6.713856994689624713e+00 7.590235718049685998e-01 3.076530357448888253e+00
0 1.323288527810588810e+01 -2.485145107483953097e+01 5.195262114756246108e-01 -1.282350581711241766e+01 2.976508869778494937e+00 9.593171080029978981e+00 1.313595505364769878e+01 -1.785641041540515062e+00 4.116940150647515395e+00 3.490381239144869419e+00 9.373081778541006770e+00 6.154355662317606779e+00 9.283158255793107827e+00
0 1.305920162454330580e+01 -2.926642353523796913e+01 -4.742707102851699830e+00 -1.243210544044924326e+01 2.975205603308859192e+00 1.125144120114956792e+01 1.946728063770606809e+01 1.100160788763735198e+01 8.216623527216700751e+00 6.030165078233116205e+00 8.515656158974319823e+00 1.087960467285358135e+01 1.079705270878945278e+01
0 1.315133867531411305e+01 -2.578536986853436019e+01 -4.244818145390790498e+00 -1.366798181220712038e+01 -5.779754764024068514e+00 -1.013728909624071362e+00 1.038155061455180750e+01 -9.833829812685887864e-03 -4.906852439230125817e+00 -4.790460748359530285e+00 3.914990160037557843e+00 7.934551079293598264e+00 2.524763618643572904e+00
0 1.324089910457917085e+01 -2.583695196453446741e+01 3.862417574063259362e-02 -1.666276399943637188e+01 -2.760761362629745364e+00 8.984427564807795363e+00 2.001895227741195882e+01 3.703200126125305136e+00 -5.909879320068896214e-02 6.148599835377465128e-01 -4.020970229568495036e+00 -2.626313433647037954e+00 1.719537335174209147e+00
0 1.313923917663169227e+01 -3.134379632902478718e+01 -8.165370981990335508e+00 -2.129334036077447578e+01 -8.867885058111349750e+00 1.581361710643052643e+00 4.128805408528664955e+00 -1.344749589982112248e+01 -9.444043583196664926e+00 -9.347408735122607837e+00 -4.749121641615911216e+00 -2.312497351252780220e+00 -2.204566755658479593e+00
0 1.310727940013830128e+01 -2.799525782181655487e+01 -1.986341878151613116e+00 -1.334864035486302569e+01 -1.719302076633280940e+00 9.842680503288356419e+00 1.567835722938969845e+01 -2.342375633659144807e+00 -1.003525064399177680e+01 -3.292014066239099535e+00 2.665765502572604806e+00 6.775410951863509723e+00 8.785236185531241082e-01
0 1.312000866502864582e+01 -2.611874253119175293e+01 -1.085200550478741421e+00 -1.579063756020685894e+01 -4.075192091429904462e-01 1.003231812662972011e+01 1.301028029336718461e+01 -8.719442172838521854e-01 -5.254088135336545395e-01 -1.504856467707602174e+00 -7.475124272191772334e+00 -1.515785517585006348e+00 1.588437925902159265e+00
0 1.306185124467689640e+01 -2.507533065757581170e+01 -1.506816849964519034e-01 -1.281669740809162050e+01 2.660873865700215668e-01 7.240957822224040719e+00 1.543093428888445295e+01 1.042902899993940480e+00 -4.178281271564736166e+00 -9.284030622034235292e-03 7.742745245614906402e+00 1.144136309257081585e+01 9.791971967930940934e+00
0 1.303679035183831481e+01 -2.621715751832840624e+01 -6.289238264065875050e-01 -8.170062108656379607e+00 2.877926720374678560e+00 1.035805232023415989e+01 9.755715924578829856e+00 -2.904511921841642419e+00 1.904413832111322646e+00 1.816793835770651455e+00 1.233488252985079825e+01 1.583520938626095109e+01 1.550052444940559937e+01
0 1.315004724001362568e+01 -2.647670270652259106e+01 -3.289568027194357480e+00 -1.654315521200113182e+01 -2.773536133324862707e+00 1.052885859012144998e+01 1.647522026818143814e+01 4.102009469888398208e+00 -1.107008767152208861e+01 -7.343288914616155516e+00 7.869045904574741179e+00 1.446573830917400105e+00 6.206505950232115154e+00
0 1.317383348749386585e+01 -2.848133656195232177e+01 -3.019920051577444475e+00 -1.195550161936898625e+01 -1.117640288533163551e+00 1.366618737161239672e+01 1.480131102026994760e+01 -4.551282277342069693e-01 -1.834701963988566664e+00 -3.319396510303520120e+00 6.446723027912040216e+00 8.578684541662088492e+00 2.140394173540469325e+01
0 1.318848681741541462e+01 -2.795660620720310163e+01 1.035398592472668522e+00 -9.634097295018285934e+00 4.149233599634291281e+00 1.601808545996496136e+01 1.318107829507259687e+01 -1.384081798157715593e+00 -2.253713597373008248e+00 -2.987561540518985925e+00 4.431072152439125666e+00 2.860306218566336600e+00 3.766145984850384654e+00
0 1.308227433713146226e+01 -2.869671508791743975e+01 1.125344770947852013e-01 -1.002001840720180681e+01 3.889162170468124735e+00 1.314292409760202673e+01 4.641295348755848593e+00 -4.075943772053647329e+00 -2.757291421707886325e+00 -6.991044369260271951e-01 8.020286851231398728e+00 9.485264612391288708e+00 4.209935165543212676e+00
0 1.315780093484036328e+01 -2.918643448627189940e+01 -2.432624266831940218e+00 -1.162735695877408659e+01 1.284923033065329401e+00 7.429368469523314644e+00 8.480198335097631102e+00 -4.753472201070157444e-01 2.666949685402753900e+00 1.278100933146460561e+00 1.199030954022617657e+01 2.881314459498684477e-01 -4.277714484547573193e+00
0 1.317498684712436585e+01 -3.123514262338798630e+01 -8.879897887448025884e+00 -1.795689796223504331e+01 -2.086593036319757122e+00 5.156781305579783314e+00 1.123201756689479147e+01 2.294869406916196786e-01 -4.785018081066099604e+00 -9.898224528772162856e+00 8.359417163227542247e+00 9.211525239784474905e+00 8.597214277246433056e+00
0 1.308920619394532459e+01 -2.588532842401676604e+01 3.241323665785211805e-01 -9.294845118461013911e+00 5.248483361978686368e+00 8.741495492917223942e+00 1.104321822412438969e+01 3.582686023363257810e+00 -1.325238661651620235e-02 -3.031194382103575613e+00 3.773899787051371302e+00 4.575855568540445617e+00 8.991697281942149900e+00
0 1.320087868662110075e+01 -2.689798750613525868e+01 1.029590893739235291e+00 -9.769685754245065468e+00 3.049105580993308195e-01 1.356787857200858305e+01 1.927560156755838250e+01 -1.008765275822289142e+00 -3.779704521997601319e+00 -5.736691152123902793e-01 3.207891644232101047e+00 5.331238623864642534e+00 9.315494585393567561e+00
0 1.311308428779660673e+01 -2.881816203060164483e+01 -4.766033482301062385e+00 -1.165836928891881641e+01 -9.550080927105557560e-01 1.366859693527517905e+01 1.976111389689787501e+01 4.159933032944728382e+00 5.697560939863278051e+00 1.626981525316409660e-01 1.384406418786370097e+01 1.098397378154894000e+01 8.820201157055748808e+00
0 1.316111063133640258e+01 -3.042788442585739617e+01 -2.906685865258213930e+00 -1.158516150700000757e+01 -5.410946758520904787e+00 6.315079001428287597e+00 1.371074358828061968e+01 3.606485160033100268e+00 8.335046603802791054e+00 2.694938873660133627e+00 7.752141187162870928e+00 1.483046630327495308e+01 1.968097904736112014e+01
0 1.319927756194393353e+01 -2.480939526717544297e+01 3.810342063106136212e+00 -9.955530839175182223e+00 -5.252272361760834674e-01 1.142546788324928819e+01 1.934441666292850925e+01 8.819219322842947406e+00 5.891378237204623503e+00 5.399283609352801605e+00 1.206468109250938880e+01 8.990391088333424818e+00 5.394306676848722226e+00
0 1.319136921877316126e+01 -2.755120818094493629e+01 -1.079416412064541309e+00 -1.239895498183183875e+01 -1.216717663025749685e+00 1.237221381977221846e+01 1.671297673031518016e+01 5.918691135394505975e-01 1.659216368170522315e+00 3.752329380052869534e-01 8.030876334754513124e+00 7.187015863199169630e+00 6.471270836934494008e-01
0 1.305872452818474905e+01 -2.541415923488874640e+01 -2.845231689701593236e+00 -1.503320390698817022e+01 -1.757145979582451778e+00 5.883712012967577287e+00 1.730782298571150690e+01 4.251862416306144254e+00 -7.551355633503780140e-01 -6.496489154170980385e+00 6.235663552694142631e+00 1.173548205171737280e+01 9.796580783517777391e+00
0 1.315437612660444167e+01 -2.886897568977991213e+01 -1.675774038453892611e+00 -1.123588550782601914e+01 2.409721189141114550e+00 1.627649894662150842e+01 2.305372455561009204e+01 9.773006378094000191e-01 2.659300826345011526e+00 4.968939017547613912e-01 -6.127484680936917449e+00 -5.071574528161063578e-01 4.692474479098761364e+00
0 1.321070945061915758e+01 -2.540564123890042225e+01 1.815017180429619792e+00 -1.022324089237696754e+01 -9.346615740291959185e-01 7.316993988942506633e+00 1.469206938675437613e+01 2.507617578580348283e+00 -1.098314908223214870e+00 -5.110348637942953687e+00 6.746818568659570303e+00 3.648998572603985746e+00 9.631535265574799887e-01
0 1.310427809570938606e+01 -3.088886451218851903e+01 -4.564381748893504565e+00 -1.225775636469328411e+01 -3.526626670286587828e+00 1.921525333160480242e+00 6.505417008283401969e+00 -6.031403076294129306e+00 -1.315894106114982165e+01 -1.127210996962125655e+01 -3.758345598823027878e+00 -3.886300984268642900e+00 -3.529789582471977827e+00
0 1.318735741049908050e+01 -2.882124844820307175e+01 -2.697823958394711230e+00 -1.035400704298655583e+01 3.625055851957577069e+00 1.441398109234179614e+01 2.172568194762195759e+01 -1.570979683952040268e-02 -3.561051998137750196e+00 3.793804298845079970e+00 1.188717905111994178e+01 8.367951618562372573e-01 -5.344827704120144185e-01
0 1.312367730968937884e+01 -2.755592211405981473e+01 1.196581523624059562e-01 -7.971797382736737880e+00 4.001020535063227967e+00 1.322082509492414815e+01 1.194748044583961999e+01 -3.268895996703412354e+00 3.716155628962045210e+00 5.978838535649243724e+00 6.879266445818410070e+00 7.539586265841485613e+00 7.226508618431430442e+00
0 1.306863853544382259e+01 -2.844696210735141761e+01 -1.642496421255922323e+00 -8.496248559564657299e+00 5.916758925435533500e-01 1.132207643643307726e+01 1.375565139196315556e+01 -2.874251658924141251e-01 -3.587330427316443693e+00 2.281030926813545079e-01 8.354633995989972917e+00 9.582389238009442423e+00 6.002845935743764905e+00
0 1.306371580876367133e+01 -2.480866842922993598e+01 -1.310894698013604476e+00 -1.159114972465649274e+01 3.152958639245448502e+00 1.393955611169686648e+01 1.324298472474610833e+01 1.958716161044860238e+00 -2.797882574886257689e+00 -1.491781856897858249e+00 1.115701450976089681e+01 8.370287101591328494e+00 1.027651058858362987e+01
0 1.319271832388431775e+01 -2.527476788383161477e+01 -2.233677330226427227e+00 -1.157792260820163222e+01 6.683177078998340015e+00 1.500222885349334412e+01 1.662197357247088547e+01 -3.797909685879622632e+00 3.756506466904132591e+00 -8.051929718412824677e-01 4.896403996494168354e+00 3.820667205202860295e+00 1.585934230095058961e+00
0 1.305952401975758370e+01 -2.544272077669670651e+01 -4.461531924795412607e+00 -1.492254712001089523e+01 1.028419459167914995e+00 1.084958360300849556e+01 1.818848447337273200e+01 7.322007338256975473e+00 5.644437006936069423e+00 7.246571643643776595e-01 6.120847095207410327e+00 6.442749421001986221e+00 1.192925001092181425e+01
0 1.318879275210333013e+01 -2.492574959153645153e+01 7.122659361693198243e-02 -1.139282934832121441e+01 1.592662077241927543e+00 9.523306577819056429e+00 1.512594442482892454e+01 2.464342102151251712e+00 6.374672870783896883e+00 8.045119789757624318e+00 8.389124889017971043e+00 9.248545020205083844e+00 6.864525541187264324e+00
0 1.324606904551320241e+01 -2.490524267338565778e+01 -1.560305485034097606e+00 -1.401888922583136576e+01 2.800398646223574151e+00 1.070195416539329969e+01 1.693728199776965226e+01 2.464220928137298205e+00 3.189204894458110839e+00 7.257744871590779745e+00 1.093408681880118927e+01 4.398463572971717639e+00 -9.078738883611059407e+00
0 1.324726074024574451e+01 -2.897952669664997316e+01 -5.571734248712322035e+00 -1.862554667948709053e+01 -5.364724187076896023e+00 1.290494670207032790e+01 1.084201909838777311e+01 -2.575145472691001913e+00 3.799151690379292678e-01 5.115118302343252488e+00 8.917433957511546438e+00 4.757048756193363204e+00 3.725829517779438493e+00
0 1.311623422483898871e+01 -2.763188532247419360e+01 -1.874769063959522253e+00 -1.567900394033523170e+01 -6.051660854938395451e-01 2.353380964230498762e+01 2.348185574256867980e+01 4.821955821386150753e-01 6.694908821933945875e-01 3.792791466640818676e+00 4.618275754222466389e+00 1.745797290858858153e+00 7.593930309633059927e+00
0 1.323975697474639901e+01 -2.600483560833182040e+01 -1.095280237739122420e+00 -9.679027874089928929e+00 2.852283683198848507e+00 5.994460863767746339e+00 9.590709458813666544e+00 -7.548632322904433423e+00 -7.921946962630341815e+00 1.203610256210739804e+00 8.756778632246795979e+00 1.688791953628963949e+00 5.373106347827956597e+00
0 1.306781666270864584e+01 -2.664433790026910032e+01 -1.486764946948472943e+00 -1.414941119185256291e+01 -6.578512173580160827e+00 -2.356924304648892132e+00 -9.622117813725394875e-01 -5.977336815896659772e+00 -1.054150118331778607e+01 -5.066810029722113917e+00 2.069642833802840087e+00 -1.967875310852990944e+00 -4.270369963191763318e+00
0 1.312627080248996059e+01 -2.560155411454814711e+01 8.174676739717056106e-01 -6.978633458177199600e+00 6.587239074388794080e+00 1.559010408394465230e+01 1.391668313664248657e+01 1.905064709164493886e+00 3.180479484741680185e+00 1.261866550161555578e+00 3.779003663573491600e+00 3.497698227902190649e+00 1.220620021729039628e+01
0 1.307651666283814684e+01 -2.744097608353460771e+01 -1.306611695255661232e+00 -6.956861569119348943e+00 3.015274183933175589e+00 7.318521547381129366e+00 1.646580844759844808e+01 1.800487671314185745e+00 -6.897936493076151088e-01 2.499604549646613716e+00 4.265814767472428493e+00 7.991626657321470262e+00 5.616164341221793421e+00
0 1.324055013091298427e+01 -2.965422190072390407e+01 -1.977826784813244476e+00 -1.480384921199375192e+01 -1.885079856440410540e+00 8.589914964178392509e+00 1.332482413489597661e+01 9.852950628924672216e+00 3.530987487794674529e+00 1.700304871665266226e+00 7.648284226457499280e+00 1.041025234064349902e+01 8.736757207536076208e+00
0 1.325035210866663782e+01 -2.837449547086355395e+01 -2.845305512220288158e+00 -1.542744222615805860e+01 -9.035551422751334494e-01 1.337540093347335279e+01 1.886980768011379794e+01 7.159219254370011498e+00 3.543238910497984673e+00 1.120095395909074698e+00 1.169032351234365308e+01 1.309093962208813089e+01 1.086293569588781693e+01
0 1.300265101411385160e+01 -2.753458290971898847e+01 -2.955112884425071584e+00 -1.332704263290074742e+01 3.515523307880463744e+00 1.822322340885094505e+01 2.376404619967028609e+01 1.343627330596474323e+01 1.402817835955938897e+01 9.544812323648830699e+00 1.998557961112204850e+01 1.449087547148159416e+01 4.736869558304708683e+00
0 1.306249563228952404e+01 -2.750428874625918851e+01 -1.622453538199972956e+00 -1.322490869637670663e+01 4.776467747938653585e-01 6.633341919406237963e+00 7.084702295934850902e+00 -5.631728558238450866e+00 -3.417328720829525324e+00 6.020532726408584168e+00 1.666447665785806720e+01 1.614539373098903496e+01 1.199306835528841297e+01
0 1.306385124537264453e+01 -2.775697924490388857e+01 -3.149541582285259267e+00 -1.301049354862857932e+01 -1.565463390215387607e+00 1.233237409050855149e+01 1.118299285049925551e+01 -2.796527275211947439e-01 1.363551922213794843e+00 -8.404594177896040907e-01 2.943297551246943033e+00 9.866472785999148343e+00 2.151275747225853241e+00
0 1.305762649329829195e+01 -2.957712536377344748e+01 -2.856927708206209893e+00 -1.044962568004983261e+01 -1.926282347472725531e+00 7.190041740262318015e+00 9.703806043295974959e+00 -6.989800974453041604e+00 -1.441304271423073713e+00 -3.146863664965980689e+00 1.269180625910139248e+00 4.066348061823517490e+00 8.632102442796773190e+00
0 1.314423105664531022e+01 -2.772753046197050253e+01 -1.097205718492044513e+00 -1.139987468723962216e+01 -3.213715156093497782e+00 1.061593163957833852e+01 1.282544022087711433e+01 2.621466356365232730e+00 3.273273758312659432e+00 -5.856959355328214656e+00 5.598331686255588746e-01 5.426401530806806761e+00 -5.030862743953592453e-01
0 1.312800200682650420e+01 -2.936322063198704413e+01 -3.225615189790901560e+00 -1.927067331019479113e+01 -1.021669992892557488e+01 7.969578079344317167e+00 1.647988272985235980e+01 7.668995834384830790e-01 -2.921427690068757244e+00 -1.221386905672816958e+01 6.024756764464489933e+00 1.107832918795445210e+01 5.014750647081575252e+00
0 1.305739964802396180e+01 -2.638525133332457528e+01 -3.472824078030655598e-02 -9.932185459410925787e+00 1.221664356121299866e+00 1.266066700174554427e+01 1.562997793732776763e+01 -6.391025565566657018e-01 3.526060581529073090e+00 2.398204930605936980e+00 1.474808927257957869e+01 8.596283640964777817e+00 8.860810986375097897e+00
0 1.299373750005409534e+01 -2.552859874838746279e+01 -1.229385630354110859e+00 -1.036752941473019440e+01 1.935437731213623502e+00 1.479063488267271254e+01 1.443314463377537393e+01 -8.221399384487791673e-02 -6.606181590540538551e+00 -7.468845539306053105e+00 5.049674927006899239e+00 9.303894818940749545e+00 4.830905236211421538e+00
0 1.320874237085076963e+01 -2.762810514617210345e+01 -3.163964374816411684e+00 -1.164230016731347916e+01 3.634406493560820017e+00 6.185952620919625389e+00 1.319030160231048932e+01 6.597726346295011979e+00 1.780149269065561146e+00 -1.331786567287414957e+00 8.202522487386911365e+00 1.178331861339199804e+01 1.544914268915148092e+01
0 1.301931972257731118e+01 -2.661598838316779236e+01 -2.525137622839594531e+00 -1.443991643381852796e+01 -1.859886796982794799e+00 1.080800403682289712e+01 1.657566517949007334e+01 2.755099013231199656e+00 1.403059077650144149e+00 5.553722131807938389e+00 1.727904471575675061e+01 1.641009218440649420e+01 1.032802304812574334e+01
0 1.312977082838347265e+01 -2.689221423365520636e+01 -7.840730506114202969e-01 -1.191425946465121122e+01 3.097196455223422795e+00 1.266554978690498068e+01 1.387033302495897402e+01 -1.326266095974341308e+00 -6.810469750771419584e+00 2.445963057903959736e+00 1.006227925075117824e+01 9.320280007044800641e+00 1.500252884387673680e+00
0 1.320198721732463021e+01 -2.986428440176319299e+01 -5.470245933981986219e+00 -1.722999066635127363e+01 -1.378879023252966851e+00 1.375514650774162106e+01 2.283407963417815978e+01 5.890784907554476035e+00 4.604468230786720184e+00 7.794945605361376373e+00 1.587879275842260185e+01 1.777679555305424586e+01 6.004113156565412446e+00
0 1.311552895133053021e+01 -2.882679405061621125e+01 -5.149988291083353431e+00 -1.771354656422407103e+01 -8.089222491755673872e+00 1.918098667633127530e+00 1.290612041004249910e+01 -1.710831598534597653e+00 -9.354722200683360800e-01 3.482779989935595566e+00 9.678014293459714423e+00 1.096951879743481584e+01 -1.548569436739399618e+00
0 1.309229916675513650e+01 -2.680390980448505900e+01 -5.848179518237011543e+00 -1.641384174355021486e+01 -5.711994231909501174e+00 1.500403396821843094e+00 1.094927662021266279e+01 -5.093735042993178475e+00 -8.131630314713993002e+00 -3.186625264128680080e+00 5.432508670097645265e+00 8.102870210385102467e+00 3.283988439174326146e+00
0 1.313225509285926407e+01 -2.533541645116346785e+01 -1.984942256273911187e+00 -1.613943447090358774e+01 -8.444885971046156570e-01 1.135284915119950711e+01 1.730716055365646611e+01 6.230937657343004199e-01 -3.969199836729700337e+00 -4.359801724623659780e+00 2.069755637953508032e+00 5.115316973974418424e+00 4.646555167895875194e+00
0 1.310260285073249165e+01 -3.056447634786362499e+01 -5.729381529529075756e+00 -1.766391712667443059e+01 -5.871423667942708313e+00 1.133482348016696406e+01 1.919773815385135762e+01 6.889536183430809757e+00 1.148273799828413289e+01 5.060047392230085705e+00 9.222763275352384937e+00 1.137524964621835188e+01 6.566214686325747785e+00
0 1.315469263619141849e+01 -2.718145388447754485e+01 -1.227696612003323084e-01 -7.290850280576917974e+00 4.356216209469034872e+00 1.268266992460215725e+01 1.673953059262035481e+01 1.877832868598294569e+00 5.612526599150853279e+00 -4.908293156517002487e+00 -4.898558354090058131e+00 9.496179984053165768e+00 1.252946697461924863e+01
0 1.310573141760034765e+01 -2.655257628881127019e+01 -2.426256719287470887e+00 -9.012320810222616885e+00 1.755023230926963995e+00 1.193268798459940783e+01 1.968577523427521214e+01 7.876479547173703466e+00 -2.149235927919913358e+00 -5.747300874726020581e+00 9.225578072425033582e+00 9.469863459164539421e+00 7.632872630435415751e+00
0 1.299986018821209477e+01 -2.787192980379746032e+01 -1.449179443492301544e+00 -7.774502732029055174e+00 1.486247214969354857e+00 1.024721896888773642e+01 1.781970010756133860e+01 7.430369206382880343e+00 -3.463141614889264641e+00 -3.385423315711709180e-01 7.667730926470813557e+00 1.011314619359132116e+01 1.110600562773762334e+01
0 1.314918212494224470e+01 -2.571160288636063740e+01 -2.197125987954546389e+00 -9.110341671392157892e+00 5.953890059086177189e+00 7.236506963947678450e+00 1.362127516198445321e+01 -2.168583420030089304e+00 -4.006193701449551448e+00 2.516476108923566102e+00 7.349339616977959899e+00 6.239744907588878675e+00 7.254952129893911916e+00
0 1.308191593415839549e+01 -2.583502565690910302e+01 -1.460229600177762821e+00 -1.105026348531444391e+01 7.639841831977344455e+00 1.283012832560708638e+01 1.570456939424343368e+01 4.793725504814544180e+00 -3.747566678336996304e+00 -4.064911019492582156e+00 4.530772448264147378e+00 8.080137628662930283e+00 2.473183098868528607e+00
0 1.313323657351814688e+01 -2.734163201758090267e+01 -1.738797223745564002e+00 -1.028116566883343808e+01 6.971978098351997444e-01 1.206463042166298116e+01 1.684994241694464634e+01 8.185281079514870939e+00 8.099701526773232629e+00 -5.924893665161149237e+00 -3.952892260059006624e+00 -3.107168989676746484e+00 -2.819429832941209746e+00
0 1.309386354521909190e+01 -3.014737358173790938e+01 -7.432506340012498214e+00 -1.707241368577917129e+01 -2.895001393024680958e-01 1.423708238932927372e+01 1.216016870145950790e+01 -7.444136960995656693e+00 -7.090069771218501238e+00 -3.279905543249454603e+00 5.752999578678765324e+00 1.263503307125637143e+01 7.325005680780829920e+00
0 1.325241429957669403e+01 -2.944423767390408742e+01 -4.546030605714765471e+00 -1.224011005450755718e+01 1.299894791515254333e+00 8.847785755369754312e+00 1.295104229402675067e+01 6.558838100513441738e+00 1.503012123362007735e+01 1.334197594152757738e+01 1.821887354821444660e+01 8.508222352488710172e+00 5.321877190854010564e+00
0 1.325149979129771793e+01 -2.855234123219833720e+01 -3.802474646792853630e+00 -1.297369978843066995e+01 6.087822815532598852e+00 1.809906392666960429e+01 1.706829414027233938e+01 -6.991086332327480335e+00 -1.253946321411020470e+01 -6.412205744766947824e+00 1.368190351033070229e+01 8.359169667391020297e+00 1.346433518373765992e+01
0 1.312027671682678509e+01 -2.404141938875225293e+01 2.199473160891388002e+00 -1.203987704994411523e+01 4.406802569975749151e+00 1.851481225238359229e+01 1.724087881321505833e+01 -4.915592012925960042e+00 -4.452819675015891043e+00 1.070313249249472465e+00 8.237609729895488897e+00 1.694615494099985242e-01 1.042478836666095532e+00
0 1.307737142776711003e+01 -3.120660709304222280e+01 -3.705367080975880967e+00 -1.575907367406368387e+01 -4.577578195371738268e+00 6.201990463518111341e+00 8.329859289023115565e+00 1.438536425863754520e+00 -3.081918693382898145e+00 -2.211939202606191035e+00 3.450003775402928241e+00 7.283989423279498610e+00 1.638971085106192049e+01
0 1.302582177335829883e+01 -2.707485326631659461e+01 3.239434370864053420e-02 -1.312536179369163669e+01 -2.607241176071717348e+00 3.326482438877241155e+00 7.864609377520655364e+00 2.051156168557756398e+00 1.178490238634476484e+01 7.635359481473854792e+00 3.936770943146168822e+00 6.859116382785387600e+00 5.665168197966087504e+00
0 1.315651362239097288e+01 -2.613416655331671734e+01 -1.596615015540666205e+00 -1.071707341976634353e+01 1.316604059585320341e+00 1.525264344704774722e+01 2.507021040270264933e+01 5.369401719142176788e+00 1.214712792205366210e+00 4.046272652996286467e+00 9.384557770519602826e+00 -7.492484892378216410e-02 3.527635746995824717e-01
0 1.314530328380806701e+01 -2.671693700232606616e+01 -2.164644772434872966e+00 -1.041621159742688185e+01 2.450575047382150817e+00 1.451575966984989563e+01 2.089870838816810661e+01 7.069667822958306758e+00 1.019938021336286083e+00 7.778139992567338012e+00 1.009268882767285014e+01 1.101532498906024848e+01 9.267167002433394529e+00
0 1.312204585782922983e+01 -3.087989956335100672e+01 -1.182629293279461313e+00 -6.983697940281321515e+00 5.984301357022404844e+00 1.126263950702987415e+01 6.694077916363676550e+00 -6.570848026674610765e+00 3.247525107089950680e+00 8.036182738809701576e+00 7.061959626485803554e+00 6.881304157982222947e+00 3.166728706205423460e+00
0 1.322670966702415463e+01 -2.799164583913638538e+01 -2.473247582332608108e+00 -1.067730256510161801e+01 3.467437541459402972e+00 1.314709275457118665e+01 1.612463772448025523e+01 -4.831243434552085603e+00 -3.446230177480234413e+00 -1.468856548985260524e+00 1.444764583689240878e+00 -4.404627979372452984e+00 -5.179071644483306258e+00
0 1.318999988228199705e+01 -2.733941909352500588e+01 -4.435948236077861928e+00 -1.670070962984582508e+01 -1.294748650618033015e+00 7.954542037003705879e+00 9.272477523251199116e+00 -9.929632399005642540e+00 -5.816684059628333792e+00 -4.061671842142491329e+00 3.242023732370559408e+00 -2.718206406814050347e+00 1.126197925467735533e-01
0 1.322927744254029214e+01 -2.770027694900539217e+01 -2.976623191847772354e+00 -1.539682927000536061e+01 -2.907334196424960382e+00 3.174881575243992948e+00 1.190154421955785402e+01 2.660493016720301696e-01 -1.257432159488047319e+01 -9.657723343707083075e+00 -1.633270154220082704e+00 -3.868361127192058824e+00 4.839703729912309349e+00
0 1.620446398290008361e+01 -4.776812414681842967e+01 -5.428643616188866261e+00 -1.296337428400556391e+01 -3.208298127137774713e+01 3.581151611315138150e-01 -1.059163090952284847e+01 -2.516231545430667182e+01 -1.640055813420223174e+01 1.383139821537950342e-01 -5.739734176187207382e+00 4.821394589668730468e+00 -9.733783854869646035e+00
0 1.487031153944365514e+01 -3.097777487587466538e+01 2.760796532192848929e+00 1.183520689377567825e+00 -1.510560264117807527e+01 1.227148681748924552e+01 1.273117375945953711e+01 -8.397310691134480365e+00 -7.719438728517894255e+00 -2.914940814072924713e+00 -1.757085927590471996e+00 1.256968731654989213e+01 1.483508670536695551e+00
0 1.407658181239608020e+01 -2.999721393776615486e+01 2.217368897747979961e+00 3.279892926748621540e-01 1.746476829998930391e+00 2.245761036435537505e+01 7.173992178161953781e+00 -9.535949875430743461e+00 9.512263013483551077e+00 8.066936317200298134e+00 7.596239458072354012e+00 1.281072709902592877e+01 -6.838361979188186668e-01
0 1.362591654566125676e+01 -3.411814446391500866e+01 -5.339086809730813066e+00 -6.401174499623924596e+00 5.675409371348340004e-01 2.609926626912909953e+01 2.337927576785958905e+01 2.705421740120583340e+00 1.595364089978180822e+01 1.938418479514727366e+01 2.883910346061488994e+01 2.934728625174916417e+01 1.342124345329134982e+01
0 1.352496377668552618e+01 -3.174439473784781995e+01 -2.158103751878852616e+00 -8.562872927381549815e+00 -6.512839044458336168e+00 8.734118906936691573e+00 8.749660245309611284e+00 -4.070181475694485407e+00 -3.214894015511773340e+00 -1.659484198087008977e+01 -5.903925818790686231e-01 1.429401567728419664e+01 7.174202909538093031e+00
0 1.326600628106509205e+01 -2.949079919964385255e+01 -2.764618297235574840e+00 -1.463271316614628148e+01 -7.356910231914732812e+00 9.949433084954176110e+00 9.887771007219720687e+00 -5.360550904447259235e+00 6.511085076572836836e-04 -1.022461627594563183e+01 9.850927106983427967e-03 6.517551068737517106e+00 -4.546572004537685174e+00
0 1.316466183352190455e+01 -2.738757379334734665e+01 -1.477955874872715070e+00 -1.056325943436453230e+01 3.561039880378068734e+00 1.499758465386835837e+01 2.337462128474042089e+01 4.402823353197278244e+00 1.953077662671776960e+00 -4.114876813020605928e-01 6.927184723030759272e+00 1.052965679389638609e+01 5.336213909837008273e+00
0 1.310894145814606482e+01 -2.817657286851656195e+01 -3.870497435602837211e+00 -7.433802698623637184e+00 2.697662595371486116e+00 9.452464506191235571e+00 1.016207671534164270e+01 -2.998144760658614683e+00 -9.661054662017523498e+00 -1.799785532195776128e+01 -5.471636338140315026e+00 -1.850310591892858625e+00 -2.340764039409943376e+00
0 1.303015727478563690e+01 -3.345243179364385355e+01 -9.625582587692486314e+00 -1.949698221887123495e+01 -1.267314388367888256e+01 -6.117304392155140214e+00 1.122450952310893202e+00 -8.659169135776892290e+00 -1.606554665921903791e+01 -1.464129248688838381e+01 -2.816525794422353624e+00 9.331363967113283309e+00 1.607231357742334055e+01
0 1.322540751878646148e+01 -2.953723450181277599e+01 -1.800700460917794343e+00 -1.060410558427585670e+01 -2.657804853633705555e+00 5.357323260762972161e+00 1.147723666202905690e+01 -6.976693568806188850e+00 -5.994358295954940630e+00 -1.882476874753499896e+00 6.556480347392541930e+00 -2.562090431699385551e+00 7.805011468388460827e-01
0 1.307329642072970621e+01 -2.906767047476774835e+01 -6.385240134792941724e+00 -1.694746849817784451e+01 -4.084099310432443453e+00 8.653168656471518005e+00 1.159927205671496253e+01 6.343514693343534072e-02 1.066424460967690946e+00 -3.059970994364383134e+00 2.218532999097925895e+00 8.792838815982586098e+00 9.193827564208303826e+00
0 1.607390545141394611e+01 -3.897805872682249628e+01 2.042713939423212999e+00 5.681328268751308919e+00 -1.846308433481225819e+01 1.655392798098807816e+01 1.393484755123036578e+01 -8.999618265238080284e+00 8.120038875692010549e+00 5.402193205820338129e+00 -8.235147439817742665e+00 6.312702587284235278e+00 9.217299481248211634e+00
