0 1.311414534409126453e+01 -3.065142219231286447e+01 -4.989845578388677261e+00 -1.718331449816709267e+01 -5.598189339354950889e+00 6.528480725312722832e+00 1.578983812352632299e+01 7.446141786159704345e+00 1.498853759525896479e+01 1.411972024418565752e+01 1.638527437831836409e+01 1.349637897931188490e+01 1.272180367839902537e+01
0 1.318518662399542585e+01 -2.897167272524118786e+01 -2.115170712793677410e+00 -1.129766101963335245e+01 9.478597318007363492e-01 1.502755451578449630e+01 1.815994787243269570e+01 7.034220580024388436e-01 6.426345134469526599e-01 3.043326118008326198e+00 1.292614891557957613e+01 7.686225552001108241e+00 5.032478588673119368e+00
0 1.318359899336772934e+01 -2.751694602716892391e+01 -3.409044673292305205e+00 -1.132886142594633760e+01 7.002617571940325192e+00 1.280793256690415305e+01 9.292134978493292508e+00 -8.401067916839048522e+00 -8.889719107924799746e-02 7.890964010411617435e-01 5.394588037438493799e+00 4.529935183676119692e+00 1.963350573911156305e+00
0 1.317640818891931431e+01 -2.469915728456043169e+01 -1.553340988754257523e+00 -1.132408755785480814e+01 7.053374165903577797e+00 1.017470273353828958e+01 6.907880518137686110e+00 3.720798334519352935e-01 2.776675305855955678e+00 2.693741617377629627e+00 9.347967209453047488e+00 2.004870857067232226e+00 9.326128902431038981e+00
0 1.324235807770489259e+01 -3.205273759640012088e+01 -9.347194473320438846e+00 -2.186783148030998802e+01 -6.967363182503832242e+00 4.674637546173045166e+00 9.877711693534209303e+00 -6.401085787818904471e+00 -1.612070999269965554e+01 -1.816354020060607510e+01 -3.878149320577834125e+00 -2.199647871404919186e-01 1.469804398112727384e+01
0 1.311996319267818123e+01 -3.314728897136745900e+01 -1.163929319860712219e+01 -1.976874579021479050e+01 -6.977324034371987338e+00 5.280514131026429858e+00 7.613908854208903065e+00 -1.852530230522593158e+01 -1.449620205449374843e+01 -1.405382550902187866e+01 -4.666534101358235986e+00 -4.431335108638448261e+00 -9.738496153500104668e+00
0 1.320229237225210994e+01 -2.680543173889520503e+01 -4.776400848054093373e+00 -1.413016194240267964e+01 -8.793983730705373647e-01 6.648112107818485050e+00 1.352044521753714978e-01 -1.041362078686844406e+01 -9.083033416912061897e-01 -6.653259972448070769e+00 -2.734824295915829317e+00 4.256570529847212292e+00 4.588956131978744857e+00
0 1.307959225470401599e+01 -2.736772428357264175e+01 -4.055162364809349107e+00 -1.530144017473446638e+01 -2.733502127949472449e+00 6.813133630472420599e+00 1.025780740509611277e+01 -2.211673080203750086e+00 -8.272335735244098487e+00 -9.187585608795242109e+00 2.010542833141528984e-01 9.932750799680533760e+00 9.925541399965425171e+00
0 1.322644389885538452e+01 -2.760213184557092703e+01 -1.368036937701516464e+00 -1.248955076729357394e+01 3.291495292597111710e+00 1.093622754197336455e+01 1.046950766895511542e+01 2.489652497816850829e+00 1.331786263863232733e+01 1.617102398929876728e+01 1.251197492719245652e+01 1.761216835932686564e+01 1.461283833679181043e+01
0 1.320024069263087085e+01 -2.813828152033764596e+01 -7.106749986253212414e-01 -1.047789340651362089e+01 3.067628439480399649e+00 1.538994961363840552e+01 1.858821413653255661e+01 2.340405197489251243e+00 1.578757323563136916e+00 3.541180102754428294e+00 5.440459942114160841e-01 2.183622387781219754e+00 1.948452906275232266e+00
0 1.325940993129601075e+01 -2.812665935958808561e+01 -7.500975309806547031e+00 -1.859745191973722811e+01 3.086942810906387002e+00 9.584423446832659010e+00 7.030167577862945549e+00 -1.099527348541186722e+00 -1.464970793881575917e-01 6.623027659412428214e+00 1.305553141993809163e+01 1.279307381417014966e+01 1.470783549564486492e+01
0 1.313964774017208370e+01 -2.524802465625444370e+01 -3.163077612674085159e+00 -1.491468047013472820e+01 3.276921601010753804e-01 2.443615395452810812e+00 -3.113405449118487045e-01 -4.559374421088922880e+00 4.507817818359882267e+00 1.522797276576331793e+00 2.793867597820790492e-03 2.546082954636043283e+00 7.828207098563251698e+00
0 1.318512647332960341e+01 -2.728017267019819059e+01 -4.538437777750087498e+00 -1.136423383067795889e+01 -3.489592077067034392e-02 1.273441435130407484e+01 1.393259165242084663e+01 -6.307672024063599281e+00 2.545424482292822255e+00 1.508229160327416274e+00 7.834292210644262511e+00 1.335449183789739358e+01 6.049781025710164073e+00
0 1.307002137166523603e+01 -2.685632126803921693e+01 -1.420082322368839134e-01 -5.795659341527423791e+00 5.778280482169187993e-01 7.476798477083152150e+00 4.557845073956309001e+00 -6.954796370267056993e+00 -4.033876642688292158e+00 -5.981030583427275005e+00 3.517950341281660620e+00 9.452407041595777271e-01 -6.366827442351442601e-01
0 1.317138069234784759e+01 -2.602498713513717021e+01 -4.721248553393497249e-01 -1.129163738007412832e+01 1.162351836948765316e+00 9.168557858839319508e+00 1.465945225847035083e+01 -3.489926622622704144e+00 -3.157409420096146224e+00 3.763710570733517891e+00 9.367136320505307978e+00 2.462437102658733945e+00 1.638258536748934846e+00
0 1.312235384810306549e+01 -2.817407523878219422e+01 -2.128603832891604875e-01 -1.363509468520658174e+01 -9.325626485574311175e+00 1.358131778264116130e-01 7.127127989784955986e+00 -4.481276021491421346e+00 -3.936739973583391450e+00 -1.199237195785519905e+00 4.877527601258933920e+00 5.511452918915179744e+00 1.558024075252664453e-01
0 1.308587901003892817e+01 -3.080650026304192579e+01 -7.526478622770572002e+00 -1.554832975410493390e+01 7.087864053278095655e-01 1.831639343584367552e+01 2.384471980139201364e+01 1.173971260332323752e+01 1.069148145433289443e+01 7.848159284080287179e+00 7.661822741626941990e+00 4.816110099928269328e+00 7.782015120678505760e+00
0 1.311162524629903459e+01 -2.980417661138998398e+01 -7.330139828202047347e+00 -1.970776794978394619e+01 -6.541189258037563903e+00 3.465224557599531519e+00 1.469526223446161417e+01 3.172960558676820586e-01 -6.419004270066376527e+00 -6.810285010510599424e-01 4.926783821534173491e+00 2.342880858315114168e+00 2.739320348106697889e+00
0 1.306602768453596042e+01 -2.595314077594574798e+01 -1.640264093437416193e+00 -1.250875584843427291e+01 -4.362758146194000375e+00 1.220524618789419335e+01 1.739941621503956881e+01 -2.497912278931711860e+00 3.439345761826285930e+00 1.435437057470546174e+00 1.975088185484062731e+00 1.867955109133184077e+00 8.656482456878254794e+00
0 1.304510234962739545e+01 -2.752367304825930105e+01 -3.378358219027812748e+00 -1.411373850413097308e+01 -3.347347349486671675e+00 6.767671835433927363e+00 1.342739852397671285e+01 -1.108365096853174414e+00 -5.313879642488489097e+00 -7.263572642120772471e+00 1.076113063451635732e+01 1.596816617274868655e+01 8.013634531755075230e+00
0 1.318844219438289755e+01 -2.529315471765015388e+01 1.406169387945385818e+00 -1.009362591190968317e+01 -1.960034298447884196e-02 1.480677548547740763e+01 1.300834055628701513e+01 -1.947523185347850294e+00 -3.327896850437430221e+00 -3.870426699459114328e+00 1.082424245620294023e+01 1.112829006924924435e+01 5.845551147536093062e+00
0 1.310780516240008708e+01 -2.631029513329130864e+01 8.908715657385252173e-01 -1.081513251556618016e+01 2.076134832416011822e+00 7.045728664039186739e+00 1.049216983128386893e+01 2.992023401860241627e+00 -3.811142277185631810e-01 2.701059083012302131e-01 9.913804363354318028e+00 7.014476329695884083e+00 4.099697756299215179e+00
0 1.314788290888906275e+01 -3.314143082923780526e+01 -1.076351642997026659e+01 -2.209878504986131986e+01 -5.151317492231616058e+00 3.843672508656517994e+00 1.222395471723709548e+01 5.568898729290457261e+00 4.266089738316829028e+00 8.286742068365230196e+00 1.819417953457666570e+01 1.362084528933790928e+01 2.394458094582790508e+01
0 1.315735993631789924e+01 -2.691354856103605897e+01 -1.750741419780545538e+00 -1.360737451856578772e+01 4.013718768189237451e+00 9.258288897687558361e+00 1.925525641288945522e+01 3.894600214997108178e+00 -2.036193889195246243e+00 3.086255131155676512e+00 3.211523336228202297e+00 -7.313955262040949812e+00 -4.034129570269201714e+00
0 1.319215322870098461e+01 -2.742227198155494250e+01 -2.040388069778165392e-01 -1.260549711207040247e+01 -1.184735775036625416e+00 1.011576407853585557e+01 1.355347874067452629e+01 -2.048109465425813625e+00 -8.297702170178865799e+00 -7.332681867619200489e+00 1.098849355639438530e+00 4.478931408549489568e+00 5.206647389803479520e+00
0 1.317628090416292252e+01 -2.952589777196067899e+01 -4.187566735724466582e+00 -1.549014907971879751e+01 -5.671557919452275165e+00 5.860904051055046970e-01 5.592151331540000214e+00 6.994747022604232145e-02 -1.063836675796757447e+01 -7.744488159221083023e+00 8.386932834646712465e+00 1.044733848953442035e+01 -2.333253683530254335e-02
0 1.314137356051192640e+01 -2.521877897312771211e+01 -4.110942680448348430e-01 -1.264332124535093094e+01 1.938990233430155086e-01 1.181137121550215063e+01 1.535271310304146297e+01 5.490386591491762225e+00 -2.173883554949950891e+00 -8.054272137650070107e+00 5.764320063394417382e+00 -2.276359159837061164e+00 2.798455755637946130e+00
0 1.311741315687134168e+01 -3.024233259728693213e+01 -4.521623489834118992e+00 -1.912720266874767816e+01 -1.009863634019000855e+01 -8.276219881603840145e-01 8.110516526943012394e-01 -5.438532527375281589e-01 2.369446623611748848e+00 -8.969853710942969016e+00 -3.997836703207564124e+00 5.197016558119707530e-02 -1.197826213433166531e+00
0 1.310197871875868181e+01 -2.414443325709501309e+01 2.048195657748943965e+00 -7.756446625587964938e+00 -2.300725326329218501e-01 1.534675424235040220e+00 7.410002544054321127e+00 -4.522560782421646941e+00 1.988660059265862090e+00 -7.820518318746696451e-01 8.407664153844523369e+00 7.257973679615536966e+00 6.786531154922885278e+00
0 1.314371446675286137e+01 -2.668283749974715491e+01 -1.305344119266857783e+00 -1.179512023804211118e+01 2.342857009699538917e+00 1.074064503274495230e+01 1.613118033295195985e+01 2.559426940465148181e+00 3.466538002948982733e+00 -1.139777166951913001e+00 5.465929857899488375e+00 6.922584738410703764e+00 5.043587403931224067e+00
0 1.306250795955270760e+01 -2.728034949210896087e+01 -2.016991353469785420e+00 -1.197547785406259813e+01 3.204411932856543466e+00 1.371940971682114174e+01 1.282719447971851956e+01 3.889698240979833965e+00 -2.154314095055263945e+00 -6.530846162906688512e+00 7.648202308004419692e+00 6.251556235119235083e+00 2.065502916629600172e+00
0 1.309666449841224889e+01 -2.677294551502457765e+01 -1.135813042809300732e+00 -1.011319079951062605e+01 3.083299755354959260e+00 8.012726525769817698e+00 1.022600955606892192e+01 -6.526419533216389013e+00 -8.278300998553941525e+00 -3.400686303597451499e+00 2.116633047461658368e+00 2.212295890575291857e+00 3.048336887772998161e+00
0 1.305304594979826405e+01 -2.734697761731955978e+01 -3.500395813978613990e+00 -1.092772365530638190e+01 1.023800606023539617e+00 1.273520335990019881e+01 1.554755665595473069e+01 -3.352462689413931995e-02 2.484379636234038013e+00 1.444164617853628263e+00 8.959627304025412187e+00 9.785242548218086256e+00 8.380165881297257258e+00
0 1.323814317544890962e+01 -2.805119955422864919e+01 -1.986312129331536891e+00 -8.852148497560058615e+00 5.142845108008604171e+00 1.738981473470052208e+01 2.105491384949061384e+01 4.705594207353609448e+00 5.574413955333323401e+00 5.083415528171959963e+00 9.638060415713988860e+00 1.072920522561050305e+00 -4.508471958634021171e+00
0 1.315649040947594983e+01 -2.731031064266337083e+01 1.178769234331050464e-01 -1.166492462144927522e+01 -5.082551027902656671e+00 6.986428711091821064e+00 1.495920405824946720e+01 -3.756842457085866727e+00 1.166342110558744372e+00 -2.234565815171742909e+00 1.295340999446185926e+01 9.923542377778913348e+00 2.794483247955725780e+00
0 1.327387883707085692e+01 -2.734362234330001939e+01 -2.691297821054086548e+00 -1.328886722197817249e+01 -1.485738669444272020e+00 3.643133481993483969e+00 6.584631706353252234e+00 -1.336359868308914844e+00 -4.705531302043915787e+00 -1.015896962384525892e+01 3.955561676505474633e-01 -1.922817848454069445e+00 -4.352747060038258731e+00
0 1.307005577067103985e+01 -2.903777414063106121e+01 -6.981184126809005797e+00 -1.681037456044817091e+01 -2.745868131170332127e+00 8.501211049493171856e+00 1.867774027275266846e+01 7.075048589822350742e+00 -8.920369289340795982e-01 4.065669273984712784e-01 8.849928464434391628e+00 -9.633127396526266484e-01 -4.231296816389617632e+00
0 1.309237753282102190e+01 -2.555523353739028991e+01 -2.130517403252778053e+00 -1.689945874863128950e+01 -1.913021182438027434e+00 1.174262156822119074e+01 1.384567965517099530e+01 -1.734636110508418261e+00 -4.882030728231499417e+00 -5.786837647969528264e-01 7.709762026129006962e+00 3.941420901624820061e+00 7.406652264961829601e+00
0 1.299881772778176980e+01 -2.917290425107532670e+01 -4.672041763624077859e+00 -1.137137939886215321e+01 3.118169680647182584e+00 1.518278809793750561e+01 1.949084581442471986e+01 2.103984055659059660e+00 1.004536000192065126e+00 1.794397028930472482e+00 1.379834513473215551e+01 1.448203162245359366e+01 1.270378457570066066e+00
0 1.320581134131743362e+01 -2.895917455479368030e+01 -3.155741435375860160e+00 -1.263649275892274382e+01 7.288314415913571542e-02 1.421689769988542729e+01 1.599529103565576804e+01 3.580194336528996768e+00 6.436230515897496396e+00 1.022262728169057411e+01 2.023081003929325661e+01 1.276076002980340007e+01 1.224377455669979398e+01
0 1.308821920247729054e+01 -2.224937433131146491e+01 2.407318124896359546e+00 -7.947613068835126526e+00 5.455445624078913092e+00 1.342592376102261831e+01 1.269932723423492327e+01 -6.169732523965282489e+00 5.551092198985139170e-01 -1.127759312817866455e+00 5.369103278084274677e+00 -1.350958411000140025e+00 1.615594912603159461e+00
0 1.309966421195479569e+01 -3.071191677259788477e+01 -6.041546425255823749e+00 -2.106439193363451068e+01 -9.836249598714559284e+00 5.415004578370429478e+00 1.316837327554329740e+01 2.711544291323610079e+00 2.748767202067436966e+00 2.214334874890647953e+00 1.401764549258230552e+01 1.578002967783727328e+01 1.223852543675425686e+01
0 1.316616178126435877e+01 -3.066292856323768845e+01 -4.713918242350801258e+00 -1.396947583944839266e+01 -4.571873782317042334e+00 7.113214029251635040e+00 1.394507305754380511e+01 1.396001315175201984e+00 -6.983799340954543133e+00 -6.335471999373400998e+00 5.506916881775656414e+00 2.850290780802420265e+00 -9.098109806447379766e-01
0 1.316994514394917637e+01 -2.963429929332409429e+01 -5.056560671498107951e+00 -1.973389252222640522e+01 -4.565012145452064019e+00 7.498225283578476841e+00 1.374321873386351633e+01 -2.855855188549894397e+00 -9.837089787774317973e-01 9.801148827182815992e+00 1.122217705947385369e+01 1.690808692669950153e+00 3.138476126385651988e+00
0 1.318870292831401336e+01 -3.067396752139612204e+01 -7.448383288862115315e+00 -1.392955305234022312e+01 1.276822942133740035e+00 1.160435160652601461e+01 1.642888215345413983e+01 -1.218363646596777983e+00 -3.204795444596810761e+00 -8.161768612458478178e-02 7.336461601510550601e+00 3.771192242526448801e+00 3.295818256595627993e+00
0 1.314228713582125252e+01 -2.785327198157480666e+01 -3.430370481873964650e+00 -1.738655051890829029e+01 -4.189771658593241632e+00 9.055407892497168376e+00 1.431131177061286763e+01 1.875737853543481881e+00 -4.329587632794663632e-01 -8.520713956571301928e-02 5.154693465819622844e+00 2.205890844480239199e+00 6.753009495605674317e+00
0 1.314254163617112603e+01 -2.943017926051042821e+01 -4.062255411521723758e+00 -1.462830176924061476e+01 -6.685681290012664979e-01 1.152490738996314334e+01 1.211167213338464421e+01 2.220532166599045176e+00 6.765378311782354714e+00 2.398163707353282437e+00 -1.765225669565782418e+00 6.260908313043121787e+00 1.403576365010271587e+01
0 1.309708429944446095e+01 -2.545242940244713026e+01 -1.083081181473616317e+00 -1.317386903543106769e+01 5.290333969570657047e+00 1.823426229650901575e+01 1.779034847353321780e+01 -1.617152190963009994e+00 -5.352069531072492836e+00 -3.659049069850830005e+00 4.575070887870047898e+00 1.125946899484364749e+01 1.494488706843086057e+01
0 1.309768088199294489e+01 -2.939875708865116977e+01 -5.519742030068949923e+00 -1.808605002196928879e+01 -2.081600022803939520e+00 5.480760303674474088e+00 8.432400455963543706e+00 3.843105498760538197e+00 6.258740316216108823e+00 4.379264552785175013e+00 9.138908461234596103e+00 9.230194301312064198e+00 6.653807047848973255e+00
0 1.312423111031183787e+01 -2.643717253442476789e+01 1.174392383476965618e+00 -6.553157018437468118e+00 9.597260643000765867e+00 1.144052246034977216e+01 1.221453911727640573e+01 -6.082608272247770564e+00 -6.990156548206265974e+00 -5.180370850796108151e+00 -6.615170139296337126e+00 -5.129562579200854344e+00 -6.302345745371206398e+00
0 1.323784373445508677e+01 -2.864089978894235244e+01 -3.377750699325442696e+00 -1.321049249069844578e+01 8.702565447596931847e+00 2.159746354967403903e+01 1.912348550161203775e+01 8.756616529318995701e-01 2.265665394312060599e+00 -3.447190255538103987e-01 5.556709341704015870e+00 6.737158969458556967e+00 1.018148293938855353e+01
0 1.311360425576928357e+01 -2.677455162284368129e+01 -2.183282342460868719e+00 -1.382540428054844739e+01 1.864802737423802093e+00 9.595927819680198922e+00 1.617693272102169288e+01 5.367207010808467516e+00 5.152646507357624195e+00 4.728856446824876159e+00 1.058637580768128572e+01 8.835622707282837496e+00 1.355426528243834561e+01
0 1.320351240229513223e+01 -2.802605881120384623e+01 -5.600635360381511774e+00 -1.749527037764716653e+01 -6.383412462329576265e+00 8.632892835238403784e-01 7.915687383345406225e+00 -3.046453273813919616e+00 -1.272581041245653743e+00 -3.291133892661147975e+00 2.195239927784956357e+00 7.383592497998396897e-01 1.584289621799314984e+00
0 1.314428626465106120e+01 -2.735754363928686317e+01 -5.561968016892533395e-01 -9.013669594075857106e+00 1.107490394711552417e+00 1.047766251750087640e+01 1.720656169380653822e+01 1.040453912158256777e+01 5.811747780262816576e+00 -2.024995892037122491e+00 6.641569914593596025e+00 4.268051276130677252e+00 1.460787382909045862e+00
0 1.305022222604158344e+01 -2.514290569936899900e+01 -2.183972301402653748e+00 -1.036116248933687523e+01 2.624989591484689022e+00 1.972224600803423655e+01 2.265729135111841330e+01 2.677232634283497337e+00 -2.311602373401560051e+00 -6.728167142218175911e+00 2.180341725158472688e+00 -6.946153804439138213e+00 -3.287074506795849782e+00
0 1.310996693864546714e+01 -2.689050875080573633e+01 -3.221460029975560690e+00 -1.501843682217881870e+01 -4.574270902136991168e+00 1.654200538312723845e+00 8.208571534127990788e+00 -1.817004986037407566e+00 3.879375738959099706e+00 -2.969035054557761288e+00 4.072875293754981918e+00 3.281470493075981931e-01 -4.323915458153305913e+00
0 1.311402926059009211e+01 -2.917968294169373422e+01 -6.106201434525438287e+00 -2.019307800386756924e+01 -1.151549515579563199e+01 2.758592649212961323e+00 3.295918202076090431e+00 -8.643560957669555123e+00 -7.058206344300144153e+00 -2.466058583377299218e+00 6.562062404393067538e+00 -2.881642466194823005e+00 2.045714101528603113e+00
0 1.318060570237500606e+01 -2.762227081370920345e+01 -2.894173000312710187e+00 -1.545382439578792599e+01 1.079023988617368035e+00 1.187821930711494822e+01 1.255189765128184121e+01 -8.461810280990839095e-01 -4.789678629086000505e+00 -7.527085890982606387e+00 6.787237103172691910e+00 4.965024638348073616e+00 6.539065083470736006e+00
0 1.319970169741536203e+01 -2.971125777963065318e+01 -5.332997633397005721e+00 -1.520754099585171026e+01 3.428750967138519457e+00 9.310887383126994266e+00 1.667022937039816455e+01 1.642773684636540832e+00 -7.031175925910951863e-01 3.592513639299596218e+00 6.591885234732059118e+00 1.663252898651969458e+00 -4.792533298293819577e+00
0 1.312507591607583635e+01 -2.674271993936033098e+01 -1.201030464161553457e+00 -1.058792055819619016e+01 4.529440728653747250e+00 1.551422288679897399e+01 2.392771252278585692e+01 3.524136583343034701e+00 -5.394635424679695923e+00 6.099276578258461257e-01 3.705170077349647872e+00 4.396701851661409144e+00 1.089421383362327234e+01
0 1.314302882699347919e+01 -2.582941336667986931e+01 -1.108157551805602159e+00 -9.665756437202736251e+00 5.874785528404417256e+00 1.567188071011627137e+01 2.199168226291518735e+01 8.156671717607627770e+00 -5.044057763663524874e+00 -6.331657198011389376e+00 4.708730552548920478e+00 -1.699160409476435873e+00 8.788631596217417297e+00
0 1.313210015035120648e+01 -2.853533094189851482e+01 -7.662104205066229135e+00 -1.730501878935029580e+01 2.373745080193975454e+00 1.577150434400090795e+01 2.345516061484660142e+01 1.037651945874905479e+01 6.859403193622896744e+00 -5.026372434367938347e+00 1.057307195819698009e+01 8.022451073429499147e+00 7.278226412726803929e+00
0 1.310119945395613783e+01 -2.747968143835948851e+01 -6.021574818681857622e+00 -1.645173219966263289e+01 -4.467668236160462492e-01 6.138202014953823671e+00 8.010889144186814192e+00 -6.315728036884538987e+00 -5.180693896490193850e+00 -2.402102733463344020e+00 9.334421630267202730e+00 8.248441925601557756e+00 1.389440688699191018e+00
0 1.320364036081615211e+01 -2.819996686029619326e+01 -2.338361733555011757e+00 -1.162632586073376828e+01 5.700967080658164932e+00 1.011593519932577045e+01 1.131932123880325847e+01 -1.326548487326680403e+00 3.111661576861177725e-01 8.851366232323802652e-02 -2.269202120060388683e+00 -1.060734419944046714e+01 -1.829928811770352937e+00
0 1.318529592842012299e+01 -2.973175566134518277e+01 -4.785965133034201457e+00 -1.128705696435483219e+01 6.140889046214339508e+00 1.449080193893109758e+01 8.092317315819814283e+00 -4.519828626584455833e+00 1.508089377971739031e+00 -5.454410922973594866e-01 1.150651036522621951e+01 7.515780187229418985e+00 7.309889368669241883e+00
0 1.301530504491059226e+01 -2.550945273411112169e+01 -2.443582649364902881e+00 -1.204486791988444061e+01 -1.366359599678160119e+00 7.625936095632344092e+00 1.032713701928845751e+01 1.487887219752266788e+00 -3.070142649254634648e+00 -3.295921018041940709e+00 4.051268987219913242e+00 4.181676757617138307e+00 4.087273464233525999e+00
0 1.304334257390686069e+01 -2.672010148833021859e+01 -7.738964245904296491e-02 -5.495584399453076863e+00 1.007060210270628886e+01 1.958772059074372152e+01 1.854179957351651353e+01 -6.106112733839459406e-01 -1.186166820447422721e+00 7.743928564124215264e+00 9.613397125677611399e+00 2.868814064695313637e-01 -1.875907210676558412e+00
0 1.314142993417342531e+01 -2.921541803331603404e+01 -3.245959014218657401e+00 -1.204466459775839304e+01 1.274830672052534863e+00 1.130733285121929477e+01 1.158862117094236410e+01 -1.408572760607429641e+00 -2.872068446968370381e+00 -1.135727333514282833e+01 2.325484970343815405e+00 2.201280627177170324e+00 6.450649436502272849e+00
0 1.301894329982613563e+01 -2.715797302775866129e+01 -3.627401652011812971e-01 -8.742307799659965184e+00 5.082692791729889192e-01 1.289554673033590682e+01 1.553055139139892304e+01 3.538485042022005533e+00 3.270077487713526354e-01 -2.638930627417215735e+00 6.802251790183635904e+00 6.011936832764774863e+00 1.082948084728753813e+01
0 1.313983271395983898e+01 -2.546259562231143647e+01 -8.861727103248986381e-01 -9.614752603884834770e+00 7.068699837823901433e+00 1.910682744940184108e+01 1.500044257642438517e+01 -2.093934663610074409e+00 -9.098417580784213143e+00 -1.165042276877333727e+01 3.144616756809935243e+00 9.485736718646071708e+00 6.192235638348813076e+00
0 1.320675325219286655e+01 -2.554608729665105926e+01 -1.936009853117047985e+00 -1.381271623886961741e+01 2.153234022894441324e+00 1.643715244743140147e+01 2.144410488054439057e+01 -1.051036143678724555e+00 -2.407222768465119511e+00 -7.384954564961297763e+00 2.949198434974128258e+00 9.876426417256883639e+00 6.100332567577160248e+00
0 1.316027640938947485e+01 -2.984244667329708278e+01 -4.500365570731939435e+00 -1.403949060184206665e+01 -1.020867713192781912e+00 8.189655680091497914e+00 1.011903835630844384e+01 -6.112197696448863127e+00 -9.509915169983127470e+00 -1.156658336603396364e+01 7.014215662711175137e-01 4.036827743661113743e+00 6.676904169784273257e+00
0 1.321378086702623911e+01 -2.969665593967923556e+01 -4.660788619510135788e+00 -1.695835989569126312e+01 -1.722833747380517977e+00 1.109043544835965989e+01 1.640677408711452756e+01 3.492434229675127622e+00 2.134728482295920937e+00 3.779635419090321857e+00 1.274464897757100168e+01 1.851228879251177517e+01 1.163378662519684958e+01
0 1.313812893695016193e+01 -2.990146655707241763e+01 -5.491817873742527389e+00 -1.594232284100990960e+01 1.221020089663771735e+00 1.801220414719443497e+01 1.545343630849191996e+01 -1.294530325125938353e+00 -4.111713455253983796e+00 -5.791229471697160180e-01 9.325039365288247950e+00 1.306735383439706055e+01 5.421955942911030668e+00
0 1.310024116287661222e+01 -2.576969340521042184e+01 -1.591608049847972550e+00 -1.119464158234923090e+01 2.077705589008681741e+00 1.470857144090507518e+01 2.238061817202566672e+01 3.340295786825618674e+00 -3.771547182802291953e+00 -7.201844169215839031e+00 3.964629940466683600e+00 7.950197380925791535e+00 6.375856573584403719e+00
0 1.314347587974869747e+01 -2.736145708550062139e+01 -2.195280710684882841e+00 -1.422619601205701478e+01 7.342278161776745471e-02 9.675516298763398026e+00 1.723860099065064233e+01 5.513717807568553120e+00 1.372857046360357103e+00 -7.429766828837970571e+00 -5.437900435016749690e+00 -5.461449665229753947e+00 3.149563339391697969e+00
0 1.325969135908564667e+01 -2.660174046913341073e+01 6.190548450761612642e-01 -1.055801908851018922e+01 -9.016010132565233093e-01 1.150573355281958321e+01 1.589895593451161737e+01 2.431375162432861003e+00 -3.315493916725301471e+00 -4.960706694027861019e+00 1.468405371577204477e+01 1.387325122313188785e+01 8.825314749646370416e+00
0 1.304191296524236243e+01 -2.558304775160956979e+01 2.718754600674516464e+00 -7.522811735810642553e+00 1.626365450020081260e+00 5.279874766783517970e+00 1.283379195767091652e+01 4.300150835693411500e-01 3.262563523196497783e+00 -1.549436770833044985e+00 7.108034714209443550e+00 6.268984397193886338e+00 3.343499929495587608e+00
0 1.309368367519699561e+01 -2.615012228258349936e+01 -3.365577287990396904e+00 -1.097681736848292822e+01 6.803505053397942426e+00 1.129570909638376897e+01 1.528114636218137967e+01 -7.758110062190255451e-01 -1.238062446305430581e-01 2.069877373233005802e+00 1.345056492822998528e+01 4.383468014435933924e+00 -1.104766857647923040e+00
0 1.311450758991773391e+01 -2.669576776602410106e+01 -1.793237220464644954e+00 -7.626345801565653559e+00 6.885529708035610597e+00 1.198770374683931905e+01 1.415580630149801600e+01 4.448385074568833808e+00 -9.062548806885865060e-01 -2.960939522150786374e+00 8.788146000833569005e+00 3.298858583380363196e+00 8.644968689517861238e-01
0 1.314865454482795748e+01 -2.890394909837257131e+01 -3.354744959777965274e+00 -1.524529723587153995e+01 -6.331497609866642229e+00 6.584558829636055322e+00 1.658220238985945727e+01 1.194933104576376159e+01 1.007431701415114844e+01 9.040621562872608763e+00 1.406434472107998346e+01 1.171844962934444467e+01 1.288616136617468477e+01
0 1.312126798279818729e+01 -3.100708608022025814e+01 -9.839085196519997467e+00 -1.782417005039370395e+01 -9.383915394135605714e-01 1.407045401819440400e+01 1.895625102655790784e+01 1.731405790373421638e+01 1.855292293704854956e+01 7.778691176367575899e+00 1.517333259136813517e+01 1.953031939884976609e+01 1.390304342985711195e+01
0 1.308612346265984705e+01 -2.749127911974969152e+01 -4.072671697657641587e+00 -1.526075346458648241e+01 3.441657049089809295e+00 1.755744352966778266e+01 1.593358967622089750e+01 3.788431496575154211e-01 -1.753199073469877911e+00 -2.491886703124338798e+00 7.524530728050635275e+00 6.843943028742652146e+00 4.857788834531488575e+00
0 1.308780543651711170e+01 -2.665828719827425886e+01 -2.608249092253140056e+00 -1.337360655788617514e+01 1.326504419395557077e+00 1.326015787338646135e+01 1.888744723753810817e+01 9.358682780173147364e+00 4.625125438418332458e+00 8.241673351982864659e+00 1.103825263648313637e+01 4.542568043653189669e+00 3.617626735261046278e+00
0 1.309521143566860069e+01 -2.868151409058938128e+01 -2.778707415667988734e+00 -1.335350282232973029e+01 -2.974711722309543838e+00 7.430443867194535201e+00 1.697814469376933744e+01 7.825472097954970785e+00 4.667091900414864547e+00 3.606254920706277733e+00 1.142615822584005159e+01 5.568929480657001108e+00 4.828330859552438792e-01
0 1.317101237618480170e+01 -2.814837805486218869e+01 -1.174680814563224374e+00 -1.177552374222933551e+01 2.509086969284112012e+00 5.641995688519121366e+00 9.176913190859398384e+00 -4.911773063012283003e-01 -4.381764717134588594e+00 -5.561521777927577403e+00 2.325049251412123930e+00 8.157385788817133943e+00 6.000460987872490826e+00
0 1.302149120072789223e+01 -2.693317605914698021e+01 -3.339927449044377106e+00 -1.510307806261362451e+01 1.306458164099484787e+00 1.497479290869762458e+01 1.912208567903566703e+01 2.009346603671219089e+00 -2.335457673323614536e+00 -9.060339639533351530e+00 1.721315298784152237e+00 7.877590237622925429e+00 1.198891658762607015e+01
0 1.317951190183860710e+01 -2.835181834532454559e+01 -4.265611194508891479e+00 -1.689210151048810715e+01 -3.544241199040856660e+00 4.930446588210608994e+00 1.549229167489927406e+01 4.191255104502263684e+00 3.788914649570422011e+00 4.748326639918752257e+00 2.179671919696687610e+01 2.045161935065314296e+01 1.687899177948628449e+01
0 1.314769026559284271e+01 -2.725511612144962115e+01 -2.509895006352159452e+00 -1.487417602245722748e+01 2.082310480665047869e+00 9.766844843069085513e+00 1.201734023724486100e+01 -1.264741970882594935e-01 7.664237679828098670e-01 3.818379146737325147e+00 1.083921703047925256e+01 1.274985359054304190e+01 1.199589172016236382e+01
0 1.307288990835340492e+01 -2.871472002462291684e+01 -4.671798791772403092e+00 -1.428572413010334508e+01 -3.041619956620105203e+00 1.203499287106213878e+01 1.344983172043792408e+01 -1.481736480922985599e+00 1.730283479423168735e+00 1.066657859355832239e+00 3.732744003181119208e+00 -1.380197365676253174e+00 2.728650001176335937e+00
0 1.310648326480520964e+01 -2.732035878965733744e+01 8.651615347692553915e-02 -5.504304361057176465e+00 8.613428623408676543e+00 1.878139568026229966e+01 2.090686120648773283e+01 -1.473004024568833836e+00 -6.272546596690244058e+00 1.340189496998095198e+00 2.201822810410161324e+01 1.569132343788471573e+01 1.679454595038840381e+01
0 1.309487674897071052e+01 -2.679545884830343994e+01 -1.073059266111853649e+00 -9.205709135730710813e+00 6.283262658585003102e+00 1.575386387790751641e+01 2.138688769736159401e+01 5.736680115092183563e+00 2.089863511181169198e+00 -1.331735324422248290e+00 1.642501248382186319e+01 9.796606593599795687e+00 6.254222614999401131e+00
0 1.369155698363140594e+01 -2.916111960556616367e+01 -8.387032501595387268e-01 -1.283874590265105020e+01 -6.430000297596500936e+00 2.027957914536539974e+01 3.660714675830083031e+00 -1.429751661298293453e+00 -2.847959766337760268e+00 -1.976949820273729230e+01 3.684033598816711219e+00 3.805202282118900214e+00 8.073004653480625237e+00
0 1.335795861074650936e+01 -2.823097295049987210e+01 3.951161551888233980e-02 -1.013929628841308705e+01 -4.462304567111912590e+00 1.339420660550043252e+01 1.371665670684715721e+01 1.610311398803758509e+00 -4.901839777679447785e+00 -9.229314227939193316e+00 1.185734011417538625e+01 3.605490283370683002e+00 5.973759544010225353e-01
0 1.310901086943700911e+01 -2.728557826890660465e+01 -1.647764064833135311e+00 -1.473559885155135341e+01 -4.356196616678829514e+00 8.347738906892292476e+00 8.838510816224316002e+00 -3.301074788078723454e+00 -6.087363230101108691e+00 -1.780321053593129932e+01 -5.089113236296538112e+00 5.318169850995265513e+00 8.167589633008830674e+00
0 1.311764604924536748e+01 -2.779909016092213037e+01 -3.252700973238278781e+00 -1.206711136688805297e+01 -2.058367559095671151e+00 7.017120966827959272e+00 8.319212213877232642e+00 -5.146034233830818039e+00 -5.467304634832983012e+00 -1.379912549643071351e+01 -3.195731268207266940e+00 2.488328802161031916e+00 8.430189842970252201e+00
0 1.312801221884836345e+01 -2.698567638711046968e+01 -2.180384668084745403e+00 -1.135719112279009479e+01 -5.396949439626547856e-02 9.971011714069623721e+00 1.801169311181931931e+01 5.479931733021198959e+00 5.697472489691670638e+00 1.822061457285679253e+00 1.228589654910198981e+01 7.325403792190193109e+00 8.360075508877635286e+00
0 1.316248176034400075e+01 -2.845855234233657782e+01 -4.210015298719522292e+00 -1.187640890923625925e+01 4.185628642283264256e+00 1.652583836379835347e+01 2.016580822519120630e+01 6.870610689524233372e+00 2.777988612155663173e+00 -4.818812877891955893e+00 7.132658386143536866e+00 1.054209889869558481e+01 9.458737977485105475e+00
0 1.307092876513590696e+01 -2.464748141479966037e+01 5.068183308301075662e+00 -6.411803528505549465e+00 1.804441608079089709e+00 5.101662974609639356e+00 1.136782208025403840e+01 1.773001532033978256e+00 9.198924395123329045e-01 -2.808607908856885160e+00 8.127937229238028749e+00 1.247442499505861591e+01 1.068448370373491052e+01
0 1.346408801752494533e+01 -2.812486797317227527e+01 -4.039698416303034278e+00 -2.627107891174579990e+00 -2.356740895559892746e+00 4.623051489742543652e+00 2.905967914288798681e+01 1.189699168160409037e+01 -1.002732872582051549e+01 1.330871893971057762e+00 1.419455565919875362e+01 -4.360386565544126292e+00 5.191248735884169463e+00
0 1.314497089517170281e+01 -2.940884066017302345e+01 -2.453357904016084667e+00 -6.057591344404152700e+00 5.961796599636509875e+00 1.803118888699384215e+01 2.322846337267966277e+01 8.932855012579141274e+00 6.750239714892706466e+00 9.124016281963156061e+00 9.600480021163310340e+00 2.637732841086129376e+00 8.027272011677820673e-01
0 1.306077833021387669e+01 -2.806762086037764803e+01 -4.157033500497818723e-01 -1.015625004289994138e+01 2.268647056626578173e+00 1.262630107538815061e+01 1.715084485901027023e+01 4.800088234230070583e+00 5.630965494477563560e+00 3.064406840035240442e+00 9.592027125685520517e+00 1.994415658414238068e+00 5.381849860376111572e+00
0 1.298581189196742613e+01 -2.680954717610640614e+01 2.029736069271161458e+00 -6.023570525358739935e+00 1.972294736891902600e+00 7.050367029124148033e+00 1.038005118483759048e+01 4.091468923744644215e+00 6.331249471032267984e+00 5.677804310191025827e-01 1.063752449764973296e+00 4.776448071741941526e+00 1.221116180252253969e+01
0 1.313448484059677668e+01 -2.719335885832899891e+01 -1.078673992729578979e+00 -8.816898253410769826e+00 5.967590477410927186e+00 1.522008389246914817e+01 2.360135441615735985e+01 1.405478207799333035e+01 9.277105902308132812e+00 7.085212612770535934e+00 3.963917740633766673e+00 4.822519901284723076e+00 8.258486656205862531e+00
0 1.307478880976706748e+01 -2.881351171120982713e+01 -6.708694975496224622e+00 -1.807626175284262970e+01 -1.620102412127785163e+00 7.466939186045763677e+00 8.418234081680850522e+00 -7.882684746276387600e+00 -6.581706951557458218e+00 -1.072505350485063325e+01 8.472728075685768800e+00 1.325058129390499317e+01 1.952408423898913448e+00
0 1.310001632247285386e+01 -2.691092780722428657e+01 8.909103292442067668e-01 -1.011390040712467986e+01 1.390022916334128000e+00 1.442067326270264438e+01 2.501603726080695722e+01 1.381332907535091969e+01 7.617014819554573712e+00 -2.915672706057578445e+00 8.466138328453487460e+00 9.649859316319782110e+00 -3.543376155866980515e+00
0 1.308316948109525413e+01 -2.535075595885744804e+01 2.936454154973072717e-01 -1.003032027105312274e+01 4.552612237569950260e+00 7.051752349909309103e+00 8.542398777040556723e+00 -4.244472873923233358e+00 -4.789051925978760949e+00 -1.599979190729668543e+00 3.106779684000799069e+00 -1.598430615781964992e+00 -7.419709197444816162e+00
0 1.312735110395771621e+01 -2.922471233343102170e+01 -3.441536556108624634e+00 -1.533479709357035148e+01 2.221669041013948576e+00 1.465857654029404245e+01 1.380230644707126508e+01 6.902370833763268543e+00 8.277661455088313858e+00 1.605875178102771084e-01 -1.722531779131632135e+00 6.075934586807095528e+00 2.910685246137802995e+00
0 1.444099824728252912e+01 -1.436447286433027948e+01 -1.073449402202738945e+01 -3.710064392055172910e-01 2.968107768751807995e+01 -2.089043977312171341e-01 -3.023684296753264178e+01 -1.167294403397777103e+01 4.555191186392776537e+00 -1.779265702227989721e+01 -1.138438920798151166e+01 -1.395399004747003957e+00 -3.048129579989288906e+00
0 1.748341145414179110e+01 -1.073810407433056291e+01 -2.023396572327170162e+01 1.219824761792938084e+01 3.227952953663889701e+01 6.760901296083173584e+00 -5.200989192644171766e+01 -1.428662435349654913e+01 9.818753679950889435e+00 -3.130326028942279137e+01 -2.101435082562025158e+01 -4.027014881817953196e+00 -1.872448106266611489e+01
0 1.805357688420016515e+01 -4.877731225708679119e+00 -1.871793758054418788e+01 1.496369042005782823e+01 2.914027239262108182e+01 7.625764443913597646e+00 -5.287014176568438018e+01 -1.565437544887142707e+01 2.620194820084683585e+01 -3.147729898154097583e+01 -7.844739203519567106e+00 1.208148360323525017e+00 -2.165490103292795965e+01
0 1.666094719186162720e+01 -5.502687851305616107e+00 -1.678727132448256398e+01 4.263736213793484886e+00 1.444128446217420070e+01 3.142780331525361071e+00 -3.379061550594334307e+01 -7.710254816705941927e+00 6.471082611238766269e+00 -2.131008872948095600e+01 -1.233612326068838883e+01 -1.519652944569687314e+01 -2.806101063609305157e+01
0 1.727240313615564915e+01 -5.862254000191389203e+00 -1.798584916398329270e+01 5.299792252510902912e+00 3.214751297422082388e+01 1.483727735123600588e+01 -4.331785277515906074e+01 -2.177778427389926108e+00 1.720529338831419963e+01 -2.286256885721171983e+01 -1.209292336800461065e+01 -1.561205227533820938e+01 -2.779241372469689964e+01
0 1.694709480685411407e+01 -4.226608589706045471e+00 -1.504063076117817488e+01 3.911054444322827894e+00 3.196292401941240513e+01 8.014896706513358282e+00 -3.799999501922130918e+01 -6.184830270304175759e-01 1.035583630343036710e+01 -2.403978925693548874e+01 -1.273793679511995869e+01 -1.149292352338021850e+01 -1.026754560304865471e+01
0 1.718371401162669798e+01 -5.966142266230384905e+00 -1.742183340129754754e+01 3.509190551293780214e+00 3.515294854335188290e+01 1.470062977418252714e+01 -4.469639488951269612e+01 -7.778184383832979165e+00 8.333734845975083516e+00 -2.947654310743733319e+01 -2.016556443961116685e+01 -2.058061027765273820e+01 -9.492581003994086331e+00
0 1.695953018872268814e+01 -7.425747704961394469e+00 -9.678222997556801488e+00 1.746495061235872726e+01 3.530134681325038315e+01 1.692713028294694411e+01 -4.401881065507377144e+01 -3.635450962880436787e+00 1.280194347790789244e+01 -3.037324184508079483e+01 -5.450292230970917196e+00 -6.149595978992396184e+00 -1.906612158556276526e+01
0 1.626436418765604230e+01 -7.194617416238217267e+00 -3.883756276367329896e+00 1.245350426823102907e+01 2.552636644317209047e+01 1.771865471443488360e+01 -4.651955625087553159e+01 -4.049755498267460396e+00 3.600807442961765137e+00 -3.397861729035020772e+01 -1.543437977590183330e+01 -3.471812314256705889e+01 -2.014547850256911232e+01
0 1.566431574486877665e+01 -4.123889677044143554e+00 3.057901392821113618e+00 1.619588289260227398e+01 2.954344144272495853e+01 1.569254640624033215e+01 -3.951827871973542017e+01 -8.137529615861479826e+00 9.477284590128657982e+00 -2.386583134778632953e+01 -4.025294334738708235e-01 -1.214579293342137589e+01 -9.352741046817136805e+00
0 1.553170889246520581e+01 -1.950501099933051652e+00 2.837559275261650193e-01 7.090512373212712660e+00 2.157283064737561773e+01 6.515315251457937329e+00 -3.978092633876799766e+01 -1.217707496357810193e+01 8.554418451697467063e+00 -2.243706980443589316e+01 -1.395278172899994473e+01 -1.546170209834611065e+01 -9.740145094333001907e+00
0 1.564978454553883758e+01 -4.693438121184076550e+00 9.790717099025182391e-01 1.473395148427424317e+01 3.186238279240127014e+01 1.502018985329876699e+01 -3.814575290549732500e+01 -1.536989388442763094e+01 1.562631470023409896e+01 -3.063566267533527210e+01 -1.799694269284740855e+01 -1.688594086803186656e+01 -1.327188064785674193e+01
0 1.585626321439436737e+01 -5.874592178760234873e+00 -2.075449927654308802e+00 1.174777110910313382e+01 3.181618561256349054e+01 7.773382599975931839e+00 -4.632780759781715574e+01 -1.332957241317249775e+01 6.318560089532776480e+00 -3.799447476291834391e+01 -1.664528308471058082e+01 -1.817862582731924448e+01 -6.552667042576901579e+00
0 1.532445051897915178e+01 -5.898238731960514514e+00 5.052750831466811254e-01 1.972094322338101691e+01 3.691705066644102118e+01 1.851988140332206001e+01 -2.785896578722714523e+01 -1.041646692021710763e+01 3.245494825504534830e+00 -2.775822913329577801e+01 -6.086837045722552020e+00 -7.858866584111417808e+00 -6.939698247596870928e+00
0 1.493582320184253476e+01 -4.575344297582464748e+00 1.300034299540827165e+00 1.056370726755380574e+01 2.269289720528959720e+01 4.308159729025083706e+00 -3.609077762797940636e+01 -1.269005718824818807e+01 8.947127641178896695e+00 -2.352260183327159027e+01 -2.221560180849142441e+01 -2.233120662896099518e+01 -9.612331236213783825e+00
0 1.492500737564026458e+01 -7.417802879532341187e+00 5.756955906510532017e+00 1.461729061944214081e+01 3.077408534669907070e+01 1.474566252347977269e+01 -2.842725554661961596e+01 -9.322200173282656266e+00 8.584021086962701830e+00 -1.367440026044656243e+01 -1.790008478059339936e+01 -1.398941675643614602e+01 -1.388499762104488156e+01
0 1.437644217546814751e+01 -4.232597068874884627e+00 1.229809128197619295e+01 1.199409663010919580e+01 1.922928414864018265e+01 1.053915580668086882e+01 -2.306117269058111674e+01 -7.548692890159808933e+00 7.088891427211380325e+00 -1.532359032519984332e+01 -1.315684923159362540e+01 -2.034643097792842781e+01 -7.852233195581769465e+00
0 1.452410439998343783e+01 -4.583270413405960753e+00 1.025703701597644724e+01 9.962728072735243856e+00 2.735780255726529830e+01 1.475796330517349020e+01 -2.142401410819063301e+01 -1.171612372588505480e+01 5.805296400609967655e+00 -1.323280777821554111e+01 -1.075768812144342057e+01 -1.930042342154084523e+01 -4.018300390439184966e+00
0 1.440910808649705466e+01 -2.924516519243060664e+00 1.133030254580985741e+01 5.072660043901161764e+00 3.085486635333817063e+01 1.901896228347143847e+01 -1.819798901432881877e+01 -1.455571506671662085e+01 -6.784682014711017617e-01 -1.218819847401384138e+01 -1.592055787154098923e+01 -1.756451173211901562e+01 -5.240424761070524795e+00
0 1.418711237298291117e+01 -3.888230483994805198e+00 1.440345171848878358e+01 7.218931614898379756e+00 1.922571064928103368e+01 1.373688842103484298e+01 -1.356854353951090530e+01 -1.253707543091159593e+01 -7.474962247467263898e-01 -1.388348833125000681e+01 -2.076005027526685964e+01 -2.216067162654648115e+01 -8.846745310587465383e+00
0 1.386441848792523324e+01 -6.395183742342780420e+00 1.726541689184551132e+01 9.711284146610244861e+00 2.713303038535120137e+01 1.565545989530204807e+01 -9.438791200827340688e+00 -1.569860175213821840e+01 -9.144802645424196186e+00 -8.342826244168486838e+00 -1.178942640683992593e+01 -2.084268475430240031e+01 -8.119931429891394714e+00
0 1.495922966748447891e+01 -1.543539611309990356e+01 1.324890438119216363e+01 7.851085234134055568e+00 -4.790907397089820385e+00 2.721405434312499239e+01 -4.749223231311269444e+00 -1.969341583391271655e+01 -1.476055848525508019e+01 -2.030261383402133291e+01 -5.330334507241683006e-01 -4.642935749506971632e+00 -1.249123577585557676e+01
0 1.349402266988813004e+01 -1.298704571731013679e+01 1.485407340495584805e+01 3.705439685459924082e+00 1.290886919550860945e+01 2.340382519077544643e+01 1.104235424535477073e+01 -5.724281070237251967e+00 -5.449480988428693884e+00 -1.308190949661946867e+01 -8.882628696331019924e+00 -1.097703515467241075e+01 -1.309591259164946919e+01
0 1.336117144666412138e+01 -1.901544330592395227e+01 6.980407273867212936e+00 -1.849324460774141921e+00 4.850727430883915225e+00 1.027493923197082282e+01 5.553845897225980544e+00 -1.575891619493346596e+01 -2.380515233716132073e+01 -1.881520717407110865e+01 -6.800468751901277642e+00 -6.238859778911990617e+00 -1.826436010087797257e+01
0 1.339946437012338976e+01 -1.943064445336723267e+01 1.091615041045747025e+00 -6.400285134802242482e+00 5.565849058910594671e+00 2.167130582474576883e+01 2.524439773452552416e+01 3.132061070298110650e+00 -9.464208360831307232e+00 -1.952113916415183681e+01 1.623361886073549254e+00 9.986915825072575359e+00 -5.237897090004498324e+00
0 1.308441688615152287e+01 -2.006278268380876284e+01 3.622338921762471298e+00 -9.277259672789153200e+00 -4.698710213181919393e+00 8.526906669765416780e+00 1.481404205594929024e+01 -2.564360933177523449e+00 1.981384982142056606e+00 -3.290085537181667519e+00 1.197099070304421975e+00 1.427290216040972837e+00 2.706838965201182390e+00
0 1.369853508918235185e+01 -2.496790719896113586e+01 -1.806798917122282466e+00 -1.179739950608449561e+01 -1.279606794170497786e+01 9.663539067673550420e+00 1.059778635878630482e+01 -1.157845553681617723e+01 -4.986345461375274901e+00 1.027594495005848430e+01 7.004271093868220888e+00 4.355037150114898559e+00 5.203032179812455027e+00
0 1.321496107550731125e+01 -2.428921520354316144e+01 2.804700813525876413e+00 -4.870159322520677847e+00 -2.908278876958255044e+00 5.927562606375350818e+00 1.327402404540085179e+01 -8.458969267687987070e+00 -4.255007197125225460e+00 9.954271920186382516e+00 1.186355358276807159e+01 6.036063809297316674e+00 1.472929192696734546e+01
0 1.332584715635824324e+01 -2.847889465189733471e+01 -6.291858519590977750e+00 -1.625854462925257948e+01 -1.236190100539897685e+01 4.763141063939789532e+00 1.325585924182841380e+00 -1.252152656398407160e+01 -3.366490668855745216e+00 5.658226968659688438e+00 1.535943506961485738e+01 1.411144904318729054e+01 5.228160095606081192e+00
0 1.320996848000232937e+01 -2.196894974313662985e+01 -6.296349664628333453e-01 -1.452840263236151941e+01 -4.688992634552486827e+00 1.250513357342514809e+01 1.540843877230755510e+01 -4.492720547834068157e+00 5.986716323175924614e+00 5.402182962568840452e+00 1.228810324601025172e+01 5.903804551933714784e+00 -1.162053307985126405e-01
0 1.323971375091240077e+01 -2.834215671685475968e+01 -6.843631213089426346e+00 -2.283178635420784275e+01 -9.342640191224383273e+00 9.760056254254664276e-01 4.694879931158705944e+00 -4.310235955401062746e+00 1.718802382671494433e+00 6.783588423093145359e+00 1.433280440444682569e+01 1.849780424477711094e+01 1.769676633442488978e+01
0 1.314243808549107762e+01 -2.696749057002552874e+01 -5.138777108827137674e+00 -1.438959706221440271e+01 2.341695820495652391e+00 1.226425680683967023e+01 1.132006566955249482e+01 3.737357911825097023e+00 -7.339046167555121070e-01 -3.515484100164670278e-01 7.309133985500071873e+00 1.117636011257318884e+01 8.775314369247096735e+00
0 1.315331984338482485e+01 -2.622225592580742770e+01 4.430548010566125461e-01 -5.345684847306820586e+00 9.383275044023818623e+00 1.077332009205328767e+01 1.020774594275330394e+01 4.952961362206843354e+00 7.492011508881308401e+00 -2.753290219302934716e+00 3.091437989014865106e+00 1.174007302913425477e+01 1.329600781539518728e+01
0 1.310825078721216208e+01 -2.450811127194190675e+01 -4.454113277173572527e-01 -9.936333605805785396e+00 3.074400197377586963e+00 9.624438498658102858e+00 1.247523433107661006e+01 4.050645778416498977e-01 3.617719581803130247e+00 -8.618307499649578984e-01 6.002814939180607823e+00 5.326331582815983623e+00 9.990587999924231966e+00
0 1.288935829335452077e+01 -2.517304890480168922e+01 -6.467753963161829711e-01 -1.040974601715390335e+01 1.786618928884125879e+00 1.363704582877662830e+01 1.261021575666130801e+01 2.773272630739519684e+00 2.272096102315077637e+00 -3.710386775322013775e-01 -1.338245828524464054e+00 4.206088623599320009e+00 6.326597853419789530e+00
0 1.309058746778928217e+01 -2.526999431024963982e+01 -4.946541926281997764e-02 -1.007132435098590584e+01 -1.384395095552574950e-01 5.249261210760923113e+00 9.403887774349634299e+00 -5.914670234633746526e-01 -3.484327034788886390e+00 -1.177684168762100220e-01 5.726436634832004352e-03 1.647294006182374648e+00 5.771663338561189072e+00
0 1.327667789432283918e+01 -2.739836220095797259e+01 -1.938272948789302674e+00 -1.397419892095160243e+01 2.135154818175453162e+00 9.925030276185490052e+00 6.544031891074629570e+00 -7.165675237349353743e+00 -3.966277098101305132e+00 -1.262161136804491868e+01 -2.710627286756372989e-01 -2.757949023218881912e+00 -7.398862649288682647e+00
0 1.314041125167604029e+01 -2.310157691072318187e+01 3.567464778329436093e-01 -1.027059180030686569e+01 6.156098992501895850e+00 1.620695125121873303e+01 2.076282732356301963e+01 1.707054422807440908e+00 4.389118505678270554e-01 -2.812133273620533114e+00 -5.384479955734234879e-01 -1.118356984608957827e+00 3.682378478968409752e+00
0 1.321839884287150113e+01 -3.022045113942290939e+01 -2.931739522438926659e+00 -1.763632249677475272e+01 -7.474289030554993829e+00 2.609023484538651516e+00 5.564616447143032829e+00 -5.183006244775047122e+00 -8.807508324644208741e+00 -7.904151130638339851e+00 3.288642734654715127e+00 1.080681144037337305e+01 1.964558385482391500e+01
0 1.319402174638267944e+01 -2.604410894910927610e+01 1.223610453902400197e+00 -7.700154013632682926e+00 2.570587861203433189e+00 1.133657883462723959e+01 1.465817410442646995e+01 5.351268955423049256e+00 8.496547346982861626e+00 1.010082616681875933e+01 8.193498677809047948e+00 8.435943641526058911e+00 1.169811582451617582e+01
0 1.306117274805315631e+01 -2.669314824035857825e+01 -2.062895858750344313e+00 -1.290207986412356433e+01 3.245249737309057636e+00 1.280039749642116576e+01 2.201708199853736048e+01 7.243248079526565242e+00 2.684754383982147274e+00 -1.229375197313753443e+00 1.194883433883671664e+01 2.545832354404868880e+00 -3.936537120439414839e+00
0 1.306011963783365282e+01 -2.980902725972116940e+01 -5.494187210762346396e+00 -1.764927395925060694e+01 -6.306886470224924324e+00 4.779158472577368366e-01 1.121541358587523618e+01 1.543137196331164196e+00 -3.063311787187610769e+00 -1.100705632262011413e+01 8.325598115122275544e+00 1.361896851638903883e+01 1.058015315530733602e+01
0 1.316737107090625614e+01 -3.088022766752795789e+01 -4.274423705718636057e+00 -8.882107704573835250e+00 5.743056275037227820e+00 1.753630422188725291e+01 2.619773788010069993e+01 1.266607601491810087e+01 8.124851790406884433e+00 -2.056606165343099146e+00 -1.048199885689255373e+00 -2.239752772552296101e+00 -2.503220405874068799e+00
0 1.308642598611962171e+01 -2.905091340292797852e+01 -5.247996096857865389e+00 -1.367038205481337698e+01 -6.300680647520777278e+00 7.535365679847670251e+00 1.506637883876505590e+01 -8.761131932619161233e+00 -1.525148585800492285e+01 -8.542140333210939573e+00 9.767207964680251209e+00 1.244354321668716512e+00 -4.930500212107168601e+00
0 1.307269023883429249e+01 -2.685951437161292077e+01 -3.611799937642238056e+00 -1.164864741064479681e+01 1.569740960882864966e+00 1.346601439680710399e+01 1.575477727756033453e+01 7.586763178566793275e-01 -8.439659910611471361e+00 -7.927098155444938676e+00 8.175482102495907455e+00 4.083934654544419729e+00 6.886410528769832951e+00
0 1.319873646726779626e+01 -2.839259730785358116e+01 -5.987026202804333508e+00 -1.461044817818638464e+01 1.870676779876702112e+00 1.155625099173070502e+01 1.086110323132612443e+01 1.933941438904954069e+00 5.660176343189401216e+00 1.831378425769647711e+00 1.442931803190531248e+01 5.630493161342854158e+00 5.976940346947420934e+00
0 1.318689119206551830e+01 -3.156866345066135082e+01 -8.773959451883653671e+00 -1.602749066801090549e+01 -3.451920806473882664e+00 1.179381935885544852e+00 6.860334430539190897e+00 -2.604373683359293867e+00 -3.016754540791825701e+00 2.026673591673797237e+00 1.488131832823898648e+01 1.616905486219134147e+01 9.884407477499818739e+00
0 1.309221884469314112e+01 -2.791239393506810629e+01 -3.215865656862161526e+00 -1.842616954260670781e+01 -1.199570164443868947e+01 -7.116991553925563707e+00 3.368003391297571980e+00 -5.565001209275189709e+00 -3.163755998830755090e+00 -1.352711452519599344e+00 5.583237880471849657e+00 8.876509104070137823e+00 8.639791773042171386e+00
0 1.309610806603453170e+01 -2.455998493629309465e+01 -8.406187028942323225e-03 -1.291149035403378420e+01 3.776075377902885499e+00 1.177234357887384064e+01 1.716373869666686858e+01 4.433393959723725963e+00 -5.230965289322075940e+00 -1.584637427707313151e+01 -3.294045079364052331e+00 6.857536988462589633e+00 6.263713615974398685e+00
0 1.301540971231116650e+01 -2.746408593439519308e+01 -4.133537224319839609e+00 -1.306923275852126842e+01 4.650015374313190564e-01 8.674340923446209217e+00 1.803656092622603779e+01 8.439166448548561794e-01 -1.916253454723496619e-01 -1.096754151452171655e+01 -1.252313873560608926e+01 -4.836422020656001131e+00 -4.092436756333557746e+00
0 1.312853826834555981e+01 -2.707760527176158050e+01 -2.493842439178712400e+00 -1.119852109972593013e+01 3.570535013333958840e+00 1.387291453386325912e+01 1.994056371737942612e+01 5.386384880139386766e+00 -2.850380703093900792e+00 -6.489013649043557486e+00 7.026054536893129310e-01 2.976297018343239564e+00 2.506388707795355497e+00
0 1.299446278599674365e+01 -2.442922259796215201e+01 7.116470544326538583e-01 -1.089607056030391341e+01 -1.389543829499882310e+00 7.552831106555425222e+00 1.002742994146098354e+01 3.521014154988907574e+00 7.583602654346898397e+00 6.491797433243930548e+00 1.381269430931212838e+01 9.598416634300910744e+00 4.658706639270639549e+00
0 1.311684372522636366e+01 -2.512614970216370125e+01 -1.020313059509922571e+00 -1.032725358693251039e+01 3.145520975701694422e+00 2.084050892757624851e+01 1.791952766948323017e+01 5.871872014894514713e+00 4.388143913620245584e+00 -3.810348933824256323e-01 8.624555013667130510e+00 1.611099673243089825e+01 1.320751991697468775e+01
0 1.328397094840343939e+01 -2.821657911235944383e+01 1.826606863099864697e-01 -1.290770413500508162e+01 -3.052604298735302368e+00 4.211685008305894762e+00 1.175008852383352931e+01 2.185933102998517619e+00 8.190528456664518231e+00 1.502141560171700085e+00 8.218421848005917241e+00 1.572564072676832936e+01 1.303651280810392521e+01
0 1.314318656593206214e+01 -2.781449270751194192e+01 8.722070861798975061e-01 -8.287114953598278433e+00 3.204264846671955880e+00 1.480710754905452120e+01 1.815281680761142979e+01 8.455626579484805561e+00 -5.418486630150441741e+00 -9.605607330566098057e+00 4.985381432219219811e+00 1.442637218514398256e+01 1.016632652027473505e+01
0 1.319215246251151896e+01 -2.911408502398846210e+01 -5.258285384403141194e+00 -1.574724015890056172e+01 -4.485895955755760944e+00 9.371054558606319418e+00 1.568447971126953000e+01 -4.425827192714090863e+00 -6.044208324696417556e+00 -3.750652719844970395e+00 1.825417460887202026e+00 -2.539372919996061850e-01 -4.874769849921021247e+00
0 1.305527158083524775e+01 -2.587722061061293033e+01 4.226024411492845245e-01 -1.188739952977360304e+01 1.233398062922672345e-01 1.038313534127557780e+01 1.973639838355041221e+01 5.294617545845736295e+00 -1.378618539868279314e+00 1.227752407952202640e+00 3.309119697142888672e+00 5.457616241271238344e+00 8.542799190241504803e+00
0 1.313720735457465949e+01 -2.777926613501778519e+01 -4.940463751926781555e+00 -1.122370649216763105e+01 9.574994194266620795e+00 1.895200807835805534e+01 1.926715878534059811e+01 -6.283525763246888829e-01 -5.680406877154384304e+00 -1.928991888700546831e+00 6.701806297223732223e+00 1.192560870947110452e+01 1.057469156614318706e+01
0 1.315544644022398479e+01 -2.728176660197192049e+01 -4.775778284062917933e+00 -1.433458121952984143e+01 2.010865022210886366e+00 1.070701319155417508e+01 1.134681857990192277e+01 -4.959429741038152151e-01 4.298187866754404673e+00 -8.714527773322920945e-01 3.846581937620956904e+00 4.893707285325516132e+00 7.187868644100480431e+00
0 1.309128008489408224e+01 -2.798318735855389150e+01 -1.357144464307061371e+00 -1.194892228686559577e+01 1.514930551741092701e+00 1.032688723368055861e+01 1.368287514687802719e+01 -1.977639557659481184e+00 -4.525868089256451121e+00 -1.124239827436144523e+01 -8.137938091260634721e+00 2.977234847303820153e-01 7.003843089555581436e-01
0 1.308409263586490923e+01 -2.753120269508865903e+01 -8.639510119831398383e-01 -9.293762844623643105e+00 8.745418635212608649e+00 1.814551377317391356e+01 1.135644731719287215e+01 -2.057663139563756516e-01 -1.297523377608835515e+00 -3.946168892558622687e+00 3.569483895219531799e+00 6.109854622367867805e+00 7.355040419555242792e+00
0 1.305999813403732901e+01 -2.809786708206586781e+01 -2.798032699577243321e+00 -9.029787810310336837e+00 1.032387610746070727e+01 1.839205999974483774e+01 1.939689450731058074e+01 -1.099579477610279410e+00 -1.778298038292140282e+00 -5.110302519296497259e+00 -6.188030331936978934e-01 4.930000266826876754e+00 7.606186134605215088e+00
0 1.321329526232535123e+01 -2.945744495418377795e+01 -5.789995624594904022e+00 -1.697964425339750960e+01 -3.221641439749422187e+00 3.428374733002391928e+00 8.910174633881982942e+00 -2.415332631556315945e+00 -7.536433876019672518e+00 -4.092276116001272612e+00 8.382124195164397662e+00 1.461129057264059306e+01 1.664102572249098699e+01
0 1.300482034922294794e+01 -2.429796157753557750e+01 -1.008649097041514509e+00 -9.626129569047447987e+00 8.277700968272824866e+00 1.053318730163793582e+01 1.051716648726688241e+01 1.990580382959429295e+00 -6.885584446185222696e+00 2.399748271672286215e+00 1.217075678963495555e+01 9.825952169616325449e+00 1.302569331912289918e+01
0 1.320929295660469727e+01 -2.794608667681166381e+01 8.423298088669490813e-01 -4.289653225674110892e+00 8.819305084503008985e+00 9.343674906132090285e+00 9.641790478875286396e+00 -2.493932103074705253e+00 -5.198303939051723610e+00 -1.821731463793070382e+00 5.770292131202030106e+00 1.330585395486314937e+01 1.149561852347196655e+01
0 1.323795013107662299e+01 -2.932423556713047930e+01 -4.420887632762034336e+00 -1.792955106914432761e+01 -6.505818111122642300e+00 -2.139152947125598114e+00 4.329126702080287714e+00 -5.656801486290252257e+00 1.304394572077057113e+00 2.632022121159737438e+00 1.735192763357150270e+01 1.752449675729075906e+01 6.608821284445056676e+00
0 1.306722040232996918e+01 -2.851388658782085983e+01 -4.532404152063091551e+00 -1.312411061507133780e+01 3.063223246799986033e+00 1.117099912871884193e+01 1.364520035726391711e+01 5.865910664204394998e+00 4.581160722059377299e+00 -4.914064699605401820e+00 5.247314974815530775e+00 -6.568854900883182024e-01 2.000877557013954977e+00
0 1.318766319078099336e+01 -2.645138853568057158e+01 -1.463178334011015380e+00 -1.212556809886511111e+01 9.665717119017408265e+00 1.796569324073381679e+01 2.317349419821434608e+01 6.051578480273345662e+00 -1.758024041963545780e+00 -6.318076962143081232e+00 -5.534353699133227611e-01 7.070925453832207275e+00 4.675800713501970129e+00
0 1.315294969154508919e+01 -2.713150133137393638e+01 -1.226039258195461779e+00 -9.517807625465851018e+00 4.625335621698975608e+00 1.155384646189491704e+01 1.386816591866136150e+01 2.148772570358547629e+00 3.926940113494735041e+00 3.568709126117615149e+00 7.067994342005505359e+00 3.909449736855778568e+00 2.253484444434858514e+00
0 1.314919042322740594e+01 -2.694496381400898954e+01 1.478433942493264208e+00 -1.004177942115235744e+01 1.340851346768523245e+00 1.203861901887426278e+01 1.823633166430737518e+01 2.721519676808861199e+00 1.247396461916897437e+01 7.134381659511357832e+00 6.791886720894138918e+00 6.516024028755698971e+00 6.710594348909364015e+00
0 1.308809377900964854e+01 -2.461409088934616207e+01 1.540876153507064306e+00 -6.055436628898574369e+00 7.489608154224388414e+00 9.447825508721567900e+00 7.821862709026220273e+00 2.498125841829041516e+00 6.653113761571035845e+00 2.818588133154493747e+00 6.375363106038808070e+00 4.299450186694442344e+00 7.606618349143305480e+00
0 1.305707527568182869e+01 -2.311765166708672936e+01 3.384571001124465628e+00 -8.135141514354289782e+00 1.723964932233373215e+00 3.804768768677957436e+00 9.640112814689285159e+00 7.300473664386877282e-01 -3.547458652713821881e-01 -6.389811831999271163e+00 6.071923151237379912e+00 5.997165033003089007e+00 8.577098939845692271e+00
0 1.312711272918850725e+01 -2.447169420152579278e+01 4.153426302119667568e+00 -5.182281066548909187e+00 2.015647082738465823e+00 7.433839401397491997e+00 9.531712836024096802e+00 -1.859760310934693184e+00 1.524816897189669451e-01 -2.953121370245971988e+00 7.240227318865262163e+00 8.048461815724845536e+00 -2.109180153387433698e+00
0 1.306172035833206913e+01 -2.764309866231787893e+01 -3.356984146822582282e+00 -1.168440916192508361e+01 -4.887992440704823638e-01 8.720308874086148521e+00 2.256260991435002694e+01 5.903708932231690021e+00 7.900388295136503203e+00 1.641186910027036561e+01 1.416745535090569774e+01 1.623537378960887523e+01 1.152734842988383512e+01
0 1.317253578870563047e+01 -2.796863288055319785e+01 1.071253315844659937e-02 -1.180655064361433837e+01 -4.951584968319350799e-01 1.309577611851866052e+01 2.087069638177301911e+01 -5.532919927988483089e+00 -5.477272345741662996e+00 4.344368301037587754e-02 1.336017763433493677e+01 1.424227782326515168e+01 9.277606181957697373e+00
0 1.313599755416176684e+01 -2.709785731069937142e+01 -3.552542597856357620e+00 -1.435471529279931246e+01 -1.617989020614911899e+00 8.144593022140259819e+00 1.442337415163818903e+01 -4.327011861904193069e+00 -7.722523083136333177e+00 -8.249204493847509312e+00 5.835313674377092141e+00 1.328134273866218074e+01 4.248066560435673544e+00
0 1.307472522382772340e+01 -2.590455199371548289e+01 8.728860979228025840e-01 -7.626390159807464819e+00 3.247184098489297899e+00 1.513251530603150208e+01 1.880579197363006116e+01 -4.988113374485798168e+00 -1.005610383638695815e+01 -6.378157707009496136e+00 1.179322710637911165e+01 1.615835341329363217e+01 7.027948666146199841e+00
0 1.308396908270535342e+01 -2.535690223572175128e+01 -4.381847912440738901e-01 -8.819490806979281672e+00 9.010188031851033230e+00 1.468035900848452080e+01 1.657927549221847840e+01 1.998962551637902818e+00 -3.446747595273378817e+00 -7.693545660825438226e+00 -6.013341363261957895e+00 2.193678776177939937e+00 3.899696701289362633e+00
0 1.323773429896783504e+01 -3.024465376652716486e+01 -5.462329245571771352e+00 -1.495947716818744411e+01 3.519405444947179440e+00 1.155877196078649227e+01 1.668622682018188641e+01 -5.417678357702753189e+00 -7.659928395084987685e+00 -4.335988758517944852e+00 -3.525508887618010734e-01 -8.710669913444032630e+00 -8.907040149394598316e+00
0 1.317812967691033599e+01 -2.981192333327600963e+01 -4.702708734531965362e+00 -1.800277119748190202e+01 -1.776204712526246343e+00 1.683627006333476572e+01 2.117938902739253848e+01 8.226660217451057022e+00 1.012980384430072611e+01 5.254801062407412182e+00 9.725723593581900417e+00 1.028625964942082938e+01 6.265763782387274716e+00
0 1.318727330185953583e+01 -2.618819793201303980e+01 6.485675152919939679e-01 -1.061905413245092156e+01 -1.223739302657082195e+00 6.463217133035665363e+00 1.279726932338004808e+01 5.752095287120113642e-01 -4.537968486265538282e+00 7.949509083318258007e-01 6.971971831417786980e+00 7.078530888458019810e+00 6.802167066728902256e+00
0 1.308123782916860023e+01 -2.613416306271727763e+01 -1.069212081970130734e+00 -9.223154227440439001e+00 3.828942416523700487e+00 9.235478172568651445e+00 1.364380966520082161e+01 -1.566823600134169769e+00 7.157701530364703579e+00 2.925574091889404205e+00 1.065003005150351179e+01 8.653142594009255006e+00 4.432326125971594699e+00
0 1.298629683006439350e+01 -2.772054931648462528e+01 -1.808428301871580990e+00 -8.464142183563380328e+00 6.593510349322860620e+00 1.589955248628176498e+01 1.508182244974592301e+01 1.325439178091111225e+00 -2.826710925541107700e-01 -9.116628975926497347e+00 -5.503564224174692043e+00 -5.327063941481061882e+00 -1.035475622756923508e+00
0 1.301317251922415963e+01 -2.666984571038474172e+01 -1.357932398463242096e+00 -1.120871640243182021e+01 3.412095714135641167e-01 1.178112242422249878e+01 1.117550993710080398e+01 1.251453243823614558e+00 2.655280370925420019e+00 7.222398974289913731e+00 1.432082992462187931e+01 1.500444308022866835e+01 1.355681099893529939e+01
0 1.314722237100817637e+01 -2.864360093675378138e+01 -4.807153940331088116e+00 -1.569986397994724925e+01 -2.832471853222479741e+00 2.909008503398122780e+00 6.370992716631207031e+00 -1.003683995175917509e+01 -9.538247674868166825e+00 -8.201744197841204453e+00 5.284434889626582477e-01 4.028473482020419993e+00 -1.641155320421495922e+00
0 1.312774918369606780e+01 -2.792466780224359013e+01 -2.408653404771542217e+00 -7.815062262024553341e+00 2.480085376149163245e+00 1.155797460436148683e+01 1.405136472579515683e+01 -1.344776056453502511e+00 4.170277495437216153e+00 2.875924452565829625e+00 9.411162585549636361e+00 1.291044867729094747e+01 1.274828288431031531e+01
0 1.602287765660976149e+01 -4.288772724029561090e+01 2.262561511528524694e+00 3.101077752395384302e+00 -1.048312654981245373e+01 1.171724741681856585e+01 4.159637860177471502e+00 -1.399183885795349980e+01 -7.697679045340865001e-01 8.300124814944018325e+00 -3.174863908493334996e+00 1.225639491217693333e+01 -3.672942410791739665e+00
0 1.430582874202078614e+01 -3.436298283706486956e+01 -5.940034460492483070e+00 -5.444504019341850132e+00 -7.967720457576265680e+00 1.725146609993818458e+01 5.178810785029528851e+00 -7.884969948876068280e+00 -3.891166491725456922e+00 -1.170743659313558105e+01 3.145910434567487979e+00 1.243999730360350142e+01 -3.914476636243902768e-02
0 1.397793521951049911e+01 -3.283412030288096162e+01 -1.979120215990210374e+00 -4.890814974280737637e+00 -5.292651877257092963e+00 1.672653211297711806e+01 1.380920082635071822e+01 1.663289056136614485e+00 7.248529389812142121e+00 4.191866808088108520e+00 9.937332197116401034e+00 1.437661045231213919e+01 -1.889056675938046048e+00
0 1.360825374887846984e+01 -3.180139723331269863e+01 9.632948186028189586e-02 -7.946181304140320201e+00 -1.243504543642489324e+01 1.544490885604005648e+01 1.321604860366398881e+01 -9.296295500875173090e+00 2.824329674342673346e+00 2.647955108221772491e+00 5.420628158469324553e+00 8.910133750948991960e+00 5.469929905871086184e+00
0 1.344713614377807787e+01 -2.995048230700012937e+01 -1.166888513736821092e-01 -7.991967013914492490e+00 -3.489664349383024167e+00 1.456668730671678169e+01 2.047086151995675607e+01 2.774982976806933621e+00 -3.454294496640632595e+00 -2.723412318205876481e+00 1.059922551995584605e+01 1.255293150852803841e+01 1.179515631019784472e+01
0 1.336631710344262203e+01 -3.070390673891905209e+01 -2.522512687163559697e+00 -7.471035142813001073e+00 -4.419901499784328891e-01 1.352548495965999820e+01 1.484592304007792762e+01 -1.459001206027309205e+00 -1.074150933007657649e+01 -1.365269079446343170e+01 -7.344684071658316604e+00 -1.868514759764325905e+00 1.196801608097510128e+00
0 1.322517507870407982e+01 -2.592307654497505354e+01 6.068133285320900239e-01 -8.325273257249259373e+00 -8.067590929992037030e-02 1.094173399724367712e+01 9.491512595121168516e+00 -4.870302279791461353e-01 -9.792253173214223727e-01 -7.444441057670271311e-01 9.938963743720995225e+00 1.183939153721524207e+01 5.953650017346076240e+00
0 1.319389974162999302e+01 -2.490672939470567826e+01 -3.281993805301633982e-01 -7.656055165524183970e+00 5.776900348016991593e+00 1.407998930049170205e+01 2.027130719890774202e+01 7.036732586746027529e+00 7.290261138217811743e-01 5.147850533884412272e+00 1.139807496149992971e+01 1.295684558159589095e+01 9.823120874813314529e+00
0 1.318796277847960141e+01 -2.941319920219179096e+01 -4.529627159273328374e+00 -1.710203339188642246e+01 -3.565082928922343353e+00 8.469083408595627915e+00 1.750310957796003564e+01 -2.173753644896608161e+00 -7.427498482731034635e+00 3.160782004078148688e+00 3.893048027426764257e+00 -1.744661855437920739e+00 2.673602811995174910e+00
0 1.304232579883720256e+01 -2.767141243910490189e+01 6.666158717169242687e-01 -8.801409341563244837e+00 -2.261676004451208755e+00 2.259874643139871608e+01 2.551112031124754509e+01 4.853587505573202954e+00 -1.222066041159975747e+00 -4.434125352650025026e-02 8.689273636638164433e+00 8.547872638708268411e+00 5.056638707654943943e+00
0 1.316041307423753537e+01 -2.761916079466699614e+01 -2.355547109511453296e+00 -1.369504326670860017e+01 -3.227282766392013169e+00 9.597691045952498001e+00 1.649780227854996539e+01 3.949695078309188645e+00 2.306865410128739136e+00 -5.813989589952594628e+00 -2.677322662119526964e+00 3.711772502881410141e+00 4.987941568879967313e+00
0 1.324652870399821047e+01 -3.300242326446552710e+01 -8.038947015374596106e+00 -1.779210747393234371e+01 -9.557151629080787858e-01 1.131202354890789863e+01 1.399994380275552253e+01 1.963954322411104236e+00 1.247342054489058105e+00 6.451569777668067829e+00 1.374339762217610073e+01 1.527196713600992695e+01 7.789225983910348816e+00
0 1.327915064660775890e+01 -3.026869179565877843e+01 -4.211116360272863623e+00 -1.163462319571818426e+01 4.375983156875127733e+00 7.925493238315698186e+00 1.163002051184396990e+01 -1.498227411273127085e+00 2.862538817612938047e+00 -1.008101614523977396e+00 7.327021487712582548e+00 5.728534148052684571e+00 7.505568200082930019e+00
