0 1.333542097037734386e+01 -2.666504886906641403e+01 2.713325073616942529e+00 -7.326290005669825689e+00 -1.095778434151379738e-01 1.436323768730425554e+00 9.361615643730923253e+00 -2.546462034906991079e+00 1.207371817078989107e+00 -8.255938468095951777e+00 5.830580365773151641e+00 7.296045153627880531e+00 -1.470503168378224146e+00
0 1.321648425283218309e+01 -2.880068607871216813e+01 5.174901853550453179e-01 -1.257424393920572570e+01 3.503925060683810710e-01 6.394724425953500102e+00 6.903578236904946763e+00 -2.890115286088319912e+00 3.462340291071554166e+00 5.436297383903502478e+00 1.964699272078570047e+01 6.774125577614238836e+00 6.070530248778997162e+00
0 1.319769702126935407e+01 -2.632736068067153212e+01 2.721030440056219080e-01 -7.156964624211787473e+00 8.266704058787407661e+00 1.486077946038129127e+01 1.681642240457139437e+01 -2.809078922691556457e+00 -8.390428200999663355e-01 2.246017069362772123e+00 8.112863326138130660e+00 1.506781627010790992e+00 6.875833206407889975e+00
0 1.325055160767608342e+01 -2.648121252121421776e+01 9.025607851684197547e-02 -9.876716992457547306e+00 9.094245083627674475e+00 1.542710154959127600e+01 1.581184966917482448e+01 -5.167374572772791552e+00 -1.123629566902910604e+01 -4.045016415389575570e+00 -2.217289418387778710e+00 -2.908201749831513361e+00 -3.896851186692438240e+00
0 1.316756502546924068e+01 -2.271977521415610823e+01 3.887821446259941638e+00 -9.207015420096832159e+00 3.213875644716913005e+00 1.023008001009114665e+01 1.412605564232406330e+01 1.060430217086442584e+00 5.568514689683175867e+00 -2.150909806415429504e+00 4.562606476558848989e+00 6.273733853716489506e+00 1.283665403951561679e+01
0 1.317215326533369080e+01 -2.766386684073558655e+01 5.334797654846775705e-01 -6.591307411079126766e+00 6.421955778370654677e+00 1.780164749107702704e+01 2.372844387704973812e+01 4.351953813655719649e+00 2.201221648472849068e+00 2.981265906285524014e+00 5.628230793766928031e+00 7.534274108625151456e+00 9.544358796771708953e+00
0 1.308617094007938242e+01 -2.369554268811499398e+01 2.108111693322767266e+00 -6.337958239188301590e+00 9.517792039543397919e+00 1.451363642972289725e+01 1.603626618306414642e+01 5.412765494729098181e-01 -1.809301839705694359e+00 -8.636756138743983957e-01 3.444641384481740953e+00 2.357258703378811049e+00 -1.398500922052041684e+00
0 1.318300428766016452e+01 -2.655747915734113107e+01 9.198724836366785210e-04 -1.103116243952921671e+01 8.050435244025878623e-01 6.571199261640233047e+00 1.333734327199216985e+01 2.752160783729982740e-01 -1.826278642319158152e+00 5.397114873239107879e+00 1.737098713478760459e+01 1.271845973808663288e+01 1.329244429447303943e+01
0 1.306617992513526616e+01 -2.817876331584118788e+01 -1.849360437459424578e+00 -1.216222055201008700e+01 -1.473556391788073405e+00 6.142751898383541409e+00 1.280752117606600571e+01 2.849631154774671660e-01 -5.950594725289222175e+00 -4.989795006766702734e+00 5.710112107264480485e+00 5.289230887891191557e+00 -5.457340003331712097e-01
0 1.322123082585599363e+01 -2.786045715009453971e+01 -3.965266141282754564e+00 -1.289103404935093877e+01 1.310782784083616148e+00 1.214402706187448722e+01 1.583665641451507433e+01 3.110708518344544316e-01 1.866216617294827185e-01 -4.136850585422079618e+00 3.068302507521087019e+00 5.974452097659269434e+00 8.086203586089171225e+00
0 1.315917859838959458e+01 -2.895345397018099476e+01 -3.976321391862516652e+00 -1.228234795447221472e+01 1.085487784756857671e-01 1.002814788119939848e+01 1.381314745933586607e+01 4.577008278688300180e+00 1.763869960140524107e+00 -1.698381522570070468e+00 7.671090911563860359e+00 7.057617476837894088e+00 8.535763532495654005e+00
0 1.302299245811720141e+01 -2.434633284057247593e+01 3.169149921918373636e+00 -7.748174576455707729e+00 1.647956449287991898e+00 1.273377971456997670e+01 1.397908887283718293e+01 7.622937546173067958e+00 3.912578415975149326e+00 -4.118939244412964662e+00 -9.312009011502928146e+00 -9.564747230665380240e-01 7.362408100042044268e+00
0 1.334444129415978786e+01 -2.657732933491606886e+01 1.993410256536819747e-01 -8.373675279703943986e+00 7.103098680807610421e+00 1.428247153173379758e+01 1.336367088977556783e+01 -4.604601752236094470e+00 -7.706695899221682744e+00 -1.537145929577921422e+01 1.869766468055623632e+00 6.008420912049472484e+00 2.031445001820418650e+00
0 1.328996477282125532e+01 -2.720342325719866494e+01 -5.325653391616599341e-01 -1.336078320840243450e+01 3.985097210345175389e-01 1.563308381764855604e+01 1.608952651807959811e+01 3.004847416883176248e+00 -1.370185388976083996e+00 -5.106073193280734834e+00 3.739891946425245806e+00 1.335602309620956341e+01 7.091007804882122123e+00
0 1.316987242568352023e+01 -2.618413459654845354e+01 1.490308542607324593e+00 -4.755927337872990712e+00 9.542013670645800971e+00 1.562971087586714525e+01 1.519306316287562986e+01 1.054159933146526740e+01 7.607350004022112699e+00 4.605934015241420099e+00 1.228235447815589687e+01 1.315975259292360278e+01 3.868489305831719793e+00
0 1.316528871924976585e+01 -2.584917419383013026e+01 1.225060815801378711e+00 -8.123677357034894797e+00 6.175479233090055864e+00 1.797001225368576982e+01 2.390264465195796362e+01 1.152415885288672648e+01 -2.472190210968344903e+00 -6.771794937024470329e+00 -1.886623797202583885e+00 2.371587522476083620e+00 -7.804297929333407602e+00
0 1.319099947884657098e+01 -2.665913485069537359e+01 -5.344437371606035603e-01 -1.672034784093160908e+01 -6.190396418377399623e-01 1.104383416667088902e+01 1.670520646136716891e+01 7.929141082037042487e+00 1.102683484098746547e+01 9.790146423385431618e+00 1.494308370855073598e+01 1.041383611140908272e+01 1.032639264530225454e+01
0 1.307985815232107996e+01 -2.595715419613599195e+01 1.677558195288066101e-01 -1.100765312567334497e+01 6.232898100294275157e-01 8.744971521704375306e+00 1.112020237201198292e+01 2.436689121825912796e+00 2.053584136512295544e+00 6.168829215458404569e+00 2.677814949154971558e+01 2.299167776307969291e+01 4.201666065106809178e+00
0 1.311706302275411495e+01 -2.685512278250572038e+01 -3.103557452856051668e+00 -1.082995225651393589e+01 2.454473295662940480e+00 1.613121119734205777e+01 8.560126916896445337e+00 -5.224823769750595481e+00 -4.125325105740691001e+00 -2.260928252002157191e+00 2.244283257048350411e+00 2.076802241936837934e+00 -9.744325513021738772e-01
0 1.319506829016200555e+01 -2.761504972777627032e+01 -2.198792494691372390e+00 -1.511777839182760985e+01 -2.484932366711007368e-01 4.868869843734515257e+00 1.642314089820849476e+00 -1.318300447162562250e+01 -3.455398495371019951e+00 -1.735784464890848922e+00 1.743389094304406584e+00 -8.341459149486909475e-01 -8.236203371858016098e+00
0 1.321872891939217176e+01 -3.223814415456898530e+01 -1.024337005971742087e+01 -2.152911959854225543e+01 -6.112523236162870077e+00 9.039520717435078012e+00 1.511200975409333580e+01 -2.339415292665643964e+00 -6.509548355054747049e+00 -1.385400276676734155e+00 6.834860761925393824e+00 6.025836101880169160e+00 -3.665689830868740451e+00
0 1.317979686366828496e+01 -2.237569881419939932e+01 4.521632357418378767e+00 -6.750474694004603649e+00 5.681609470385581950e+00 1.110351250714420956e+01 1.304630619235566158e+01 2.945019857561603782e+00 -2.995325474399674448e+00 -7.295097401210129284e+00 -1.008079590052521679e+00 -6.286099512798092315e-01 1.146157390206812288e+01
0 1.313283970745908746e+01 -2.860452425881197058e+01 -3.600554892637406468e+00 -1.144470947092318092e+01 -3.249167844107939906e+00 1.536761588001679080e+01 1.776863639310670706e+01 -1.620040621467432329e+00 -3.980383966716456889e+00 -6.371492046532147846e+00 -4.733751268160961700e+00 -1.456516629206521429e+01 -9.572402755542686492e+00
0 1.316837525533215114e+01 -2.801172464212087476e+01 7.563961109860840581e-01 -7.386403524553219135e+00 4.370206750991746603e+00 1.204333270125110111e+01 1.559073104153446820e+01 -1.550365598439951587e+00 6.206055265379381680e+00 -5.427527021572056576e+00 -4.746377669904256358e+00 -1.430625913294433782e-01 6.604328635260968028e+00
0 1.302781948334584783e+01 -2.624713214805247929e+01 1.586684863099157905e+00 -5.141145641564654589e+00 4.061283715288436014e+00 1.205813073947090430e+01 1.529006756507933851e+01 7.379530899581826731e+00 9.027541940965479128e+00 8.244762750508641602e+00 1.120562266446658484e+01 2.806968174069341515e+00 7.652651321668606066e+00
0 1.296429388167796581e+01 -2.567953289375326875e+01 -2.588202483380063423e+00 -1.403816014511734700e+01 1.378981913317730790e+00 9.369928346881046366e+00 1.382735512606893558e+01 4.990936646407173605e+00 8.826190610386900559e+00 -1.223622290617885522e+00 3.839334885504342321e+00 7.406514078991140337e+00 1.786314229398959563e+00
0 1.314446435704507543e+01 -2.572455661869331323e+01 3.242302097605631039e-01 -1.261469355583276375e+01 3.767562162273231152e+00 1.099463323717625229e+01 1.582308631980170865e+01 7.764548429002169350e+00 2.753798605511681874e+00 -7.615584474603877219e+00 1.440516337331004371e+00 3.652347620938150907e+00 3.349657264944296386e+00
0 1.303262591461288444e+01 -2.567619588383600870e+01 1.196667513669152916e+00 -6.301095646863272393e+00 -4.758073859773271352e-01 9.580958585862910937e+00 1.743505439914852673e+01 1.297816063607152870e+01 7.423564302897343481e+00 2.975418749533973006e+00 8.746270413918439957e+00 1.043032634886552756e+01 1.646768286999820674e+01
0 1.305875199142451848e+01 -2.437841746603965376e+01 1.351803076996045849e+00 -6.114742941177461866e+00 2.798828562690261812e+00 5.846380119247412743e+00 1.333386246364419492e+01 8.888415825103070933e-01 5.831368821398305036e-01 5.398242876443811511e+00 1.674648444764763511e+01 1.218303287429442605e+01 7.509210340611186751e+00
0 1.300451622885389114e+01 -2.425549338174691982e+01 -2.019763861389961779e+00 -9.928214540561212331e+00 2.415635080759209519e+00 1.431455884654721800e+01 1.702600341206133550e+01 -1.657434843490324550e+00 -1.763689884370672978e+00 -3.117274880192333342e-02 7.488099763174822066e+00 3.731522252810615115e+00 6.540253817560452987e-01
0 1.313398123642675586e+01 -2.760828681611810254e+01 -1.987244473259262678e+00 -1.016029088015133830e+01 7.183420549938097643e+00 1.624453083398146447e+01 1.591619520754389505e+01 -5.109484331101484811e-01 -4.245113619996255139e+00 -2.846611855562868776e+00 5.539088972335777683e+00 3.546736224971117402e+00 8.134738850009242128e+00
0 1.312299458367985139e+01 -2.294216329516548569e+01 1.687915765615518593e+00 -7.665418699768749455e+00 3.093625393981266125e+00 1.394311002488746887e+01 1.907744021329728312e+01 -4.787683596845908052e-01 -6.272298852609860198e+00 -5.969948820552033020e+00 9.105669025088044322e+00 1.323564541801834338e+01 5.121022768517227153e-01
0 1.329902319769666086e+01 -2.714080118752097803e+01 -2.225935142526738630e+00 -8.732387878423429228e+00 5.847172121260554079e+00 4.691620315369057437e+00 4.655535507980596677e+00 -1.489541038176543708e+00 2.955755180092398238e+00 -1.388286806101744908e+01 -3.897729797010133002e+00 -1.984727298137676899e+00 -7.562281361053073692e-01
0 1.317403175180329100e+01 -2.804890994530438419e+01 -3.887724619409446802e+00 -1.407530753433886161e+01 -4.718368142223428485e+00 7.001688615201621113e-01 1.015752309553997890e+01 3.473936789983653739e-01 6.370424308929966806e+00 3.481821806140552589e+00 9.933291525908931163e+00 9.556237518438761569e+00 3.879842276216489250e+00
0 1.302996607709347821e+01 -2.977879639301855974e+01 -5.795463976915124604e+00 -1.748086999253861862e+01 -1.617588335911164465e+00 1.135617544233170761e+01 1.872125978864896467e+01 1.444230610180804319e+01 1.572619514511518268e+01 1.594409891756862052e+01 2.239119415324856277e+01 1.386340159681487627e+01 8.458722313662008219e+00
0 1.325557623459201118e+01 -3.008125512694613590e+01 -2.908478731429084529e+00 -1.344316466893013207e+01 -4.047300773311008015e+00 1.201555454945252954e+01 1.350981857864385915e+01 -3.059986982014976764e+00 5.642265611730460151e+00 5.509720932267317295e+00 9.134711917615609522e+00 2.924933769852614773e+00 7.657100737448205408e+00
0 1.320638776947526694e+01 -2.758337786677081027e+01 -3.490778198951417721e+00 -1.624155055106816548e+01 -2.656706589831285825e+00 1.207465454779259062e+01 1.508371798126586150e+01 -2.400758399266466281e+00 -5.694524954736223776e+00 -7.115484059556860530e-02 9.382266309449954989e+00 6.743365772416979098e+00 -2.425483715646834071e+00
0 1.323980610299132188e+01 -2.605122747486375800e+01 -6.672325329725883325e-01 -9.207827817660108494e+00 4.728002289897613508e+00 1.291481096645751414e+01 1.543974917449689954e+01 6.901296346635262501e-03 -4.410757126680632467e+00 -4.917893343054564603e+00 8.334890378681382828e+00 1.173108492850877127e+01 1.528710162262169980e+01
0 1.315323481807337380e+01 -2.681271780377189984e+01 5.098093565077793654e-01 -4.986067904691716457e+00 9.843880456551961089e+00 1.543743538216271993e+01 9.237036553872911782e+00 -5.601889834836288884e+00 -6.532043080223361109e+00 -9.268917834681079881e+00 1.821352526485325862e+00 7.518800267903339218e+00 6.039744199979953265e+00
0 1.321288225260840044e+01 -2.564516762026878283e+01 1.725429645117250721e-01 -8.081383119504428336e+00 1.421807124438106973e+00 1.044296065206207125e+01 1.597261987877864975e+01 -5.685808058855983838e+00 -3.426675215829801502e+00 -2.203162039802865291e+00 1.260231287565813396e+01 1.003466740914286248e+01 1.004023400988421955e+01
0 1.322183941984617306e+01 -2.445923691709642256e+01 1.282877259041397267e+00 -1.356115455923199598e+01 -1.537361708346936418e+00 6.645236138858130026e+00 1.162225642774328982e+01 -2.876471958639557513e+00 6.611014137650503386e+00 5.991098089235218360e+00 1.092874740385129861e+01 1.587922361435198937e+00 7.963774780993057023e-01
0 1.318313929462503609e+01 -2.312992352946600860e+01 1.157647424222740806e+00 -9.414323732325346583e+00 8.293777205573187317e+00 1.808509843231178138e+01 2.282385709362652548e+01 7.123587087926719796e+00 1.598959202648523092e+00 -9.055536759958743298e-01 1.184887490534942778e+01 8.055147124922170665e-01 -2.947633474818342592e+00
0 1.316330216431383704e+01 -2.642338254851548029e+01 -1.661059152591699783e+00 -1.456869250705326380e+01 -1.749468292603072905e+00 8.348705205841868704e+00 1.628007040580945031e+01 5.163933020445433897e+00 -2.680062889339141385e+00 -1.089926550428298668e+00 1.216121372095065745e+01 7.558920483977582983e+00 -3.305732561669905589e+00
0 1.318568690691492584e+01 -2.832388257022490308e+01 -1.843940000009247404e+00 -1.667487679165607517e+01 -2.418481818715226161e+00 1.599379510186183140e+01 2.142668192130473770e+01 1.193469027051418863e+01 1.085279165678212365e+01 1.052083515671542990e+01 1.779524583251839331e+01 5.382616127847449583e+00 3.698066645316299361e+00
0 1.321182830819723542e+01 -2.759814437079893068e+01 -1.696634613893368559e+00 -9.598917506304822211e+00 3.672535701677330788e+00 1.101105726532507845e+01 1.305846477689921059e+01 -3.907866874934794676e+00 3.207045943498783580e-01 3.223447332128532850e+00 1.191559328701068310e+01 7.160436374110678237e+00 2.455442026895942931e+00
0 1.318407657639969166e+01 -2.537230617223160678e+01 2.041155314382077091e+00 -1.115902483048907001e+01 1.255654943356350861e+00 1.027805370687639730e+01 1.170701444038866690e+01 8.209569661232452020e-01 -6.093031289508591186e+00 4.144619316094636519e-01 1.181851808907572376e+01 7.150556504627581411e+00 8.989131640887066510e+00
0 1.317134792743146576e+01 -2.534633584764234726e+01 2.199763837574635339e+00 -7.331497446878938895e+00 2.504173460662551420e+00 1.128905918466276326e+01 1.785159845575261528e+01 2.333437825085413753e-01 -3.910258049347093312e+00 -3.295905979596331914e+00 8.950914067691375209e+00 1.065953133716501888e+01 9.485003407680981269e+00
0 1.317756479920751467e+01 -2.706276702773305232e+01 2.623226766003026178e+00 -8.657099343533765534e+00 -2.750590773389522070e+00 6.900335558373373424e+00 1.355279039913312289e+01 8.012836306448186008e+00 4.340458977417809727e+00 -2.370063889164047310e+00 1.327051039720854675e+01 2.949203323734100657e+00 1.990022946547122862e+00
0 1.308246273116108149e+01 -2.537702273964912791e+01 5.819181041034126034e-01 -8.300131495651427826e+00 4.474873150899774110e+00 1.420254682385954048e+01 1.466270956098879275e+01 -3.747028626803879714e+00 -1.510858381484521118e+00 -3.276646874376797913e-01 5.644993231558838254e+00 1.049831766964079982e+00 2.273551467237280299e+00
0 1.307938770949551532e+01 -2.534912098446623929e+01 -2.709216877508275445e+00 -1.100194333910458866e+01 5.522170670305606599e+00 1.646277106846141436e+01 1.649259227090136903e+01 6.033327000869503909e-01 2.709501420452901321e+00 -2.952304606080963012e+00 -3.836732329671344033e-01 9.046767545738036986e-01 2.382854709631010426e+00
0 1.316184597516984311e+01 -2.652125023281071492e+01 -2.908859023323336235e+00 -1.645581602371487762e+01 6.968878171733019489e-01 1.061138650388284788e+01 1.378010063656935102e+01 -6.464268118241711214e+00 -7.671067952973818826e+00 7.324408574438536768e-01 3.454535991165221365e+00 2.229305170896161314e+00 1.240010736356150467e+01
0 1.318537819582838999e+01 -2.559904326497663618e+01 -2.265290221878216492e+00 -1.470939607249158421e+01 -1.306272703504820276e+00 1.054663657141558275e+01 1.082734296708440702e+01 -4.869744944963449562e+00 -2.301507435076061370e+00 -5.797465553614101097e+00 5.934535977212541447e+00 -1.543409350577401806e+00 -3.979689063503630830e+00
0 1.314627698918664223e+01 -2.687837483187066212e+01 -3.192672951008257876e+00 -1.381057525973017164e+01 -1.307613945876564321e+00 5.714553004139499848e+00 9.504504709199297352e+00 -1.245456566292645562e+00 2.760098872970382811e+00 2.031747482568470264e+00 8.365159268688538319e+00 1.061870688840856047e+01 2.615658527969564329e+00
0 1.300179289313350850e+01 -2.746950382578782524e+01 -2.869274285965894400e+00 -9.951655963958250695e+00 1.058584729295491550e-01 8.950099858752766480e+00 2.065738079854252973e+01 1.155388479328204987e+00 6.321897014759291444e+00 3.563500302225239835e+00 1.342062809739569040e+01 9.737753471714819753e+00 6.932277753491597139e+00
0 1.305757756124227953e+01 -2.873866536374901060e+01 -3.625052349753237202e+00 -1.536633254052368081e+01 -5.856122187526588085e+00 1.083786430912255794e+00 2.640747580710650855e+00 -5.791803767374921641e+00 -9.034447363432350997e+00 -6.116826834887075570e+00 7.538869391577316392e+00 9.369139293462609430e+00 1.196287145221288384e+01
0 1.302859261288423021e+01 -2.396120380370304659e+01 1.267859121774653097e+00 -9.528484744009734442e+00 5.119736252471058791e+00 1.509126833124822298e+01 1.304178923133145673e+01 -8.429057162852577889e-01 2.402605568241390266e+00 1.519987774789386403e+00 1.130774688211567103e+01 7.509536703106093114e+00 7.513328053611621371e+00
0 1.299830834214069952e+01 -2.858442568991453925e+01 -3.193591152424051671e+00 -9.222472556206808392e+00 3.848812870838509870e+00 1.197461431339591442e+01 1.390218288521667134e+01 2.094775567881559830e+00 -1.505670071077780947e-01 -6.869543021217648260e+00 7.134970380758098862e+00 3.042141916637202570e+00 1.141554486091213860e+01
0 1.319061246884546712e+01 -2.908420869376423212e+01 -3.146418044372207401e+00 -1.194460685611231554e+01 3.771268251744204658e+00 1.266082629133842374e+01 1.161126284662076280e+01 1.493166209317897231e+00 8.597140989741786754e+00 1.167950017448034394e+01 1.835746529995431686e+01 1.471440621340961385e+01 4.763795914829983325e+00
0 1.319467826489352014e+01 -2.765792755149265503e+01 -6.267739298586266772e-01 -4.716481290290895245e+00 7.878070377305196104e+00 1.420689642905980676e+01 1.706738477316503122e+01 -1.099255458121567663e+00 -4.832856636895155766e+00 -7.875057303200004633e+00 5.711471161502007732e+00 2.962430343502535646e+00 4.403051759875917792e-01
0 1.310535571115646292e+01 -2.907753399603147315e+01 -2.904416261188019099e+00 -1.337567774438619672e+01 -1.317734784563451722e+00 7.849808004056519017e+00 1.730522671507818089e+01 5.554035656696195922e+00 1.755258040772264883e+00 2.022787894211793613e+00 3.598424569575630727e+00 2.277103280115981399e+00 1.337042265119464446e+01
0 1.325616594187187047e+01 -2.478983784331934714e+01 2.353652207966147714e+00 -8.973359092025319228e+00 1.138865038906306859e+00 2.489584227907135627e+00 6.963567576899886369e+00 -3.896513870823135939e+00 -6.016449380194852647e-01 -6.506166997848142897e-01 1.014406484773082928e+00 2.803698001093215098e+00 6.625761124002403690e+00
0 1.322074297840556767e+01 -2.771400760216315362e+01 -3.821642231193159489e+00 -1.815872684300398276e+01 -9.269762705917352630e-01 1.126592055582408314e+01 1.401828927638896083e+01 -5.369910607135447655e+00 -6.055126815647281724e+00 -3.402550829828825396e+00 3.631599177773720655e+00 8.042345227062178026e+00 9.198189058061441159e+00
0 1.311044722199869916e+01 -2.760058929135296424e+01 -5.583123357689070865e+00 -1.493639589426246950e+01 -1.181290805780722319e+00 1.091222967909900099e+01 1.970065287586574954e+01 1.358029760144273401e-01 -1.327020258427901611e+00 -5.121709003708490471e+00 6.757851046383130944e-01 -1.198696961273502559e+00 8.325250416236752216e+00
0 1.317915254025193761e+01 -2.542890391264866778e+01 -7.322731358333772755e-01 -8.950621458338638092e+00 1.118621161626482774e+01 2.136000241140700240e+01 1.804041171482032269e+01 4.067997808358981615e+00 3.195842498307056356e+00 1.243117445370562901e+00 4.446029299820437153e+00 6.273750354441293808e+00 4.837037112440542685e+00
0 1.306253577726648096e+01 -2.388207492088950090e+01 2.906156866755863488e-01 -5.320929085327892771e+00 6.110676220605959053e+00 1.289968132403962287e+01 1.121262639248942428e+01 -5.204510012628992932e+00 -3.838471582924497749e+00 -4.620317954629423518e+00 -4.311368822818165469e+00 -1.515028693814907124e+00 3.889753407389512141e+00
0 1.298658252606721852e+01 -2.895845495602778286e+01 -4.244192777681086604e+00 -1.339354968832272341e+01 1.459589141584623828e+00 1.399825761621086251e+01 1.895565740915409947e+01 -3.169702422058458424e+00 -1.457120149766503170e+00 1.126715075227031093e+01 1.619073632622182046e+01 1.446973349892009253e+01 1.511291215643288410e+01
0 1.314894431383756768e+01 -2.760797149104941539e+01 -1.690312852915156761e+00 -1.423183810157093276e+01 2.728480865640388497e+00 7.788818134632080614e+00 1.244389489694838424e+01 5.996947652365645531e+00 6.038009765924257088e+00 3.051514721972425459e+00 1.836439021743067457e+01 1.625267229559941740e+01 1.270061005781902885e+01
0 1.324134557409352730e+01 -2.506455949018157625e+01 2.176007907769114347e+00 -9.573861867833180384e+00 8.369612004580112341e+00 2.161568593818364192e+01 3.075576577545142243e+01 1.247289251964238943e+01 5.271681989294207504e+00 -2.128724497083623213e+00 1.412398806137971796e+01 1.037237143268015060e+01 5.694624490174851061e+00
0 1.312997935656096615e+01 -2.538180330810323326e+01 -1.092401014647369051e+00 -7.208376639597016577e+00 6.469992435845425938e+00 1.097874302000171554e+01 1.390121611454087969e+01 8.979410716550810800e-01 -6.925427961772430585e+00 -4.500606263023372300e+00 6.963874554564934094e+00 4.561641287247275578e+00 9.348406950874373678e+00
0 1.320579263749384324e+01 -3.069158261603632099e+01 -7.825302109907037007e+00 -1.464221363253906460e+01 3.147540319654165142e+00 1.500541228691063189e+01 1.943950429238947208e+01 -2.694127013839268336e+00 -3.377571055642728304e+00 -8.312580283008399462e+00 1.068942837194721029e+01 1.364877488686519769e+01 6.310093456839597437e+00
0 1.410272123332590333e+01 -2.899901091680570886e+01 3.643531266539367319e+00 -1.640647226647792678e+01 6.011417678191413927e+00 8.458866464467318380e+00 1.221568597879904949e+01 2.231517482995962975e+00 6.045665406144511422e+00 3.187349984101337075e+00 -9.845114506270589150e-01 1.254965802514345619e+01 -2.011313800237594762e+00
0 1.377779075432758482e+01 -2.827687676939876837e+01 -6.860341119331885285e-01 -1.503161085462204838e+01 5.286859567134048810e+00 1.186548238792499532e+01 1.744900397458462749e+01 7.049194156086254770e-01 5.810150329824698368e+00 -6.486200061351293789e-01 5.837506265163508345e+00 1.001000331892079842e+01 6.360291744440821127e+00
0 1.345487832771754455e+01 -2.689351935563452045e+01 1.658957435620292964e+00 -1.182194060748217623e+01 5.582034466860323008e+00 1.451202916838871815e+01 1.943402578391962265e+01 4.894838053838312497e+00 -1.233585205711472095e-03 2.371387272953518810e+00 9.782006977250906843e+00 1.713158748518604835e+00 -3.908732167469564533e+00
0 1.318115586020249985e+01 -2.906091956414630317e+01 -7.478385004736671782e+00 -2.103796828197630475e+01 -4.526635029253447406e+00 8.008859833704521591e+00 1.439691150803955111e+01 1.287174803316113225e+00 -1.174009252033114903e+00 -5.327834670542681117e+00 9.954584876885362865e-01 6.440488627236646835e+00 7.694151843406665137e+00
0 1.317686980038460298e+01 -2.578984137287717004e+01 -2.493600187740482532e+00 -1.464107541463075712e+01 -5.044262218502733042e+00 3.498368491117268331e+00 6.779198307539836321e+00 -4.389016924891748772e+00 3.374273138950902418e+00 -5.648555013341464148e-01 -4.336719695150152987e+00 3.759083210236871864e+00 5.296942667001331095e+00
0 1.307380269713100418e+01 -2.613542745488719632e+01 -3.717213647808911503e+00 -1.439136197919629190e+01 -3.897907577828780834e+00 4.805152214834515156e+00 6.757294442025045811e+00 -1.607870635934625092e+00 -2.005041312455588809e+00 -7.484804145657768970e+00 4.640443351847277853e+00 1.015535704252650939e+00 7.959628373605791118e+00
0 1.317797845534905044e+01 -2.573824224646418557e+01 1.682131702752492242e+00 -7.354725419146289411e+00 4.401933304670252234e+00 9.352681955890947307e+00 1.471188855869347378e+01 -3.514168510758175934e+00 -2.644978099095261381e+00 -6.321862980480824623e-01 2.010638080247883153e+00 5.985061864290026179e+00 2.529034293400855837e+00
0 1.329237046632056440e+01 -2.837036406653849596e+01 -1.603666089645572113e+00 -1.482099376783819622e+01 2.575479152930532312e+00 1.501457249177478914e+01 1.566176371139772527e+01 6.799787362017293280e-01 -4.323038341589087730e-01 -6.948821613226324523e+00 4.864746765812151708e+00 1.812829119314529791e+01 2.109210872018736183e+01
0 1.316609371610813461e+01 -2.605953241917421792e+01 -1.687410559269850729e+00 -1.596167655437823996e+01 -2.376959926883849494e+00 4.531545660169349787e+00 1.369244921123314640e+01 -1.790660730273734069e+00 -4.408640070531209432e+00 1.809863968908079102e+00 8.472911814996438196e+00 8.359333509660057615e+00 8.945910356653785200e+00
0 1.306063997959494216e+01 -2.608385170176151036e+01 9.513266199738971973e-02 -5.850464073041304225e+00 1.953999569784121482e+00 6.595232348530489119e+00 1.424192765785233306e+01 1.265601917818010902e+00 -1.395783810264893399e+00 -3.462362483204869612e+00 3.955795645049797749e+00 -4.528714515500079862e+00 -6.592730646805484263e+00
0 1.319423739222488656e+01 -3.136388957626436991e+01 -7.811213613129339706e+00 -1.684598161892263946e+01 -2.272195378043810887e+00 4.652123504029416878e+00 6.518191660372615992e+00 -6.571354042909826276e+00 -1.050239706309896448e+01 -1.092509182507896703e+01 -3.044359771079607313e+00 -5.116188117363824617e+00 2.381299015258028895e+00
0 1.322035726623744090e+01 -2.673253280097542017e+01 1.003617351441069783e+00 -8.858861278249706928e+00 -3.827269796714133920e-01 1.124767642395801914e+01 1.187132673573604436e+01 4.160626721827656582e-01 5.004505528959648508e+00 6.702105267451941017e-01 7.144454690288807086e+00 6.209799616693903346e+00 5.602030400116716713e+00
0 1.317345608097135035e+01 -2.584351416684965486e+01 -1.844561287407868067e+00 -1.488879012066850294e+01 -6.926899537407050778e-01 9.856494507228772406e+00 1.146993642391156953e+01 -5.092402932470188937e+00 2.973323402472233257e-01 7.699660053497165979e-01 6.099655889733392122e+00 3.385722540752910348e+00 3.145693505177144189e+00
0 1.309234414430870252e+01 -2.699821261011388174e+01 -4.816958555005503406e+00 -1.643523258816393451e+01 -1.551971750024897068e+00 7.066718690994535201e+00 9.233161716475340342e+00 -3.962829296641339205e+00 -8.587412099312974334e+00 -5.297138952401767575e+00 9.499264577460412085e+00 1.020064568699152119e+01 -2.237074065696859293e+00
0 1.303666949476217773e+01 -2.846627018960275279e+01 -5.686498950599596647e+00 -1.613546445955008224e+01 -2.583297470188915312e+00 1.919733216530928654e+00 4.250666424060193904e+00 -9.101190046990891958e+00 -1.379064406200637904e+01 -1.895912883284626105e+01 -5.270623540615492431e+00 -1.580973829728247182e+00 1.210167622874742444e+00
0 1.314123031684598963e+01 -2.673659425454395588e+01 4.615011234662800277e-01 -9.039097938327675053e+00 3.215979699335681286e+00 1.157001727636756883e+01 1.637361341046618435e+01 9.005028440860144201e+00 8.651445486124112350e+00 5.955409225249098881e+00 9.117471919567083916e+00 4.278412098364208660e+00 1.495063238482510215e+00
0 1.434746220707026865e+01 -1.620288744156970395e+01 -8.254176576009031763e+00 9.869692893197264949e-01 2.573341280843980172e+01 7.970335171563060150e+00 -3.233814062939541856e+01 -8.385459507370333299e+00 1.398237102847457258e+01 -2.170344259240143714e+01 -9.398434730404067849e+00 1.265624540833005796e+00 4.248053217400387993e+00
0 1.486740509054086168e+01 -2.513620992689644140e+01 -1.060895859613334835e+01 -1.248135260478550890e-01 1.223695942857756513e+01 1.390523460530083888e+01 -4.365206159595229707e+01 -2.162583515483430929e+01 1.131319539810935204e+01 -3.374901330577882419e+01 -9.757468536491124667e+00 -1.603328449974350978e+00 9.889596674033120038e+00
0 1.474091386968080108e+01 -2.565470108203625443e+01 -5.416183636131468582e+00 2.378046992368075596e+00 1.292204142902012975e+01 3.488628031620176984e+01 -1.566978852314139381e+01 -7.427402818533805018e+00 1.072096398443671816e+01 -2.857556725679525655e+01 -1.572134172202009239e+00 -2.492415711749124796e+00 -2.744640316621186571e+00
0 1.498853398076020405e+01 -1.749478694466828799e+01 1.301284306799932233e+00 1.938792133874800072e+01 2.587638127527018383e+01 3.077725563024283062e+01 -3.183645831820135186e+01 -1.759155275097605298e+01 1.477264284331609900e+01 -2.829048581133300289e+01 -4.377551636771976007e+00 9.108218612192835906e+00 2.564876430506235483e+00
0 1.614257811786927377e+01 -1.023974827328213166e+01 -3.069049545181255390e+00 1.728928053734341930e+01 1.851089952856018428e+01 2.252848386145949178e+01 -4.499970248549360008e+01 -2.549479905360828980e+01 1.789637968138147883e+01 -3.691238640262537274e+01 -1.566398562293736596e+01 -9.786213667268800265e+00 -1.616545127302023133e+01
0 1.623786854812539815e+01 -7.089542213173115393e+00 -5.094191244984058287e+00 1.224762225754649059e+01 1.960871939685135246e+01 2.291172119955923847e+01 -4.120177525625721415e+01 -2.132715202274873434e+01 1.328541249855419437e+01 -4.397887440340738863e+01 -1.788817074704340726e+01 -9.227281889815859728e+00 -1.609502040528738576e+01
0 1.623676976007401507e+01 -7.754159773144748691e+00 -2.802346728850943491e-01 2.120702975880387342e+01 2.162651834381846783e+01 1.685611523601141570e+01 -4.222021112827141565e+01 -1.423669563159149654e+01 2.195792285914371433e+01 -3.504717677219683480e+01 -2.180439549957465317e+01 -1.143103558175667089e+01 -9.659518491163812115e+00
0 1.609076142076188276e+01 -6.037258809655337899e+00 -1.355625462745361887e+00 1.687156484188959382e+01 2.299729903613140181e+01 2.157925068690329340e+01 -4.577269437881376035e+01 -2.576078725183417362e+01 1.195219357437572505e+01 -3.770769228161790920e+01 -1.645376261330457623e+01 -3.664039145588883883e+00 -7.349655273729795546e+00
0 1.619859223231670953e+01 -5.822720846147984020e+00 -1.514874824220058036e+00 1.363353719684191034e+01 1.799585242198264368e+01 1.995778914936145654e+01 -4.979107772674278465e+01 -2.895710022135474659e+01 1.537271641299738612e+01 -3.943817510543828320e+01 -1.393596060917084500e+01 -7.360158340546137268e+00 -1.829390282267327750e-01
0 1.619042886220500321e+01 -7.625181719526118229e+00 -8.270350871897342859e-01 1.849233423660495745e+01 1.745899677717913789e+01 1.286055862085888357e+01 -4.951871817052238356e+01 -2.596557184675868513e+01 1.299469561015093433e+01 -3.406538151859045627e+01 -1.362446639857311936e+01 -4.790919219108745963e+00 -2.821002282119679627e+00
0 1.640069717071538946e+01 -6.430804958115299286e+00 -3.591194445802999624e+00 1.233658357756232071e+01 9.163999941195546839e+00 7.040391591334108412e+00 -5.431208553603572398e+01 -2.013538866530103277e+01 1.868563104698318256e+01 -3.937941041360474514e+01 -1.687831404928810386e+01 -5.335629105440846232e+00 1.616680133093101324e+00
0 1.638765056968066958e+01 -6.996427014593043836e+00 -5.197998959320057288e+00 1.321190009956702482e+01 7.824844293717235111e+00 2.110655631454991354e+00 -5.294434166593219970e+01 -2.636486002236780735e+01 1.999101497342937606e+01 -3.581703675624476091e+01 -1.357553120250025813e+01 -6.405825296084538323e+00 1.123422310417188763e+00
0 1.608844729482046887e+01 -5.052398587543957653e+00 -7.832282584336172526e+00 1.018253015907862213e+01 9.116968134501673759e+00 2.702434122374961056e+00 -4.389864916899382052e+01 -3.081146369695681386e+01 1.308376208902589077e+01 -3.303813590347137819e+01 -1.245054648261474028e+01 2.359857826397173675e+00 -3.720262031269508940e-01
0 1.587278975958812843e+01 -7.331762927118374407e+00 -3.668003438242345648e+00 9.613413945410405503e+00 9.639938178176896244e+00 7.878023568981037172e+00 -4.691646736163101394e+01 -2.965852153627773191e+01 1.673823929040581504e+01 -3.277692500616839766e+01 -1.429780930562128560e+01 -3.145488265095371716e+00 1.739052076521925505e+00
0 1.572331829546821957e+01 -6.288062898844243520e+00 1.804669106417387536e-01 1.263128680089046618e+01 1.517585798760794802e+01 1.611355105413631250e+01 -5.020023621747599663e+01 -1.736745389717520638e+01 1.893066587379713184e+01 -3.002210988881308751e+01 -7.612412969105633920e+00 -8.359699700023277558e+00 -2.576255910435155894e+00
0 1.540852247958073029e+01 -5.501351745074972044e+00 2.200611026911812207e+00 1.150848493502667402e+01 1.830614437656689120e+01 2.314283854994219425e+01 -4.300998586171216687e+01 -2.375136041366098638e+01 1.084696400049118914e+01 -2.891383540062618707e+01 -1.688174125446922080e-01 -2.602632697705829834e+00 -7.468718978695566557e-01
0 1.484282407831577899e+01 -6.577574670989434935e+00 5.613991033227104133e+00 1.590060822199274604e+01 2.047784212647353996e+01 1.683167689645624066e+01 -3.244213527972015498e+01 -2.295380901099814253e+01 8.452642657873726151e+00 -2.680244526287035711e+01 -1.007777529041092635e+01 -1.172167471152429696e+00 -4.948689212532123571e-01
0 1.433778593625929787e+01 -1.001479909478280028e+01 8.780548491412094592e+00 1.230242198923244601e+01 1.244249228985167832e+01 9.868493135113764581e+00 -2.544749376899246585e+01 -1.754568978334643603e+01 -3.016728817391989836e-01 -2.473481038439417645e+01 -9.099883757389100936e+00 -1.568775069709397485e+01 5.796468760018792743e+00
0 1.409732181190313760e+01 -1.187469856635097187e+01 5.705167484074353368e+00 9.699184772746454186e+00 1.675073051549697212e+01 1.879740245625584549e+01 -1.959483193531869816e+01 -1.981385746706500584e+01 8.292841211442953053e+00 -1.801265002416811356e+01 -7.958272219208872400e+00 -9.204287449073607519e+00 3.104646266882689076e+00
0 1.370586587880023544e+01 -1.419279684262542673e+01 8.247167759101838413e+00 1.231751918157852366e+01 2.553054874754712955e+01 2.692496164729253039e+01 -8.401648041427597136e+00 -2.531055393271066123e+01 -6.144942514502500508e+00 -2.667613532689604838e+01 -1.149838730952352250e+01 -7.527651340188930007e+00 5.348264850137582016e+00
0 1.342050787112084898e+01 -1.326610553085522604e+01 5.428476093025078164e+00 3.459664706860927641e+00 1.838540535782127705e+01 1.493658297669364821e+01 -4.578469746176721422e+00 -2.076235071317148950e+01 -8.525221300424600912e+00 -2.093914874226032907e+01 -1.642249994782154943e+01 -1.536348319575288279e+01 -2.500979448887807877e+00
0 1.332158030159997786e+01 -1.585937519322809131e+01 9.655204022442033462e+00 4.075671242349804935e+00 1.580124803270626366e+01 1.327523661578056924e+01 -5.953879632011347844e+00 -1.297900636147625519e+01 -6.310761918114703661e+00 -1.164459783430051942e+01 -1.058579232168206907e+01 -1.786753212158388493e+01 4.667376336054191555e+00
0 1.318910578323177774e+01 -1.515454627528780662e+01 4.951457495890649874e+00 -6.614987509645058328e-01 1.183989753809114553e+01 8.793399100950443525e+00 -1.491337140230712954e+00 -1.381523472349069337e+01 -1.007868083770555145e+01 -1.558403080733361357e+01 -1.652248470944622838e+01 -1.802720601374352327e+01 -5.298794618413960045e+00
0 1.317823158177052534e+01 -2.059059350423953916e+01 2.560189905779007846e-01 -9.785519723109876722e+00 3.569176386564626213e+00 5.709641597277891556e+00 -8.879737705999055208e+00 -2.120941484014224443e+01 -2.046450769131871894e+01 -2.552159594950166266e+01 -1.871053011512647757e+01 -1.712172793868448295e+01 -9.554718001585733589e+00
0 1.313281067076022346e+01 -1.911134275553758144e+01 6.920124423835355643e+00 -3.308269252129851790e+00 5.583758859712911082e+00 1.109977607234225694e+01 1.852901394404778967e+00 -1.431484864916114752e+01 -1.315406575452013271e+01 -1.271609540735908794e+01 -5.435538182180653877e+00 8.979203836502577252e-01 -3.021950354320808607e+00
0 1.318908879970083703e+01 -2.348902544104320356e+01 1.754697687685695451e+00 -8.728317404107080790e+00 -3.683010109872753568e-01 2.489394600103260302e+00 3.138050150849800879e+00 -1.641786614953553780e+01 -1.698752378304464727e+01 -1.061426588687042916e+01 -7.716969476198694444e+00 -2.779106022974024093e+00 3.251282598513084210e+00
0 1.318240319608798927e+01 -2.298010040947401222e+01 3.176889946599883441e-01 -1.286928539137590732e+01 -5.181066742022857774e+00 4.920537945488167253e+00 3.350696947099585987e+00 -9.459338804922246879e+00 2.719474468678064305e+00 -4.124450501979481487e+00 -7.567326662334612486e+00 -6.946856636560458043e+00 3.693280884092704941e+00
0 1.315548503656665069e+01 -2.470749055177813602e+01 -8.638798199088222329e-01 -1.139016652513380379e+01 1.917472113326998406e-01 7.061808765412788347e+00 7.385097168153395231e+00 7.190041385403546093e-01 3.341479938064698452e+00 6.030877181689032085e+00 5.069330857472933438e+00 9.055166147317889269e+00 9.950242025945597035e+00
0 1.305313240991615231e+01 -2.326024839122838017e+01 3.149463652419565163e-01 -9.089108816962880866e+00 5.277311338633493776e+00 1.214892559319782350e+01 1.318648524532137856e+01 -5.351386034429295613e+00 -5.878405726382735175e+00 5.106246875023216170e+00 -1.396571495778915706e+00 1.954027707172484529e+00 2.725591918192009633e+00
0 1.310193642035607020e+01 -2.231025598706079194e+01 -2.737539372887139333e+00 -1.701496993566529170e+01 -1.049665548266887605e+01 -1.004476954643423348e+00 1.102253048928598034e+01 7.909243596365108431e+00 1.496973612856236002e+01 1.322194633046605006e+01 1.545260742487946892e+01 1.736276560057841323e+01 1.688735701636547759e+01
0 1.321812995624624598e+01 -2.534969749146891616e+01 -2.182378053900983605e+00 -1.360888471645709075e+01 -3.152941389181863840e+00 3.284185247987857270e+00 8.938948320317768648e+00 -3.305505333738892215e+00 4.349764409712072677e+00 5.411895277875998111e+00 1.096063802483564409e+01 1.321415542513932806e+01 6.689545606710097791e-01
0 1.315510553565262164e+01 -2.513304097744447319e+01 -4.300258898297096621e+00 -1.308077130025998791e+01 -3.989510581991750904e-02 4.817695971287181855e+00 6.432151025184111859e+00 -7.504790564111982754e+00 7.179988076486846005e+00 9.137803687972922972e+00 8.656918247012891143e+00 9.982830737441171109e+00 1.068054445189113899e+01
0 1.315864690965806894e+01 -2.837719667775770560e+01 -4.408336250616018859e+00 -1.514848283197485657e+01 -1.283895036832578773e+00 2.806065061925438808e+00 1.018319654781214112e+01 4.048996398410722009e+00 4.836117513054207784e+00 9.533937615768788731e+00 9.653829596193830298e+00 1.323335878755327855e+01 2.434503224023281831e+01
0 1.317673848036154993e+01 -2.541024084202607014e+01 1.099903011255711105e+00 -1.034600675680379744e+01 4.201922095325609341e+00 9.449266060838157344e+00 1.504469062922416533e+01 -1.579562437581835121e+00 -7.968128865913175041e+00 -5.463467112416673821e+00 7.428480800366846992e+00 1.177123724628026480e+01 9.833383653647256750e+00
0 1.419029186778625373e+01 -3.156262995074800060e+01 -2.011636583346700036e+00 -1.277543302518119361e+01 -1.980662145433388588e+01 7.548949408978645970e+00 3.967445761007390104e+00 -1.366018914603373524e+01 -8.788207415515703502e+00 5.640401730220057530e+00 2.338951809131205373e+00 1.467589815693887267e+01 5.255540398746721964e-01
0 1.344353308280094161e+01 -2.736062895349959589e+01 -5.124280635731643940e-01 -9.547028876863006275e+00 -1.312750913475006165e+01 6.054128156878064715e+00 8.337823433439099929e+00 -1.385349605412245388e+00 5.644372310290007633e+00 -3.248128430003466849e-01 1.659090605214348102e+01 1.807023778365569200e+01 1.242484779416677121e+01
0 1.389769887577667440e+01 -2.646221142539678439e+01 7.190565041331357099e-01 -5.898974658937684801e+00 -1.322876801383697298e+01 9.671787594843481273e+00 8.947995281106011944e+00 -1.291984029464943973e+01 -1.607750436216695222e+00 5.159521081745572779e+00 1.595039663992451473e+01 1.443881670521182237e+01 8.021136051877423512e+00
0 1.335073649188151634e+01 -2.694824915391733455e+01 -2.022611169841491030e+00 -9.992386926947695258e+00 -7.478124577051513455e+00 8.794133008749343006e+00 8.784600696274189602e+00 -1.190451170647072621e+00 9.019405988922923001e+00 1.729275353695980399e+01 1.792485095905334802e+01 1.313138491364790106e+01 6.980660928746440952e+00
0 1.334586339503812091e+01 -2.546983779825335859e+01 6.825136849406971962e-01 -1.388414462454605314e+01 -1.155916693119964300e+01 1.295712935226150941e+00 5.501825973572881168e+00 2.527333753626594071e+00 9.426726612585284215e+00 2.662862375771248846e+00 6.451973396873055933e+00 6.986381666368727039e+00 3.056183497268559091e+00
0 1.311407225979214708e+01 -2.296103781897746643e+01 5.324549708561998607e-01 -1.607624127852858820e+01 -7.825952255515276512e+00 4.689275044153615291e+00 1.507410543552182070e+01 3.852052851649858223e+00 6.110035268054457624e+00 1.056518884196212049e+01 1.897532750784297662e+01 1.719243923151173092e+01 5.490279816891505682e+00
0 1.305467705036719650e+01 -2.422970302090088524e+01 2.411952563683136042e+00 -9.647181461017543924e+00 -3.378815837167849612e+00 3.014122347701207794e+00 7.751976687634095420e+00 4.579394376159736879e+00 3.530694891916830613e+00 -5.321913125428168634e+00 1.169428848066128168e+01 8.243853141215925717e+00 -3.514782748525446809e+00
0 1.309351933663460521e+01 -2.202746044441671458e+01 4.859416176910769991e+00 -9.863347431288184808e+00 -1.395644044223001423e-01 1.031795385375594698e+01 8.977154140146748063e+00 8.692830050179539469e+00 1.363187748136875044e+01 1.155124469979702972e+00 9.624215265196962577e+00 3.968937565028324510e+00 7.254198218358700601e-01
0 1.306526070354199121e+01 -2.399162238798762203e+01 1.012386248399792743e+00 -9.319515114076638795e+00 -9.627400298164289216e-01 9.017828916165136377e+00 1.520051820715143442e+01 -5.147619550763827156e+00 -3.727743524480732429e+00 6.929756180075980154e+00 9.424804885155159795e+00 1.115152324815974083e+01 1.002806130069117074e+01
0 1.305643075190970137e+01 -2.402125825546215410e+01 -2.508659362589572783e+00 -1.383381940953947442e+01 1.691218380275670397e+00 1.439530966159633429e+01 1.439244956527251418e+01 -4.415086185052853551e+00 1.038896535049766978e+00 2.640640832343525535e+00 1.568172255901902723e+01 1.683528964893202584e+01 8.568619383027376912e+00
0 1.314569327136994303e+01 -2.349324546895987709e+01 -5.458595438420169726e-02 -1.105510809534013106e+01 4.653642169040838716e+00 1.620782422535312861e+01 2.124176971852013551e+01 8.701693010549558238e-01 9.347886440187190560e-02 -1.166121663758136506e+01 -8.162139105037775622e+00 8.261943751073695941e-01 7.749754951822921178e+00
0 1.309168229781587911e+01 -2.925668167202737280e+01 -4.683007015158063169e+00 -1.532100703387102669e+01 -9.063412871758478317e+00 9.995281897150846140e-01 1.162086990348117155e+01 2.918840036529626314e+00 2.411737379324353725e+00 -8.902968078283073794e+00 -5.675654473673810152e+00 -3.437883874968835407e+00 -4.970957412450711654e-01
0 1.299321113095431279e+01 -3.193090843030669745e+01 -6.688153214510475841e+00 -1.696805279570287439e+01 -1.056071876529442299e+01 -1.250488248189947083e+00 9.340834216252648758e+00 -3.426934733356077789e+00 3.379150471587911930e+00 5.244508878236262994e+00 1.022887039018496758e+01 1.006432429732426570e+01 1.271647906127392424e+01
0 1.307904159417700640e+01 -2.756672673094490378e+01 8.716050716798956488e-01 -6.970621624004514238e+00 7.905332283289834727e+00 1.414541140513610706e+01 1.420081626748610759e+01 3.092475724883115618e+00 -1.244190103324509300e+00 2.488608054198067965e+00 1.357766198555966142e+01 1.614480163634600274e+01 1.335051263012387324e+01
0 1.315466860589584819e+01 -2.619220397107515197e+01 -1.189475532036883720e+00 -9.555608725342317200e+00 8.591599913771959862e+00 1.384271628629488227e+01 1.367291299602264232e+01 -8.053755225467856604e+00 -8.299724866095473885e+00 5.010575292793462587e+00 1.124445836631140416e+01 5.734638652054165675e+00 5.837339944053097085e+00
0 1.322690783089124622e+01 -2.715892395224791755e+01 -3.238578595786186565e+00 -1.658086410799799637e+01 -7.195439031356862358e+00 5.930682661073419126e+00 1.110540756038132137e+01 8.321684344328456051e-01 -1.123163621938108392e+01 -7.893590751208868106e+00 1.820595832251352464e+00 1.600901049057068981e+00 7.556124111931584508e+00
0 1.304951413160929263e+01 -2.664461742993454862e+01 -1.811491008090469812e+00 -1.271960848585929682e+01 -3.234720550713026999e+00 8.707731268349399034e-01 4.989262211660203228e+00 -2.153153003167415314e+00 9.588376734523940126e-01 -8.718220081147286749e+00 -4.313879317395963753e+00 -4.240619554169711591e+00 1.628448715942910630e+00
0 1.314478748411226405e+01 -2.593239860081530068e+01 3.726137807821875425e-01 -8.824161434217440814e+00 2.346513645545981852e+00 9.524751426578772495e+00 1.840069836137965709e+01 4.182064596546403834e+00 -2.121910619602660031e+00 -8.785525244809826162e-02 1.192819132393872295e+01 1.391368071041153520e+01 9.829660226213739804e+00
0 1.310988479043764698e+01 -2.756260594494671068e+01 1.770676776299716093e-01 -1.024781768850132124e+01 3.710038484267988768e+00 9.335702975822227856e+00 1.225433283645380911e+01 9.741916617721362304e-01 -9.008108302787253052e+00 -1.090231623248878279e+01 -3.469997932434739418e+00 4.019747987079439255e+00 7.668902524566613366e+00
0 1.313705727295127801e+01 -2.831724931035922666e+01 -3.467800061609582762e+00 -1.645379450932924570e+01 -3.478868848818370996e+00 5.559867963208825259e+00 8.851938071808806541e+00 -1.842049632694781058e-01 1.909408966728862955e+00 4.460007519280577704e-01 1.000311728660444999e+01 1.055510109659167028e+01 1.658635213218469318e+01
0 1.307922516559311177e+01 -2.758690231959850436e+01 -3.027013400838935109e+00 -1.132116345896983489e+01 1.322710059027518259e+00 5.897245927731598947e+00 9.892310744693844526e+00 2.131569401892083437e+00 -1.241811904834613373e-01 4.648840474529787770e+00 1.128757235802373238e+01 1.844201265494854969e+00 6.008340536540221599e+00
0 1.323039001884641053e+01 -3.081236579620345495e+01 -5.570287668459891428e+00 -1.293079926916162314e+01 1.167965959794527553e+00 1.351636013300636208e+01 1.609768237498536436e+01 5.654832216951120039e+00 4.138721462532851447e+00 -4.085485790655027927e+00 3.015288024837590619e+00 3.996644092858093522e+00 9.316819471762149973e+00
0 1.312080295684249265e+01 -2.784156617588253368e+01 -3.437611240532210566e+00 -1.429758886157062214e+01 2.507381230319845944e+00 1.730686427584618414e+01 2.170453878961784966e+01 5.779913290035977091e+00 2.656217545133566560e+00 4.785540486140987260e-01 1.144058898758195930e+01 1.630826942039155725e+01 9.948232256611305502e+00
0 1.316187237452000325e+01 -2.405749361039189793e+01 4.759330521165025529e-01 -1.191091321300287476e+01 -7.481549967410170421e-01 1.429638470339138934e+01 1.972409882271875148e+01 1.207354723107922023e+00 3.518940402494128983e-01 5.469130537226781996e+00 -1.927739074677114584e+00 -2.397021365245132429e+00 -5.513306928012998709e-01
0 1.313712217988022068e+01 -2.580868617232267326e+01 1.853154346646259221e+00 -1.149574557959925336e+01 -2.152843198282540005e+00 9.222075113823485992e+00 1.208745955541354533e+01 -6.993508182350419489e+00 -5.672108646481683003e+00 5.471844314275967847e+00 1.386666361149330307e+01 1.050171723420661607e+01 7.222851604847397411e+00
0 1.314720130557040711e+01 -2.859674165177732519e+01 -6.179420520309430565e+00 -1.809500073764909800e+01 -4.707162348392190943e+00 5.398535284440801441e+00 1.351243955889186665e+01 -2.631493039009926704e+00 3.626177859887260269e+00 4.137712786484446958e+00 8.964905432140012564e+00 4.828210698183218241e+00 7.580097853280061138e+00
0 1.323652266461707683e+01 -2.713690468864422556e+01 -4.533123448099236619e+00 -1.541156212132291081e+01 5.004337098824447772e+00 1.237252200004337865e+01 1.092268170453469267e+01 4.979010520925358563e+00 2.252164340804106324e+00 9.767892965861085131e+00 1.438247761025121108e+01 1.207994986132402104e+01 2.322092408577842093e+01
0 1.314494301073501781e+01 -2.670064144164097897e+01 3.528202219938641360e+00 -6.743459625916451650e+00 4.316716803896090582e+00 1.129210201253231105e+01 8.761919032070021984e+00 3.650595752734387744e+00 1.114346257149598785e+01 1.682908526245623149e+00 6.809193400839915533e+00 3.383202619986208415e+00 1.658572742221373986e+01
0 1.314482115165040277e+01 -2.626471541695594070e+01 -6.041993160698523324e-01 -1.175644934592090962e+01 6.177253574463105856e+00 1.591019122638859784e+01 1.396794961934406487e+01 6.482132218744072194e-01 8.399297009184717666e+00 2.498905170933211739e+00 6.725441748070418946e+00 7.965280639406143948e+00 6.600969958674284932e+00
0 1.303705034475590274e+01 -2.965307796781633698e+01 -5.622986481292028493e+00 -1.489588307350910235e+01 -2.810273476261708314e+00 4.712896090528844617e+00 5.638414078240026051e+00 -5.602650118300508630e+00 -2.156499464313660130e+00 -5.062456005247085500e+00 2.701938400862676559e+00 1.892856461483304642e+01 1.749869923587105802e+01
0 1.303613838327525620e+01 -2.434897200888377355e+01 -5.785337237862810955e-01 -1.006180236523245064e+01 4.589415013314596337e+00 1.095996680514851107e+01 7.396806031334867804e+00 -2.993655071936244916e+00 -9.006776833861716014e+00 -9.270872120399122451e+00 1.973132861320592957e+00 6.300088562544020609e-01 7.138418443456878704e-01
0 1.321373475776503348e+01 -2.617308902536473880e+01 1.262668558991840051e+00 -9.638714131255188278e+00 1.931362258286831945e+00 6.079814672448276447e+00 1.290566111927778614e+01 1.371355436476099143e+00 -4.725727804896265871e-01 -3.732335698798720625e+00 8.644696631438607781e+00 1.956782018980754145e+01 9.288892644819762623e+00
0 1.308744420604095815e+01 -2.842462734416664460e+01 -5.753572584731225348e+00 -1.635942443613607367e+01 -6.351402514889364248e+00 7.069475526758166595e+00 6.777372010653357037e+00 -5.336634097235936736e+00 -3.725325405699489778e+00 -3.727922423152330467e+00 5.787690598701569655e+00 9.786369773092223667e+00 1.321855985275612433e+01
0 1.314822796303947605e+01 -2.727260931820759637e+01 -4.280153646421092084e+00 -1.364635410047528730e+01 -1.196363836486311616e+00 9.104987371091540993e+00 1.124198172289730557e+01 3.812149167405095795e+00 1.070765283779178390e+01 9.002561533794461113e+00 1.360011018168073171e+01 7.062520744299585651e+00 2.931405204204073911e+00
0 1.319250129741521960e+01 -2.670782524115690748e+01 8.177485825956631871e-02 -1.151858992523419545e+01 3.985605896977610918e-01 9.266804232609732850e+00 1.696960414052282573e+01 4.426509222315185177e+00 -8.866711407372631637e-01 1.473127601821531130e+01 2.208228529807943019e+01 1.607650659605191024e+01 1.067249615353886938e+01
0 1.311142519523471428e+01 -2.721259687888217726e+01 -6.975199780536166516e-01 -1.123317514703981601e+01 -1.081255917358146190e+00 8.419296616139535061e+00 1.257953845748670219e+01 7.147054009347094672e-01 3.395941718628817108e-01 4.969323166411852455e+00 1.811651573687968764e+01 1.457719713030844844e+01 7.052424984288999887e+00
0 1.324652451900928263e+01 -2.825307292036718110e+01 -1.336083201682692900e+00 -1.062717354883500498e+01 1.577737957002482760e+00 1.058409117971086211e+01 1.051555897825607033e+01 4.346247012245425090e+00 5.231998726818029022e-01 4.821160951303617992e+00 1.153600674409485016e+01 1.627184502772751529e+01 1.647592040972648419e+01
0 1.323013115569548859e+01 -2.419396069483715195e+01 2.152383597320891795e+00 -1.172240898102307582e+01 2.696435207967185499e-01 6.814022901592095671e+00 1.183054131948230747e+01 8.651625126309086866e+00 4.950453003066851210e+00 9.321038036961207141e+00 1.022220381774804210e+01 3.067577259622130903e+00 7.584965185052805481e+00
0 1.314619692960529562e+01 -2.752325463672577399e+01 -4.561872860525852502e+00 -1.613386138460428754e+01 -6.434648026360941131e+00 5.513227168885374674e+00 8.395420037754293574e+00 -2.847348708201994594e+00 -2.024331066348664443e+00 1.939430928083779371e+00 1.039442234404667609e+01 9.155417154559280846e+00 -3.175626434804828535e-01
0 1.307114803377664813e+01 -2.256681674211612787e+01 7.301678181249539046e-01 -1.028840788390826155e+01 -1.352495986181976528e+00 1.031744228398818919e+01 1.405456171567286816e+01 -8.965941736331038969e-01 -5.775792837539607483e+00 -7.838075512400131117e+00 -1.489924828795539113e+00 -1.783030453714956831e+00 -8.884389066072891694e+00
0 1.316365974183775833e+01 -3.007395413674624507e+01 -2.412116366308307835e+00 -1.021083180453226902e+01 4.078167299575188309e+00 8.801865849608958570e+00 9.023165259291701545e+00 2.349491860887470196e+00 2.260810033154570409e+00 1.194699719101392965e+01 2.355470012350035702e+01 2.114180883069878547e+01 1.382394230397029489e+01
0 1.306972313826958931e+01 -2.317737720584048589e+01 8.498750499075140574e-01 -9.887037240266504767e+00 4.118425338909365685e+00 8.950269186975424063e+00 9.861640866611205425e+00 -2.039468008578168234e+00 -2.638464993393343061e+00 -1.639999104673092623e+00 6.882869330751587356e+00 5.332496245935391954e+00 -3.537825483461755294e+00
0 1.314258292571267894e+01 -2.653903891802452719e+01 -3.535128429516265491e+00 -1.231742738377060320e+01 2.149665865117579067e+00 1.381840786457212822e+01 1.774602455663734801e+01 4.372797135781810063e+00 -4.741549125846241108e-01 -3.377039400312454198e+00 9.419991980828122280e+00 -3.857104198242369275e+00 -1.928551138544535082e+00
0 1.311060814652156559e+01 -2.450159970918299379e+01 -3.805402375533204484e-01 -9.833478361764175446e+00 2.613428635924507137e+00 1.334416920212952995e+01 1.684448791822962122e+01 -3.100946300042165316e+00 -4.793408211781042816e+00 -2.077958984770572393e+00 6.754508730871325639e+00 2.272081276578191922e+00 2.850635649181308295e+00
0 1.320631367933383160e+01 -2.835647045168072466e+01 -4.145256818396498844e+00 -1.222208859114654089e+01 4.019420754359168124e-01 1.153016033962377662e+01 1.396560190032117177e+01 -1.284828430848435454e+00 7.668902700697188823e-02 6.904630140191604148e+00 1.897763238062353608e+01 1.208888660251770375e+01 8.198746554464687364e+00
0 1.313646011142736469e+01 -3.035270893981778784e+01 -5.420572151906198677e+00 -1.859774604259396469e+01 -1.136559535762608153e+00 7.687326421767958884e+00 1.266499590929181807e+01 -2.909827308668729628e+00 -3.438367738840494958e+00 3.999231175686508710e-02 3.307772323473525677e+00 5.375023377511476852e+00 1.213440481567260676e+01
0 1.302132797879389159e+01 -2.474617996929280039e+01 -3.632386694867097976e+00 -1.386209339253890782e+01 2.262054686324559416e+00 1.284473096683935367e+01 2.029675420928720087e+01 6.130446445944074618e+00 -1.700813164697766444e-01 1.618218669900850726e+00 2.377459274596025907e+00 4.197562735729341910e+00 7.605293787525047033e-01
0 1.311157313190704521e+01 -2.782041283144230803e+01 -2.253002221485531198e+00 -7.478855960316493245e+00 1.091533168551250732e+01 2.019675256228483207e+01 2.747027721164384317e+01 1.309669305253653704e+01 -4.943933281885938946e+00 -9.519395775142040605e+00 5.801848618894799303e-01 4.101221331895159139e+00 3.877753955796866325e+00
0 1.318524114716955076e+01 -2.733648462920915634e+01 -6.558643375635301531e+00 -1.763811203127801974e+01 -7.896646782946925569e+00 5.834998578518534984e+00 1.225237700296568200e+01 -2.709229024326949453e+00 -2.444534993033630421e+00 5.321003666632525331e+00 7.333103072969221259e+00 1.365220100677116299e+00 1.409827099703396591e+00
0 1.336023484804598382e+01 -2.692377806925545158e+01 8.926921490493263667e-01 -9.216988231452655000e+00 1.697441006554379239e+00 8.631194971469069444e+00 9.665991103429719900e+00 -5.957176182318130842e+00 -3.225024249618441141e-01 -1.308002575309999749e+00 2.138021729966996531e+01 1.998045325657847116e+01 9.320122645925652094e+00
0 1.310663071670070146e+01 -2.513522360725713867e+01 -7.705633967409187823e-01 -9.952776245751028483e+00 5.567662783339296872e+00 2.255626368318836228e+01 2.397124120761533206e+01 1.222587170255033229e+01 8.021392655992313436e+00 9.695844553306807612e+00 1.496033666406431983e+01 7.712679475599337309e+00 2.431414525459818787e-01
0 1.615174795585764755e+01 -3.937308574641460268e+01 2.734044576811252902e+00 -1.180295372750676197e+00 -1.247909215750730816e+01 1.978921746062644971e+01 4.778850314576219560e+00 -1.095696718558726523e+01 -3.984204809174533679e+00 8.696327008466628428e+00 -4.581205819984403987e-02 1.768018941087965956e+01 -2.327236654848405251e-01
0 1.406706078927937220e+01 -2.862454889396198965e+01 5.712430444051162404e+00 6.802031938960364510e-01 -7.202367159709327282e+00 1.726733108860411647e+01 1.281873744553892713e+01 -5.927457423704401762e+00 9.772872231602915960e-01 -2.245195655305084692e+00 -7.900497650527191218e-02 4.632585513543115319e+00 -5.235282469260007510e-01
0 1.391216964531797906e+01 -3.020359301342423564e+01 1.295241219079004358e+00 -4.059499481029191337e+00 -2.773300928663561926e+00 1.834067984843325050e+01 1.328236748172570536e+01 -1.261064155043359225e+00 -9.174176797953698115e-01 7.162872893264982110e-01 8.316732072926090735e-01 9.197280819452846146e+00 5.641303395215600425e+00
0 1.350692540991001067e+01 -3.005675480780399056e+01 -3.925627964146059412e+00 -9.389715285799436373e+00 -1.308743306926094441e+01 6.015784961868308578e+00 3.815712476020172605e+00 -2.354943649183343091e+00 2.936599543982679528e+00 5.056663901735928057e+00 1.124758542466620703e+01 1.263129316445261452e+01 1.421972985379164456e+01
0 1.334310361082351548e+01 -2.992434141868003650e+01 -2.609635773920495172e+00 -8.895956246552923830e+00 -9.418071436330007984e+00 1.135256908399622944e+01 1.528631975058319270e+01 -4.290687272615279824e+00 9.773540197753099790e+00 9.915887123654407276e+00 1.091332002920538535e+01 1.715048669512185953e+01 1.338271713615807101e+01
0 1.330887791694500777e+01 -2.624470859261054301e+01 1.652071444851431092e+00 -8.277315573905879020e+00 5.713188863582303156e+00 2.062970301642098292e+01 1.972591853967031739e+01 4.350942745549170598e-01 -1.136378542814543424e+00 -2.508010452527740686e+00 1.476015368216058121e+01 1.037613915710465662e+01 5.827875739680401068e+00
0 1.325914873266887639e+01 -2.610033131314586541e+01 -2.256754418444012755e-01 -1.156722425768473883e+01 -6.318705004607370057e+00 4.544194411544570933e+00 8.717401481491323878e+00 -1.021303407096244165e+01 -3.266548205637594737e+00 -2.546242299544516641e+00 1.009827176696776263e+01 8.715822775728794269e+00 3.639932487631515556e+00
0 1.319322935820817655e+01 -2.645208132169701898e+01 2.505261920266050879e-01 -7.060891819176175588e+00 8.703983861885365769e+00 1.997967476013076649e+01 1.957968522154720858e+01 2.931765611472113342e+00 1.431397156990105612e+00 -4.446572005821940010e+00 -3.657458129340711572e+00 -1.847106054095736472e+00 6.181241028634461898e+00
0 1.326002247679742041e+01 -2.702520726639232507e+01 -6.128329505785538034e-01 -8.637648675967177780e+00 1.281941984505513998e+00 1.054125527211360058e+01 1.142727292496689273e+01 -1.574106530612040311e+00 1.933516695404545516e+00 -4.840133559826077736e+00 8.893656649440487172e+00 1.805667320031545486e+01 1.144232143276087221e+01
0 1.322128232480555177e+01 -2.809297991770053926e+01 -6.135416939343692810e+00 -1.856650223685512557e+01 -6.272282145304199474e+00 8.862657464397303286e+00 1.463076491856755901e+01 -4.515631515438522925e+00 -7.779157950249175890e+00 -1.392304327805186226e+01 -3.665683827931805805e+00 1.432343223077685135e+00 2.118830676329047924e-01
0 1.310195535867106287e+01 -2.793151121285143290e+01 -9.873287887166570798e-01 -1.241692897410787033e+01 -3.637628654336726997e-01 9.236427432130957627e+00 7.947480596868937042e+00 -2.916470008332090913e+00 1.751374822698984701e+00 8.119926357661876537e+00 7.463315174177524547e+00 1.763976403111805258e+00 -1.061950221688334306e+00
