0 1.326511820275408837e+01 -2.748900619368548348e+01 8.561756232476234629e+00 5.017191788486982773e+00 2.786319778540593539e+00 2.339070413975012031e+00 9.403702391279194828e+00 1.897256739038037932e+00 9.919104704847002907e+00 4.566835449064476471e+00 4.375761954192018521e+00 -3.034770814950457751e+00 -8.159486000738039868e-01
0 1.307403158676132371e+01 -2.475645444474830370e+01 1.139640256615271952e+01 4.015558675956113710e+00 1.213770610789061699e+01 1.147153136980679911e+01 1.514720805690023475e+01 4.907977936971376742e+00 1.515592925391319312e+01 7.286144053816158817e+00 9.805318022988842586e+00 6.220012410968140060e+00 -5.249007273770653903e+00
0 1.306054562554827747e+01 -2.419748823695482898e+01 1.063642403348905496e+01 2.474493086996498725e+00 1.281155695964354280e+01 1.684217778889094674e+01 1.783263099278841679e+01 1.195319592794994001e+01 1.114682823613389751e+01 5.344785006808789873e+00 3.738202753199848516e+00 -3.728289478764954090e+00 3.400860209365561104e+00
0 1.308259080568417865e+01 -2.489523930358003057e+01 5.887365446728666463e+00 -9.961765207267826439e-01 3.851416158641423504e+00 2.232592470276062890e+00 -9.046288725201941106e-02 -7.401179306784232637e+00 8.542949134625226204e-01 8.475813022509642858e-01 -7.284428776035102970e+00 -8.958453533832297921e+00 4.731726416070024754e+00
0 1.306502048863163523e+01 -2.679667850261727224e+01 4.580230131478559841e+00 1.302304527255282229e+00 8.913708243528994046e+00 6.890176307106798070e+00 7.442810745491994062e+00 2.896643519675277556e+00 1.033195442125668251e+01 6.682844665303458775e+00 7.536643928333838005e+00 8.185388564150757773e+00 2.133866218338033249e+00
0 1.300460607974611449e+01 -2.456058077189513611e+01 9.092780618982050811e+00 5.867869157469870700e+00 9.899946509110154835e+00 1.236323040851305244e+01 1.590887078178396408e+01 1.249672342373491851e+01 1.042699104586198899e+01 8.118749994347210119e+00 1.246499005189611786e+01 7.276076566800638190e+00 7.219840226985447806e+00
0 1.314984466847462841e+01 -2.661519430292540633e+01 9.019284608979107887e+00 5.101367336225994364e+00 6.053270883549868309e+00 7.948802604352851020e+00 1.540969049685427628e+01 7.715528362981507016e+00 3.212696289375332803e+00 -6.186925471533705867e+00 -1.079157851893948417e+00 3.679905572634053712e+00 1.075252207786995307e+01
0 1.315342430527303108e+01 -2.289678565325167270e+01 1.107665820619042130e+01 5.002920118822706819e+00 7.938172376830006094e+00 9.191755964984347216e+00 2.134442303385003825e+01 1.047393932049676835e+01 8.542799879082604519e+00 4.550078622314453369e+00 1.207356707244920635e+01 1.480932708095383887e+01 3.444319597808881195e+00
0 1.308967695222138516e+01 -2.580409230065920667e+01 1.041448349742864821e+01 5.563159004945619657e+00 1.158965505621551095e+01 1.011899384294961024e+01 1.642724458900417162e+01 1.086110598859010956e+01 1.161549275612955512e+00 -4.237156841956609021e+00 3.903188993222342695e+00 5.741952200288869435e+00 5.040261440940561499e+00
0 1.323394661777821568e+01 -2.550159616327391632e+01 1.252960246504614261e+01 8.151936158559168533e+00 1.201588533769277056e+01 7.524591480155518930e+00 9.202113357310572894e+00 8.190276396762836697e+00 1.300816544221229165e+01 4.266715707690278414e+00 1.201359110793888973e+01 4.069954527446937753e+00 7.081332405291399290e+00
0 1.321506597596297716e+01 -2.608610577159826249e+01 1.231412120417707179e+01 6.871273747067295545e+00 9.545663206765796716e+00 5.885776006171656860e+00 1.439125872334741452e+01 1.464632316954880231e+01 1.901695786867015059e+01 1.478615006839276447e+01 1.257198649854442962e+01 5.109999567244373431e+00 -5.361494447065783042e+00
0 1.308066343383166164e+01 -2.253714459335243347e+01 1.311602308426921049e+01 7.918545563895315276e+00 1.016242360806153933e+01 7.622898683846250911e+00 6.409357606862593926e+00 1.885418812764323881e+00 7.792069370865421618e+00 8.090063155739766643e+00 1.776513700804099827e+01 6.016618895376293352e+00 -6.315722412893413740e+00
0 1.302603553372616396e+01 -2.493083556974890769e+01 9.697628016093700509e+00 6.985784700120468926e+00 7.686366429097036601e+00 3.968530944752833189e+00 1.421804709801869215e+01 1.395540029664461912e+01 1.040842677334413224e+01 7.416216192717042688e+00 5.873331670098034252e+00 3.451178019015348930e+00 -1.000161683674696933e+00
0 1.313771984004388749e+01 -2.916069748307085518e+01 6.897211710488655889e+00 5.831514861081532608e+00 1.019959464946065886e+01 1.094030534570322999e+01 9.946490025680748914e+00 2.262546453208912567e+00 9.657322963385002623e+00 8.064056361979174525e+00 7.763175648085796077e+00 3.833265020641102083e+00 9.562723987968928085e+00
0 1.299737994287122334e+01 -2.786798893825355350e+01 3.708126791231776576e+00 -3.315980514136421253e-01 7.713387230331723465e+00 1.571313156587205562e+01 1.954873005308691347e+01 1.177665851888004056e+01 1.351532151561528217e+01 7.181487273700250640e+00 6.005269886603032070e+00 6.572909054106601534e-01 3.129064150094099439e+00
0 1.309883743306745529e+01 -2.850468307492931785e+01 6.562078481615511549e+00 7.559641567291691899e+00 1.803534018448042886e+01 1.453772438738387862e+01 1.914201485179731677e+01 1.593158981829110665e+01 1.574435751920200133e+01 1.243371455268710513e+01 6.418523054174898768e+00 -7.943118092128228724e+00 -3.563015677003501303e+00
0 1.311782338777072709e+01 -2.739709387939920759e+01 7.215881707111694965e+00 3.889118644301828187e+00 1.255889178261286077e+01 7.678778084148254024e+00 1.921589061902966478e+01 8.759585479518610995e+00 8.401884691150723228e+00 6.732012440397964426e+00 5.184854530907949233e+00 5.715603412164245611e+00 1.259127934124871229e-01
0 1.306883365546490872e+01 -2.538202647817327673e+01 1.052126151680552901e+01 7.834935896946910283e+00 8.762023849851285462e+00 5.494658800137481869e+00 1.293192909912008126e+01 3.222993827705238346e+00 1.312368177677489633e+01 6.829916149570733452e+00 5.298891834511707977e+00 5.230997302683720207e+00 -3.209435339734283410e+00
0 1.313785438315265885e+01 -2.711280899241177167e+01 8.295407460231043473e+00 5.608819368918992687e+00 1.776359946270222068e+01 1.685263506292540825e+01 1.585088460004330813e+01 7.239180300849403338e+00 1.618319131611288952e+01 6.754117561590052610e+00 -2.148689403913622620e+00 1.905170749795469520e+00 1.702865063264739076e+00
0 1.310848499410462153e+01 -2.511403434086319919e+01 1.119997743104203813e+01 6.678162185429804332e+00 1.114067007113846408e+01 1.411885033737943473e+01 1.258263811432845536e+01 5.128945870131801144e+00 1.326062231817054382e+01 7.403426947516260626e+00 4.401885328385620078e+00 -3.249332343191421835e+00 1.070973354182436665e+01
0 1.313011383061140336e+01 -1.964107517866541741e+01 1.379633271770805258e+01 5.675335823221219655e+00 1.096114843786864412e+01 5.721718968898498403e+00 1.153326448327174170e+01 4.327392321984657286e+00 1.008981951400986787e+01 5.853221013035398990e+00 8.460705118991146634e+00 2.000758959148639438e+00 3.750480176916719088e+00
0 1.321805649220106815e+01 -2.441200476185072432e+01 1.561913582729661165e+01 9.206442683980858632e+00 1.602905107787253769e+01 1.791426134283814520e+01 2.281071423117177588e+01 1.024416437877570374e+01 1.986803280594667598e+00 -1.565930446478132732e+00 5.494108574908536546e+00 1.136070230422687999e+01 8.889023126752618964e+00
0 1.319545405487184908e+01 -2.271401629830101854e+01 1.063034541998440297e+01 7.591556135910502157e+00 1.802958160013385580e+01 1.635214128713716519e+01 1.049190955622221466e+01 4.256108553826353003e+00 5.375370699112525408e+00 -2.980864085656277140e+00 1.561900242850084330e+00 -3.041538531225158160e+00 1.308146097863061907e+00
0 1.314423456640434118e+01 -2.050681621610056382e+01 1.384185246747544085e+01 4.687691727242000006e+00 1.051050628407871379e+01 8.135779604901218320e+00 1.213839192872696593e+01 7.569570811847823322e-01 6.151059873124166133e-01 -4.893573703148791587e+00 -3.670317940349905772e+00 4.791001640401661987e-01 -1.645387625562291234e+00
0 1.322442541392998372e+01 -2.178433615011798707e+01 1.428936197774027406e+01 7.595544583644128878e+00 1.278967522224354347e+01 1.034079885316297975e+01 1.375155754176617151e+01 8.294377595065677511e+00 5.912928901807709359e+00 4.605066228728803779e+00 4.613528387348104332e+00 -3.484599231707250944e+00 6.808050929097434478e-01
0 1.318764501166949898e+01 -2.480308336900209554e+01 9.894947560311297963e+00 5.609215601487393066e+00 1.048284699992132296e+01 1.558172358415093584e+01 1.785159209104540778e+01 4.032563356219759143e+00 9.797974002719749720e+00 -1.468137081214405004e+00 -4.033539083829889904e+00 -5.564982248694827938e+00 -4.570974645911778822e+00
0 1.305694242429190943e+01 -2.236734402758927232e+01 1.015375941982018482e+01 -1.154087561219434344e+00 7.617428423250196090e+00 5.050968159855482753e+00 1.213496300181564402e+00 -1.286505325303570979e+00 2.404037758016076776e+00 -7.954695378129295058e+00 -8.455810831990731913e+00 -1.293312944173957391e+01 -1.607911180246400917e+01
0 1.310833774796047102e+01 -2.258618862691441009e+01 1.395239664665863621e+01 8.675517914127960140e+00 1.264344715113887396e+01 7.773294591582654789e+00 7.617120610423831373e+00 6.286463506480661323e+00 8.608991485116181508e+00 5.484580881390993312e+00 4.652767032964189475e+00 -3.576991424237945694e+00 2.485182063854269430e+00
0 1.317472144461924266e+01 -2.350561092229068905e+01 1.347632491361435569e+01 6.033374169272220477e+00 6.233924784744531600e+00 2.985142413888534740e+00 8.100107199232690292e+00 -2.471762865401663234e+00 -1.216164025017215877e+01 -1.337254693590959143e+01 -2.711167399148681323e+00 6.647448907841980059e+00 -4.414643354479219184e+00
0 1.299121366025075908e+01 -2.278105051204070008e+01 1.316461891985000676e+01 1.088841872937109478e+01 1.129582446577265387e+01 8.055856406116646440e+00 1.417147442592241724e+01 8.117234337583752790e+00 7.484950754810235196e+00 7.511043754981994169e+00 5.167009719463180772e+00 1.759032026036620344e+00 -2.437941048428023283e+00
0 1.454144556273920941e+01 -1.985237150904966086e+01 -7.146192827541828496e-01 9.621957732128745278e+00 -8.039563483214150708e+00 8.440501948156258649e+00 -1.735419985379845209e-01 -2.211448660576603586e+01 9.239373220490811889e+00 1.693376428310493731e+00 -1.039496211626169453e+00 -2.665023930594579760e+00 6.005545449778129985e+00
0 1.728729385533067742e+01 -2.176070467612955994e+01 1.327096911274577451e+01 3.183606857650811861e+01 -8.881645024671046329e+00 4.851033934922027413e+01 -1.188771002476997829e+01 -3.227397837435014338e+01 1.503265157421173548e+01 1.539194202691461344e+00 -1.162190243216894636e+01 -5.821711797194470073e+00 -7.790647584295856021e+00
0 1.721259301055502888e+01 -1.997185931851395679e+01 1.393402962309553406e+00 2.652161446261186839e+01 6.830515385521347405e+00 3.383330808031185910e+01 -5.130675390378681300e+01 -4.151256646046601873e+01 9.775378592555503232e+00 -2.531840985717317238e+01 -3.142731805003593237e+01 -7.186257878189882042e+00 -1.950956354390827485e+01
0 1.742802221378579830e+01 -1.574686883455835762e+01 1.557707572115471839e+00 2.694625456795025542e+01 -8.138560903024592008e+00 2.633761657270486367e+01 -3.556779818195061438e+01 -3.543074784227351870e+01 1.801854485911338699e+01 -1.356817856093848285e+01 -3.166069691319939849e+01 -1.971847291312064376e+00 -6.468581979921397718e+00
0 1.735255572045440431e+01 -1.890820608001813241e+01 8.399560911202534896e+00 3.393897591397637825e+01 -9.571517074527713831e+00 2.562489526086347169e+01 -3.366541896023041147e+01 -4.139916862519870477e+01 1.211562010486549923e+01 -1.025160373530730595e+01 -3.460326557788584978e+01 -5.465165680077030075e+00 -1.366042241050723360e+00
0 1.670463695920369318e+01 -1.322159253825307523e+01 8.065001641032043977e+00 3.050659657857292473e+01 4.352777026090183909e+00 3.368389865944041617e+01 -3.016669918622924484e+01 -4.449175294198408892e+01 1.675192428545365786e+01 -1.623082000822085424e+00 -2.309246808304584420e+01 -5.713181317054863761e+00 -1.044350000495568409e+01
0 1.683382551307539643e+01 -9.161451731038598112e+00 4.568976994069085862e+00 2.224880462629412037e+01 4.982534335378250745e+00 3.669302085354863863e+01 -2.611464341088611008e+01 -4.263465854641617625e+01 1.479574466265309063e+01 -1.437351563822056200e+01 -1.601842881349138281e+01 5.796198983268473270e+00 -1.380040619471401619e+01
0 1.658869408173671545e+01 -1.383541624673307524e+01 -1.156602237846436676e+00 2.868759493719670672e+01 1.239277504361276172e+01 3.281685781810631397e+01 -2.714411963718311682e+01 -5.126992705661860583e+01 6.976685889696732090e+00 -2.306873795143181383e+01 -3.523478860397278822e+01 -1.625461481673936959e+01 -2.729943616384138849e+01
0 1.653454554463012371e+01 -6.415359938867124079e+00 2.912136328589352452e+00 2.428745609172143105e+01 8.099027593587698748e-01 2.198377226624293002e+01 -2.890586214698956624e+01 -3.161421439036863745e+01 2.125570935917763293e+01 -1.111049165368641667e+01 -1.342939760368189717e+01 -4.583026122426408833e+00 -1.207176384919707424e+01
0 1.653041650095416060e+01 -7.769568500527384458e+00 3.110987701237934111e+00 2.720015345347398750e+01 1.080053700970295694e+01 2.988304290411478803e+01 -2.760049052308018958e+01 -4.210219212049178594e+01 2.724562856821065537e+01 -2.392272229817099216e+01 -2.846993587193474085e+01 -1.462978226773913537e+00 -1.589350784774334002e+01
0 1.626649876619023871e+01 -4.136519856385060478e+00 5.074384094889115460e+00 2.182572660150274046e+01 1.107362639002468008e+00 1.821196673761893692e+01 -2.366182266342696039e+01 -3.664212759178928991e+01 2.863713616354270286e+01 -9.859828938934130704e+00 -2.835112608630649689e+01 2.842680330292862712e-01 -9.863607676769738930e+00
0 1.595939178148082682e+01 -6.543590008525513646e+00 4.991721555415352007e+00 2.703116725905398710e+01 2.664286300796840834e+01 3.030637588562764506e+01 -2.779922307272419602e+01 -3.905018057098875772e+01 1.825824934362099583e+01 -1.114100675513851257e+01 -1.918618667934586597e+01 -3.992885061677758252e+00 -1.566705631535736742e+01
0 1.648592250514149526e+01 -4.868547694334217191e+00 1.259121582883759638e+00 2.491337219483561327e+01 7.649337811992329428e+00 2.097074883755686869e+01 -2.227851379224780004e+01 -3.528405527082804838e+01 3.058102502764232256e+01 -1.079452799469765445e+01 -2.486719037953420042e+01 -5.927117304569211598e+00 -1.185815849144803380e+01
0 1.628160684033388250e+01 -5.640862528893910266e+00 3.104504203771264681e+00 2.880413248773898971e+01 1.816521103850188723e+01 2.878478752583722056e+01 -2.371297633372449454e+01 -3.631972933539132953e+01 3.187165608796258454e+01 -6.670480829047023441e+00 -2.425034042677206969e+01 -5.326475768702531255e+00 -1.419634122508973206e+01
0 1.627302686274656551e+01 -3.551056610961660809e+00 2.956961454902208852e-01 1.903946188471426382e+01 1.664890191409880771e+01 3.019038213691680994e+01 -2.283747766781629807e+01 -2.863582154469618501e+01 2.562121189446164848e+01 -9.589692857313920626e+00 -1.285774779076354513e+01 -9.104201126977982117e-01 -8.027664164502802180e+00
0 1.679242362443059378e+01 -7.629381919844647086e+00 -2.707087194976335542e+00 2.835420374478658800e+01 1.727631252562765241e+01 3.447703645808289252e+01 -2.139194875884584590e+01 -3.343040052071686574e+01 3.245430758231535862e+01 -4.053259095692401281e+00 -1.932437168629588697e+01 -1.240481113799963175e+00 -1.745709157615005935e+01
0 1.685538599856286268e+01 -6.507759998468598539e+00 -5.937886239915237674e+00 2.523490618567470278e+01 1.244220570402825210e+01 3.298100206364783560e+01 -1.009331352913130075e+01 -3.027938174340230759e+01 3.760477686581941015e+01 5.701056011256705469e-01 -1.147777589832661782e+01 2.726959658276310705e+00 -1.293994348666917382e+01
0 1.762049654450672165e+01 -8.442527622643074992e+00 -8.997627096912340861e+00 2.645022540069893324e+01 1.251150414062785110e+01 4.416886785772588553e+01 -1.733218650901454083e+01 -3.027616397683937777e+01 3.431913182785415728e+01 -6.173616330189160450e+00 -1.081879623769376941e+01 -5.845290026882281609e+00 -1.777401059740141065e+01
0 1.730063662743608077e+01 -7.570916571398615957e+00 -7.103103797787801987e+00 2.800495070568186762e+01 2.051626363103965645e+01 3.564923641798914389e+01 -2.748182275456899148e+01 -3.142433084332446214e+01 3.866754638449148018e+01 -8.111466828385305305e+00 -1.508853471199085483e+01 6.244545278479235684e+00 -1.936919362664898259e+01
0 1.728949454010098563e+01 -6.366528357354765078e+00 -9.383341924828984659e+00 3.052065549912440545e+01 1.518389489090436406e+01 2.973089693241699294e+01 -2.029691922466385989e+01 -2.788506272132332242e+01 3.170864500525777530e+01 -1.077169836897283872e+01 -5.087903304757279699e+00 9.811661145736657375e+00 -5.564379548911273510e+00
0 1.777657030085498135e+01 -9.828077281651118824e+00 -1.545079091770770141e+01 3.699516498687338384e+01 2.909249161395361227e+01 4.055095750890277628e+01 -1.517234612461755461e+01 -3.159955916830242018e+01 2.844574209195990022e+01 -8.627862894287130047e+00 4.007139617376694329e-01 -1.138935530338102797e+00 -2.838901102273742794e+01
0 1.748819613710680443e+01 -7.749695205863902370e-01 -1.616420190698354631e+01 1.478233309960841879e+01 1.646329558668528037e+01 2.740019361885260452e+01 -1.585165993315539978e+01 -1.829347734429440209e+01 2.286808652689751042e+01 -9.801490624081687031e+00 -4.766721950739621683e+00 1.110952626192219128e+01 -9.728073886087878819e+00
0 1.775691725084678296e+01 -7.329533118395977098e+00 -1.728790277175648171e+01 2.602153342282837656e+01 2.409537221208025315e+01 4.101287017804144597e+01 -1.460604321252179894e+01 -2.440884262551804795e+01 3.324227104784812070e+01 -6.768436687541823815e+00 -7.482336264562282402e+00 6.015972104487794514e-01 -2.514731037167638661e+01
0 1.747703558124074874e+01 -6.624832518183600527e+00 -1.120474771822817672e+01 2.823287392036687038e+01 2.639785271039157166e+01 3.810811180578640744e+01 -2.959354829565068457e+01 -3.888668150563118786e+01 3.380732901019396763e+01 -4.516001038667059042e+00 -4.745961312872856830e+00 4.966226855460803336e+00 -2.229151406630328935e+01
0 1.775371572421462929e+01 -4.892064364114364849e+00 -1.631772928964932490e+01 2.407822339295755043e+01 1.460075398682020342e+01 3.891090269749761177e+01 -1.818481619336141009e+01 -3.822608739645238529e+01 3.267803679070236456e+01 -4.398253928969690030e+00 -7.183122803553666280e+00 6.523915177734700421e+00 -9.653445795238296157e+00
0 1.780205513727370814e+01 -1.172530395733714847e+01 -1.663174360888923786e+01 3.470958543990873579e+01 2.409180899133161802e+01 4.376817402620046948e+01 -9.159556948465551685e+00 -2.000083064634853613e+01 3.236860446463948904e+01 -1.221712644641494805e+01 -7.175537325389484522e+00 -1.836915339393191626e+00 -1.911603176670486093e+01
0 1.759409132619716587e+01 -9.080461805205855441e+00 -1.628000230202810528e+01 2.457726379562363661e+01 2.424038500206290081e+01 4.452462409748697780e+01 -1.172231454549510765e+01 -2.795968097821574716e+01 3.666685618774492639e+01 -2.031339903928573776e+00 -5.170873438124578669e+00 5.453230611672104544e+00 -1.362203322933974725e+01
0 1.687292556380280928e+01 -7.022019402541511468e+00 -1.190027735587514357e+01 2.066985202592315929e+01 2.553660391478473457e+01 4.230119243361748005e+01 -6.491314786652535140e+00 -2.296224020814837630e+01 3.501169156545662275e+01 -1.829947891411887406e+00 -1.033272481731506431e+01 -4.042611021555252648e+00 -1.335083316424576161e+01
0 1.679624183099701540e+01 -1.376117626066933219e+00 -8.967307775268679393e+00 1.334221754822419648e+01 1.545522390045932326e+01 3.365223682403483707e+01 -2.238434037018226519e+01 -3.825087334098670055e+01 3.318318930768352715e+01 -2.100666593689759942e+00 -8.271240968373012592e+00 3.390651911998632251e+00 -1.385819819763751148e+01
0 1.626770949595490379e+01 -7.669910816903170669e+00 -3.498363658004774557e+00 2.381056040124476070e+01 3.153239668685804986e+01 3.637097427750453704e+01 -2.088506181297156772e+01 -3.559998217915889995e+01 2.575634139902168940e+01 -8.512546647975661074e+00 -1.116955625828812337e+01 -1.069104737562951879e+00 -3.110648760756246034e+01
0 1.595928543492176566e+01 -2.679905590205020172e+00 3.455810861942424150e+00 1.607406449812061666e+01 1.409648787476150567e+01 2.959974773250556979e+01 -2.179899225424782827e+01 -4.384294837923318511e+01 2.047600088961601372e+01 2.340425824694987167e+00 -8.528579913432789539e+00 -8.825644289158860900e+00 -1.850159631755265721e+01
0 1.618888994273063275e+01 -1.073753604001313633e+01 7.335107300852315326e+00 2.880907740467106848e+01 1.470984293628916362e+01 4.448278826753472970e+01 -1.424064682730206677e+01 -5.591516185161888330e+01 1.651393998298232546e+01 -2.703036635171240487e+00 -1.316223635308647388e+01 -1.856925568159016038e+01 -2.604415497634551002e+01
0 1.516002975759203864e+01 -3.111750401382564313e+00 8.369905618464684949e+00 1.858318715902903762e+01 1.116238564454915583e+01 2.556169254352952080e+01 -1.153087407038065493e+01 -3.593901055590436044e+01 1.485606349105455415e+01 -2.743883187430594117e-01 -1.191974138769531955e+01 -1.254059799690265464e+01 -1.098364279442742841e+01
0 1.503082195309467828e+01 -9.289681218607258373e+00 5.345755936488096438e+00 1.685639645362491024e+01 1.795588200631427256e+01 2.843610253160005641e+01 -2.229056217535740458e+01 -5.307805009896929249e+01 5.263960918628087349e+00 -1.961294344126048728e+01 -2.451572339890104857e+01 -1.614357681779987530e+01 -2.685563886554616886e+01
0 1.425838997286972187e+01 -5.250689401840896942e+00 1.347569323733756619e+01 1.008989817632599184e+01 1.449213879464415200e+01 1.626193271342627966e+01 -2.199393730239185274e+01 -3.174930111471853422e+01 9.985925104569853161e+00 -5.290213398063684735e+00 -1.110895698815187771e+01 -1.650269784623191427e+01 -1.576998696156173452e+01
0 1.444492790565783480e+01 -7.869036023229726950e+00 1.757648246290389338e+01 1.114774201816116950e+01 4.727207734087309099e+00 2.322834608437869264e+01 -1.325164147786549229e+01 -3.320105946979176537e+01 1.376234808398816689e+01 -8.376154839943792396e+00 -1.082996447510574178e+01 -6.941549504465404752e+00 -2.030223043964481633e+01
0 1.395387176221766090e+01 -1.027366170732471673e+01 1.708716718236307841e+01 1.416286902950898430e+01 2.168095357624031294e+01 2.475284081111339418e+01 -3.258262545117397213e+00 -2.274714453263366210e+01 9.074025809289752331e+00 -5.953086212084338413e+00 -5.337507575288548800e+00 -1.402935121237552707e+01 -1.491721664592637353e+01
0 1.398306061916071208e+01 -1.553785618978322525e+01 1.906852633877007364e+01 1.896453127045414888e+01 2.144131216081204983e+01 3.369764663237403823e+01 3.464584761583785255e+00 -1.069313549794113705e+01 1.608466579148084108e+01 -4.466094007210637956e-02 3.404080704430648918e+00 -1.576629942551431895e+01 -1.794007544383770281e+01
0 1.395901534887291362e+01 -1.480345664768152858e+01 2.221049683699625987e+01 1.930304641849190261e+01 1.440130872734913758e+01 2.232099988787810929e+01 -2.336331474371236450e+00 -6.046498725665231611e+00 1.250103146154437539e+01 -8.396592188689115666e-02 1.552874084725637971e+01 -2.957542818195577183e+00 -5.103008499184835678e+00
0 1.383556978991432018e+01 -2.229859983497724230e+01 1.764893980987843847e+01 1.983365278319111269e+01 1.442695335581332117e+01 2.566970395826432494e+01 6.400650178269206014e-01 -7.142873471918727901e+00 1.172779095593905119e+01 -4.807409774698385263e+00 1.238457272130133369e+01 1.695358669565186549e+00 -4.326609361193781922e+00
0 1.356133012593321574e+01 -1.912124554203822768e+01 1.496463030856510557e+01 1.142180809896078486e+01 8.224160041326443960e+00 1.387784908601623535e+01 -1.634456529399657687e-01 -9.123079037091272880e+00 6.561597463901875926e+00 -5.176861933134739857e+00 1.620728736655557256e+01 -7.441233224989572959e-01 8.091659317749353875e+00
0 1.322592808340535875e+01 -2.063189467786216724e+01 1.383750133905807544e+01 1.275766849652487700e+01 1.642312030423892111e+01 1.740785633749775840e+01 1.236680574878677774e+01 -2.590383761211574765e+00 9.150284255400109146e+00 -2.610616808226458918e+00 -3.587019815793496935e+00 -7.542978783572525714e+00 -8.791941292727884161e+00
0 1.336117057324101864e+01 -2.529329227823681592e+01 1.197482237038571462e+01 8.986245151195063841e+00 1.130450190941261468e+01 1.631488028999867623e+01 5.948159785317090886e+00 5.454559960953724307e+00 9.959108952689311067e+00 -9.103862667087177840e+00 4.244392838683967994e+00 1.582033684589554845e+00 9.009215680400272319e+00
0 1.317671815887047870e+01 -2.435264535164332500e+01 1.052862609299891616e+01 6.091201352441027339e+00 7.284519240224258674e+00 8.578582210249109608e+00 9.180527769035684571e+00 6.830667942224651235e+00 1.484529418681342428e+01 4.690951254733636056e+00 -3.477139389623405741e+00 -5.131712490633412393e+00 1.022450121813753693e-01
0 1.321011404733265060e+01 -2.568985186532068710e+01 8.488223238206675347e+00 4.506681819219613416e-01 3.306181242780268814e+00 3.203190120376837591e+00 8.742742219422994232e-01 -7.970648995456400598e+00 -1.045421796615298771e+00 -2.705761337175506487e+00 -2.658234342033095388e+00 -1.721527362690832730e+00 -5.975781468976160582e+00
0 1.333085648015436853e+01 -2.719783298123608617e+01 1.142346078476691673e+01 7.226505329671098821e+00 1.090412478744301161e+01 8.111478449707302474e+00 1.524870572424776682e+01 9.577385926034702734e+00 4.777222370339200275e+00 -1.606376422465623399e+00 9.530565129160742943e-01 -7.156279767581627205e+00 -1.366469140249757075e+00
0 1.316510016925827387e+01 -2.627295058530560468e+01 1.145234884116594642e+01 8.048461375215241631e+00 7.865269031394549692e+00 3.229256603740036979e+00 1.434914946351744369e+01 1.388553980383348119e+01 1.170349426670630066e+01 1.965166874052315160e+00 -3.328214142235206841e-01 4.445150991534752904e+00 4.986433588831145514e+00
0 1.296663257885737153e+01 -2.548579855438704200e+01 8.565880002575632091e+00 6.404293994500941167e+00 1.189524567623793949e+01 1.781662539001014878e+01 2.073112074889332135e+01 7.951329018511369640e+00 1.019872297271789030e+01 -6.124743978300906555e+00 -5.529710430712029279e+00 3.229568706997496541e+00 -2.032984868086626373e-01
0 1.320843499759269513e+01 -2.438249426786742546e+01 1.147589999612218392e+01 6.502689440838544499e+00 1.559489361355647752e+01 1.401153779604892513e+01 1.530284249832759080e+01 2.065036158048540127e+00 1.143614858812006974e+00 3.502720519760920137e+00 4.341534747631865088e+00 -4.751325061508109293e+00 -1.391369572727271686e+00
0 1.322601378529744842e+01 -2.662330092957715166e+01 1.163853627907729305e+01 7.969721709121275310e+00 8.634254793177518650e+00 9.598388410098962709e+00 1.645755423785604421e+01 9.000511286853798865e+00 1.117237898807447927e+01 6.118730705181944174e+00 7.296014527895918533e+00 3.665792425750457717e+00 -3.940070879434776074e+00
0 1.375479391621028924e+01 -2.282286321732691547e+01 5.641320777440577139e+00 -5.509147119064997655e-01 -5.411892177559288974e+00 1.993643121769381210e+01 4.430306294431106018e+00 -4.930016070822829555e+00 2.250702821073999971e+01 -1.660850345768651315e-01 3.491203649270965048e+00 1.467466194946159597e+00 6.278206228796680222e+00
0 1.317115987999154569e+01 -2.335890643815323031e+01 6.187007268512179969e+00 -3.128972740853094070e+00 5.373770154886001293e+00 8.672136808099029537e+00 3.244292505710904884e+00 -9.880033638233154392e-01 1.535485209228894021e+01 5.065775458097358630e+00 2.809207329232357164e+00 5.110870939838225269e+00 3.407196938492540017e+00
0 1.329940937893714015e+01 -2.231420253641676155e+01 1.272279166219006363e+01 6.991238235240924581e+00 1.088204039787709831e+01 9.991341176571644667e+00 1.421588641996261870e+01 8.579078654756832734e+00 9.745121424047740177e+00 -5.428465064921372374e+00 -1.852811447398975186e+00 4.085094322969773373e+00 2.816518642152001650e+00
0 1.323038208343175803e+01 -1.989329757239343621e+01 1.557966871928520369e+01 9.077429947849465108e+00 9.336531186981323671e+00 6.806791769935706782e+00 1.166286383454432141e+01 1.205552218616751325e+00 1.997742756150875820e+00 -2.211205594616068026e+00 -1.647735334044403643e+00 -9.866384093076172590e+00 -2.302950971635335797e+00
0 1.306580586510103892e+01 -2.093787292444416082e+01 1.400069053324806667e+01 8.519813651323433490e+00 1.101444655260515937e+01 6.539912939379399326e+00 1.260704005858535837e+01 8.197444730683503877e+00 9.849958441926071728e+00 3.258315704224843956e-01 2.422820559124728712e-01 1.308542848382332036e+00 -8.589616866661650363e+00
0 1.303181289219990546e+01 -2.019180142273589240e+01 1.375706461574419315e+01 6.797817403095920419e+00 1.600123749533129214e+01 7.470961929628463949e+00 5.052067797070994182e+00 4.393380464277982789e+00 1.973635788110200462e+00 2.947324505434508080e+00 3.843132684480677352e-01 -9.807512278763018676e-01 5.263049646141880977e+00
0 1.299467536231166598e+01 -2.329457777868428181e+01 8.434985659645644063e+00 1.808568553818892033e+00 1.236956857496503126e+01 1.493475701124608612e+01 1.474349746587800603e+01 2.315693334317588636e+01 2.337047494968146566e+01 8.346519928054553006e+00 6.681190580225953468e+00 1.194881099390868506e+00 -3.080950035839617573e+00
0 1.305879635706783048e+01 -2.358384739854124490e+01 9.428329394204757463e+00 2.628012704046263526e+00 9.701566024586940173e+00 9.852001482466077320e+00 1.219965616723401780e+01 9.613950853424753973e+00 1.528407085232875318e+01 1.336638084177011443e+01 1.182795846244292193e+01 5.239702822689333850e+00 1.817807208358835913e-01
0 1.308045659022720564e+01 -2.357658217950015711e+01 1.291817308044219637e+01 1.123664151054547489e+01 1.470993929463768701e+01 7.328622878742882207e+00 7.677757253885447497e+00 -3.458666579641239469e+00 1.250634312011323912e+00 -9.057090796755820961e+00 3.031816161202046445e+00 1.254998396758402990e+01 1.299595487835683372e+01
0 1.316585178539685508e+01 -2.204070154749733490e+01 1.147088623707257504e+01 7.938176212417556776e+00 1.648659941380496718e+01 7.861714176872884430e+00 5.211882129428883736e+00 4.236998716818986210e+00 8.645826892976876010e+00 -2.848604452469404968e+00 -2.686922374752620080e+00 -2.782467948784124623e+00 6.617048984019398006e-01
0 1.313067974163080720e+01 -2.164325643625518580e+01 1.267998152044847515e+01 7.531789727791622369e+00 1.368624301752430128e+01 1.335472466460471175e+01 1.459914032162079600e+01 4.468730214175569593e+00 4.402996289259365703e+00 -1.145489737932220198e+00 1.337262208465114011e+00 -6.253095622190088854e+00 -2.953281176330329050e+00
0 1.323279376887941083e+01 -2.242780184313259184e+01 1.278621533990605386e+01 1.112273439698564914e+01 2.063842462872156602e+01 1.391392049823249266e+01 1.054385911162658118e+01 4.749528255175005320e+00 9.260618447338602621e+00 -2.658238992852099414e-01 -1.611730759965320781e+00 -7.413866215531177417e+00 -1.786544051959004342e+00
0 1.313729589518153418e+01 -2.086580226289552797e+01 1.134023492605653871e+01 4.279772003077807696e+00 1.039750090932010984e+01 8.286464138556116410e+00 1.116304427374984698e+01 2.741885859522269708e+00 3.123440172358872058e+00 5.892257012768959079e+00 1.201184104866395819e+00 -9.770554976714902473e-01 -4.361971571941634096e-01
0 1.313017738154066905e+01 -2.271678709803892815e+01 9.528658432708525083e+00 4.694328499914669273e+00 1.263305646589653009e+01 9.151915450413188324e+00 1.521705525759865552e+01 1.188338736088460834e+01 1.379918369876532402e+01 9.465427704524051578e+00 4.265705516992144730e+00 -9.231540441019681076e-01 3.787517451436340998e+00
0 1.303627276761069176e+01 -2.227428813622518433e+01 8.090235334803509204e+00 2.864804012906141395e+00 6.729020337435433596e+00 3.789870125036336024e+00 6.387658911569479514e+00 9.246124962079960596e+00 8.782480729722378143e+00 -2.818476769188282383e+00 -1.611015607586353537e+00 -1.014088520836102347e+01 -5.158066379181954986e+00
0 1.308071337915656152e+01 -2.442645611638820569e+01 1.245117111738717242e+01 4.566954899034887383e+00 3.291604021304713079e+00 1.693695677260638854e+00 1.081962301331500065e+01 1.236503068132722261e+00 3.535081529219840313e+00 2.890477650576515511e+00 5.143172383064115394e+00 -7.450036736107950475e+00 -1.923911068818651815e+00
0 1.320760379736779555e+01 -2.366159235268558803e+01 8.682733196746454496e+00 1.801141143571151293e+00 7.445271374075923099e+00 6.620667064404652358e+00 2.251570831700391739e+00 -1.274659858361367171e+01 -5.320708170858770458e+00 -6.558061559145872188e+00 -1.114868919387212287e+01 -1.512520703389923327e+01 -5.010704343306460196e+00
0 1.326278247247209308e+01 -2.373326551289326503e+01 4.604701165469731627e+00 7.220326085818193906e-01 1.149142584786999599e+01 9.679607777915501643e+00 -2.920756976115945758e+00 -8.465099887225758124e+00 6.171138996776713626e+00 -1.853404122310109647e+00 -7.747668709026067191e+00 -8.553365476244984222e+00 -6.407267049124001801e+00
0 1.320298089821265108e+01 -2.156001065153396468e+01 1.149733125793625099e+01 4.824633512269009827e+00 1.115453973236185803e+01 1.505513709896947105e+01 1.748494431112860426e+01 1.120804888970658908e+01 1.345016051607325913e+01 2.363818371515839623e+00 6.815875622996734329e+00 1.745866617981168753e-02 6.925254034226330235e-01
0 1.307735067470138546e+01 -2.231066485341502670e+01 1.325877495281865315e+01 7.956062331598119819e+00 1.342894269985345623e+01 1.005206688184836317e+01 9.857755755226099481e+00 -1.571743508681368307e-01 4.837723095285750396e+00 -1.171344965316707176e+00 -2.363262982750109931e+00 5.346103390952994694e+00 5.484532722636365598e+00
0 1.303113498227470046e+01 -2.448053418884118315e+01 6.931968449636476848e+00 2.100915177585457094e+00 8.960744504884067041e+00 1.422791161826887496e+01 1.527831858945392618e+01 1.298387795096893393e+00 4.831818844495682774e-01 -3.305516857717468504e+00 2.539167398450040469e+00 4.510905250016220558e-01 2.955053859191006715e+00
0 1.308634291640967362e+01 -2.631500181365687041e+01 9.357561717736794904e+00 7.606304623062947634e+00 1.738390630872411080e+01 2.044073694323130397e+01 2.205790387082896942e+01 1.524870757979311620e+01 2.027100988799236703e+01 4.812290763827262730e+00 5.590547664808976691e+00 1.093608049512231339e+00 -3.331519558197488795e+00
0 1.331285810661309377e+01 -2.386719895723517126e+01 1.240912861457007033e+01 3.643207898700460134e+00 6.257025401670094134e+00 8.346090650139224465e+00 1.599811763589007541e+01 1.188221920341968030e+01 1.204601945032188226e+01 -1.937468242924561546e+00 -2.188633918759672614e+00 -1.768642997115668525e+00 -1.239876537510746068e+01
0 1.313327954017285926e+01 -2.670024968009547450e+01 7.468966338738499466e+00 5.281710038310765576e+00 9.213154835985355007e+00 7.896651326388615999e+00 1.448285245377198294e+01 1.934642400920095540e+01 2.114889593261401046e+01 8.057921938571405818e+00 1.052006183319000066e+01 5.328957235555201954e+00 5.992651446062569054e-01
0 1.331635943524404198e+01 -2.515214758152212227e+01 9.238074894038732054e+00 -2.510172485097529105e+00 3.530230765273781324e-01 4.348442774381615195e+00 1.157075564604987150e+01 1.111599931739507952e+01 9.301105158894426239e+00 2.068697363012394597e+00 -5.649706874722673966e+00 -1.246194928432083948e+01 -7.273665383659145611e+00
0 1.311646841652454221e+01 -2.402511201116275430e+01 1.018796584920900905e+01 3.496657890931901935e+00 7.216056071553530238e+00 9.232745166026807837e+00 1.204734775968594462e+01 7.777086984859358232e+00 7.480137631154962108e+00 4.467655092084774182e+00 6.324223256173497454e+00 8.582848646001124848e+00 9.456981996937717128e+00
0 1.321542125061966289e+01 -2.824867363188976555e+01 6.952465005011206678e+00 1.305239936150387248e+00 6.204424841422615522e+00 9.878339027475320222e+00 1.125290764964201706e+01 4.362425672801133913e+00 1.054222703221075186e+01 1.492765654687099541e+01 1.408912235142308056e+01 8.019717992896040926e+00 4.912768808021625411e+00
0 1.319443857310385582e+01 -2.417973778191592160e+01 8.441709550294733688e+00 6.753809191766184661e-01 8.059833248487120017e+00 7.666388298405962587e+00 1.545011758619070363e+01 1.229755833336926329e+01 1.542710683204273714e+01 1.055882874999871390e+01 1.496155804612099294e-01 -1.231018616373932062e+01 -9.197292517352268604e+00
0 1.316991966121143776e+01 -2.687688032849937159e+01 5.585692426780645370e+00 1.528430792733027177e+00 7.958971531387297738e+00 8.762992251434763347e+00 1.066603621483158193e+01 8.543435447844970554e+00 -4.283783380858103840e-01 -3.335654248352716955e+00 -3.704397452166406257e+00 -1.185778209006773309e+01 -8.320550245280191604e+00
0 1.313624128151845483e+01 -2.716725749478271723e+01 8.159524229891582436e+00 3.688912472661658892e+00 9.275965795932878066e+00 8.581878866676923678e+00 1.541610036010036033e+01 1.305682636236313066e+01 1.201046822052057550e+01 1.514790012482304427e+01 1.755092195375513242e+01 1.880938638121811834e+01 1.158910698958618468e+01
0 1.314166825073892220e+01 -2.345808921981488737e+01 1.379965769343856508e+01 2.543322505049210314e+00 1.010274624396288878e+01 1.085134288521358670e+01 1.015336119863980535e+01 -2.566895797917070787e+00 3.004681469797196303e-03 -8.634944657236925281e+00 -9.792254039052300740e+00 2.100745172188047682e+00 1.922463740074261684e+00
0 1.317387278312062371e+01 -2.388035807585760750e+01 1.122651449352836472e+01 5.687911877981660425e+00 9.449958455366928689e+00 7.829873803104134389e+00 1.665853508053214682e+01 8.653293913056074871e+00 1.274403327466676394e+01 5.329988903120157495e+00 4.439800352238384207e+00 1.046851932319367506e+01 -5.353995519033717398e-01
0 1.309454159901978265e+01 -2.563721315979001503e+01 1.155540168709524096e+01 9.741387517999326562e+00 1.060575652155040594e+01 2.565904421420071468e+00 4.058589923747788042e+00 -1.032046340519501837e-01 6.624497693151903732e+00 3.148795319724518205e+00 3.776132529110916014e-01 -5.465106686313388806e+00 -1.090961916272921961e+01
0 1.310586237265718168e+01 -2.467872898049773767e+01 7.299299949895305062e+00 1.560058595572997975e+00 9.501654661422371362e+00 5.608060584781286551e+00 6.625728908504266990e+00 3.379918424863550097e+00 5.181339430047833261e+00 4.596582113743921560e+00 7.776035781953365422e+00 2.474489312798049845e+00 -6.411191875998191847e+00
0 1.304934060472416668e+01 -2.388728863132201852e+01 8.085666152193883960e+00 2.064512397122469256e+00 1.320572418153073713e+01 1.242836007773388296e+01 1.286632589331664356e+01 1.450220252479483207e+01 1.311919877690565528e+01 9.687074601430520460e+00 3.308103385443745381e+00 -2.188393016593556673e-01 5.799441447974702513e+00
0 1.313115949298003393e+01 -2.385910918507180511e+01 1.305783633921884324e+01 9.446705588656278962e+00 1.711570162278443519e+01 1.299134388141724550e+01 1.125637515855079585e+01 3.223730712770562334e+00 2.611731771731074847e+00 4.432770021646560421e-01 3.109208855261692328e+00 -2.754699744951796703e+00 2.167466350891271265e+00
0 1.311666146408551015e+01 -2.279443785220076180e+01 1.214496366131351479e+01 9.164862823901637867e+00 1.056361133934183627e+01 5.761241437729206716e+00 9.333995654262745134e+00 4.673531474994431889e+00 3.545139677938073053e+00 -1.013622912776261709e+00 1.831041031500334260e+00 1.979443402225487869e+00 6.509413587344281105e+00
0 1.309578239205189298e+01 -2.387640855224455194e+01 9.544749150605362331e+00 2.432265140057771724e+00 1.077287955105930628e+01 1.944224101751103717e+01 2.225102474370166661e+01 1.353125315834945397e+01 1.353381776812730486e+01 8.548966661809174639e+00 7.869617945233149392e+00 3.628770030963205162e+00 2.786343571493026805e-01
0 1.322662960232954532e+01 -2.179112779299697777e+01 1.237088989842802178e+01 5.894032950129709292e+00 9.821739387874485416e+00 6.432200039865910490e+00 1.104897821769205102e+01 9.500313413974012633e+00 1.141351729691180239e+01 4.852039583716400095e+00 -1.384549227954603667e+00 2.238014962526635898e+00 7.104700820074153711e+00
0 1.310417311310939681e+01 -2.472730709594217302e+01 1.167865430259370463e+01 9.553340552579733469e+00 1.461474593395627153e+01 1.012119446615560747e+01 1.553955789163982004e+01 7.409769947273610491e+00 8.687241413082880115e+00 4.227335171801736458e+00 -1.543470465651752832e+00 5.148221542924208763e-03 8.697802443916968329e+00
0 1.318735682710760670e+01 -2.712579220752596854e+01 1.022085697546598482e+01 4.079031063678889346e+00 3.324592115686275662e+00 5.819560012221041134e+00 7.060290695305909026e+00 3.520726419426461806e+00 1.419152910529897760e+01 3.685506112221412778e+00 4.743043887182394336e+00 4.651101126372076955e+00 -2.078076771255099597e+00
0 1.318607558566948512e+01 -2.327670429792967255e+01 1.110563010167238573e+01 3.661100647941640140e+00 6.707206237403745774e+00 1.130403455564638548e+01 1.372988862233120955e+01 6.581238786487720205e+00 1.280203484900760458e+01 3.496830145285518832e+00 8.287340498542304701e+00 8.257031072395433213e+00 8.861656945886675629e+00
0 1.313913681494994457e+01 -2.462749718491222950e+01 7.727013366588667331e+00 5.276047093025727497e-01 5.161972005140992081e+00 1.025652412111261746e+01 1.528752558921730298e+01 7.190512585290189662e+00 1.966023304931837501e+01 1.240065658655599634e+01 9.274248760428218219e+00 1.454951573043634916e+01 1.341411798430830515e+01
0 1.319983564856385883e+01 -2.206690800913758110e+01 1.252374201807361942e+01 4.901313503362290547e+00 8.752621112578250262e+00 1.025790615102522629e+01 1.887963210839515682e+01 1.479023427018889869e+01 1.739255103262257407e+01 1.846249252334526858e+00 -9.617881428607605310e-01 4.282345108589520777e+00 6.649473209920417460e+00
0 1.316333617507359222e+01 -2.359298453865206469e+01 1.010288591836458494e+01 5.683747648318266066e+00 9.388469842690522427e+00 7.923635108167537133e+00 5.428100988615359945e+00 1.117753491490123929e+00 5.937528121497770428e+00 1.116603870048749725e+00 4.297161411595951108e+00 -1.200084764000364679e+00 6.645943034685336537e-01
0 1.301791929427116656e+01 -2.698737864391394936e+01 8.619340500801785154e+00 4.781757918439595301e+00 7.928438125711790185e+00 1.040409382831647100e+01 7.170464748078728690e+00 3.980642905580123792e+00 1.338081530498877747e+01 8.388313029845940960e+00 6.905804843330170861e+00 1.993062323287465354e+00 2.160162530609254450e+00
0 1.322588668403017742e+01 -2.533770256054739889e+01 1.235198437930093363e+01 4.789444965609837013e+00 9.430771828086175645e+00 1.462844310872851672e+01 1.008492014759422872e+01 -2.872925521501759616e-01 1.222691823142177547e+01 1.462136117676698177e+01 1.199040823672187450e+01 1.759156253457148100e+00 5.701534587791593722e+00
0 1.311067975842640720e+01 -2.426986782824336331e+01 1.199947290366047348e+01 8.724005946987077209e+00 9.387828270412093445e+00 1.301863682972469505e+01 1.510487151412521634e+01 7.985775139127122557e+00 1.382271160963645862e+01 4.060458249969646438e+00 1.499358746892888306e+01 5.248051871202457974e+00 1.183423023257900608e+00
0 1.306562231637441229e+01 -2.657740020444875384e+01 8.268863103844582341e+00 4.086439524097480458e+00 1.118168319056173488e+01 1.558113029839757324e+01 1.503655877913577754e+01 9.697606654611639954e+00 1.087569398887813854e+01 3.076327329857630133e+00 1.103163127971821744e+01 9.635488747438586188e+00 1.045497109173850347e+01
0 1.304097898476049799e+01 -2.452344341623475898e+01 9.139911629880147714e+00 1.482796478186942046e+00 6.858268544870286476e+00 1.093447586634320956e+01 1.718992769751206495e+01 5.751994334605726067e+00 1.348215073852723833e+01 8.367368258114597168e+00 1.140454823073783786e+01 1.072833336676608695e+01 8.732435637884833568e+00
0 1.310632869700549996e+01 -2.814408914943798123e+01 7.378124546015169649e+00 1.398643916939921183e+00 6.395409027816864267e+00 9.310758811365476006e+00 1.294232099979815054e+01 9.905829080516213025e+00 1.731326039744025280e+01 8.891107506212650335e+00 5.561533083202681915e+00 -1.090633606854115589e+00 -3.175101618862841590e+00
0 1.310333553355825664e+01 -2.470561952350308133e+01 8.875955415866297216e+00 6.753860064176556932e+00 1.399207883999549473e+01 1.315813781881479194e+01 2.098413546665794627e+01 8.404231276474718015e+00 7.857349004061552122e+00 4.582490145313888874e+00 4.146718420213209022e+00 5.658578254338417324e+00 2.940413258186749701e+00
0 1.312678747242468802e+01 -2.110033116259327457e+01 1.384753905921505535e+01 7.345268474652644208e+00 7.153961276054085161e+00 3.736625543219351364e+00 7.571258729687950328e+00 2.648561335595281729e+00 1.112802572414550717e+01 2.994142341285032760e+00 3.324528196690793802e+00 9.440467069114893306e+00 3.785624092485843306e+00
0 1.318088707684756322e+01 -2.625560199670895400e+01 5.826153994530416824e+00 1.685698119306608067e+00 4.794559476007749232e+00 6.470423419836087930e+00 9.083484503053075088e+00 1.653796782962935197e+00 1.478386639362363653e+01 7.080720702535725053e+00 1.152705431619316734e+01 1.056363769012547849e+01 1.231617202590528848e+01
0 1.314166926637440902e+01 -2.878300441969238577e+01 4.916392864237960403e+00 -3.935497680903849438e-01 4.596313967589074068e+00 8.168839365222417825e+00 1.410889246933820829e+01 1.378550002052919687e+01 1.613682053498580871e+01 5.576519116232578455e+00 6.103006598707199082e-01 2.640775789926180228e-01 7.883571830363835353e+00
0 1.309829448266785867e+01 -2.534179933840460919e+01 1.191183474301807088e+01 1.000700528076464657e+01 1.617949562439911659e+01 7.247104949198829082e+00 5.425270175962903174e+00 -2.630134651923665245e+00 1.734820286296539171e+00 1.838851757140954835e+00 7.981413579369522004e+00 5.063853658141733938e+00 2.070572144200609532e+00
0 1.301827862667128066e+01 -2.463029563995123894e+01 9.308481715779336696e+00 1.664940934598902578e+00 7.115315678216600936e+00 2.680879051503413546e+00 1.000563869075155132e+01 7.405786671065787807e+00 1.184083631203781373e+01 5.459852933963830424e+00 1.090081504849517913e+01 7.591408407628579269e+00 3.213239008097151572e+00
0 1.315661535638976254e+01 -2.713790581650877343e+01 5.698401541029880946e+00 -2.058184109692710262e+00 2.084881568531655294e+00 4.431647977449808984e+00 7.365298565022026622e+00 4.218058938808546543e+00 9.671613504260088590e+00 1.122362789085529888e+00 8.990271842031420491e+00 7.773497519803534317e+00 7.867374122775388834e+00
0 1.319997260502123382e+01 -2.640242663493314978e+01 9.087408374042357906e+00 4.917023180842132746e+00 9.700900429914570466e+00 1.041080833727859911e+01 1.716515694571502237e+01 2.902106855728136647e+00 7.437760078854506851e+00 4.390434895396833959e+00 1.782596795921883803e+00 4.894049743325113333e+00 1.138089293484187792e+01
0 1.309249263726709245e+01 -2.599140045047086289e+01 8.834433928515036172e+00 4.862774575433501667e-01 1.322473402878835991e+01 1.613835530978672494e+01 2.395189498373916592e+01 1.293747462210628996e+01 1.745132649820872217e+01 1.911274557740067337e+01 1.218731778951043410e+01 3.829975077941016437e+00 8.589293001702353436e+00
0 1.306707889482616913e+01 -2.220720460695461540e+01 1.078616610632882633e+01 5.637062377120540368e+00 1.706982861930536544e+01 8.022639264119918678e+00 9.795034125605399211e+00 2.422461955064197370e-01 -5.493529858455308001e-02 7.734373681085383589e-01 4.820031097897423678e+00 8.983076951546118849e+00 1.112271386610657942e+01
0 1.311371484829730427e+01 -2.174030612677294272e+01 1.291873384302338579e+01 9.684658974412361232e+00 1.503957157294457048e+01 1.262765143143775148e+01 1.006016075186671443e+01 -1.961941571086670777e+00 5.344306806426546430e+00 2.134087315792398520e+00 8.602180878742794690e+00 -2.100799125212950091e+00 4.642290356283090835e-02
0 1.316431524351196281e+01 -2.434306376877142952e+01 1.312184394752281769e+01 8.065757796199955365e+00 1.315310281888213062e+01 1.329412005361978011e+01 1.606884485303049459e+01 6.954044102677173989e+00 1.564453529806123910e+01 1.107267535544877823e+01 8.561347347766497862e+00 2.125001831533926133e-01 6.720642329387750635e+00
0 1.307887256781410557e+01 -2.643292492402775551e+01 7.238462949682166858e+00 2.376476394441753293e+00 8.876079318779197536e+00 1.174731297131457808e+01 1.741136485270986611e+01 1.101228783153949031e+01 1.253597318876738775e+01 1.327010925649593887e+00 3.210374179246249682e+00 -2.030439323193754753e+00 -4.275468834707042198e+00
0 1.320087913904443511e+01 -2.638150571623590324e+01 9.125832914349441438e+00 3.372095945775517745e+00 1.037792530032353788e+01 1.567678175815656871e+01 1.942489311878710367e+01 1.379610372812352814e+01 5.295066560098844022e+00 5.685027611910336454e+00 9.537188409029392355e-01 1.526262089622040241e+00 4.686443644152948451e+00
0 1.308528127872982338e+01 -2.535029771750972216e+01 1.059138924949479943e+01 4.016004138017195579e+00 6.585529214176792934e+00 5.765634346020621415e+00 1.232198662014197765e+01 2.494239717327258354e+00 7.642419844992162759e+00 1.714765278034572304e+01 1.992921759321034614e+01 9.102072749856308320e+00 -1.759437166030832334e+00
0 1.313491860338139539e+01 -1.907731787340872032e+01 1.548679344394406066e+01 5.331578727678982332e+00 8.737979666983601845e+00 8.929872592886596294e+00 1.066452382239593533e+01 -1.675121614504944123e+00 7.361845408737438312e+00 2.319540168530705770e+00 5.486581237956303703e+00 2.152726497994023713e+00 3.748276304164830375e+00
0 1.317034629372079735e+01 -2.186628585394567281e+01 1.180308248459329157e+01 7.467520382467236928e+00 1.129004834386758382e+01 1.389245040934020459e+01 1.639100227149458888e+01 1.025113513645178465e+01 1.402627303315768792e+01 2.618120247673040524e+00 7.519887930806793186e+00 2.855549305668460214e+00 3.513139482482105169e+00
0 1.681899179777893849e+01 -3.755028849331848306e+01 6.965399854247858791e+00 8.601861787911495583e+00 -7.886098578890115895e+00 2.397039427957224689e+01 -6.638868198851056945e+00 -7.972353660929534236e+00 6.348703548876631686e+00 9.129484415124652585e+00 2.886342987181583997e+00 1.251568908588520124e+01 -8.807500929171674375e-01
0 1.476615175975038952e+01 -3.026876892338331260e+01 1.270195716656620633e+01 1.230574730103911563e+01 -7.533279250547008310e+00 2.327718125935565396e+01 1.094422368643168753e+01 4.843303354472292988e+00 1.283195516095056554e+01 4.191615461109191032e-01 6.521605282146995641e+00 1.729752214196873439e+01 6.038898757146965224e+00
0 1.409580399331533584e+01 -2.811923622054279903e+01 1.022923432036441582e+01 4.580603648505400471e+00 -1.844487353463468926e+00 1.821699035515343823e+01 1.228597043162818281e+01 2.512028464537682915e+00 2.708241803170069240e+00 -5.393756022070368417e-01 -7.405263032352666031e+00 2.805623147786678439e-03 -2.255332511898809678e+00
0 1.370336525555866203e+01 -2.664576035380344265e+01 7.339199054059543315e+00 8.313935633555756155e+00 3.037604154266343670e+00 1.453232377796049413e+01 9.541765760627557214e+00 -5.092905763675096509e+00 3.929688323727495547e+00 -1.433212060019873224e+00 -3.364552770497567735e+00 -4.982877098363593049e+00 -9.477056192696659664e+00
0 1.337866931638667545e+01 -2.584813050947652258e+01 9.712558319584351452e+00 9.647305018187989134e+00 3.259646825327600084e+00 1.378982085661473000e+01 1.558540786973366643e+01 5.742981066704988535e+00 8.672889111105460458e+00 -1.978792289061155063e-01 3.367101757522238947e-01 5.070118279779634918e+00 3.803820740369448505e-01
0 1.320350120380570047e+01 -2.573377497100797484e+01 7.400723801152247816e+00 8.520898386430022953e+00 1.403561656551773318e+01 1.471702991260227655e+01 2.011134660364241000e+01 1.149463562934398908e+01 8.367634409259087747e+00 9.341834362118912605e-01 -4.283082388399957807e+00 6.948601199638165582e+00 1.050749749426753787e+01
0 1.327827099257866905e+01 -2.028192869813752353e+01 1.363128531328495363e+01 9.110494682831308921e+00 8.774968911269471761e+00 8.613105689970941725e+00 7.484490665602689496e+00 1.228105130134292233e+00 4.408532523784174373e+00 -1.078215649311661917e+00 1.427522475114527678e-01 -3.700818464085840809e+00 -4.981634693044024509e+00
0 1.309313696384577597e+01 -1.880298519951996283e+01 1.265007700188294670e+01 6.737542321754388830e+00 9.317381848100353636e+00 1.203032033210303453e+01 9.838260646079039162e+00 -1.018680079879893619e+00 4.553496414536317261e+00 -1.360182534739772464e+00 -4.147572437411238155e+00 -6.094299354505224864e-01 6.697841596103341288e+00
0 1.312386265502768801e+01 -2.565036515207483347e+01 1.120638826921096687e+01 5.750093392521798741e+00 8.151294391018995000e+00 9.427730542285585713e+00 1.098944401043776686e+01 6.234872908928394963e+00 8.664121970539682138e+00 -4.251685822159027239e+00 -3.123088207488499801e+00 2.349733365859838941e+00 8.671876661420755417e-01
0 1.312950767577379807e+01 -2.357779113148688310e+01 8.838698776777528465e+00 6.239229700504211884e+00 1.377374972935376363e+01 1.462538942636405892e+01 2.167083879395768875e+01 7.997505696812810427e+00 4.062018506656471573e+00 -6.032003377050349613e+00 3.722118987950331359e+00 6.979129493621351044e-01 4.169694276639408087e-02
0 1.305738447476722364e+01 -2.470303342434887739e+01 6.305567245798071596e+00 2.966337905398382269e+00 1.258916389288071258e+01 7.164048246147594057e+00 3.905567911779499024e+00 -2.502338684057297868e+00 -4.922052880184114798e+00 -7.367366184072371205e+00 7.287767773920409198e+00 -9.683565022117757159e-01 -1.115580941235108092e+00
0 1.305622471592686118e+01 -2.471971989825340188e+01 1.184689989299015167e+01 3.759707188341293360e+00 3.982775077979705092e+00 8.457964217963483966e-01 6.422626836407236972e+00 2.036406861906866705e+00 -2.328179730811743120e+00 -8.379745802285945899e+00 -4.690847749066349159e+00 -1.330599785048524453e+01 -7.670086254739397091e+00
0 1.305730747629923805e+01 -2.191375477479224543e+01 1.243909825680452208e+01 9.764117516278984610e+00 1.324159989507142576e+01 7.923663247295568368e+00 6.950815197144746271e+00 2.299555522100800165e+00 4.351401620811993887e+00 -6.326957411232521089e+00 4.843266800789876925e+00 5.856071183967218374e+00 -7.312551163609644078e-01
0 1.684222788133623538e+01 -4.056281871031597319e+01 1.093546312847552926e+01 1.794919755516607296e+01 -4.191273010189732418e+00 3.063245878982609938e+01 3.327418083473590915e+00 -1.427562996972065434e+01 1.469966293089312970e+01 -2.020140408071776417e+00 -3.127202485621679573e-01 2.197191022528188142e+01 1.166729371287635653e+00
