0 1.316551312677328234e+01 -2.520749687112105519e+01 7.352463714678244777e+00 2.986284577402874785e+00 1.053226144206701775e+01 1.849808255632984455e+01 2.187201046986114505e+01 1.289660326609942942e+01 8.503369186573598526e+00 4.261406367763226122e+00 -2.043313874164094379e+00 -2.684133205508044462e+00 2.800331213745398617e+00
0 1.323917914567264198e+01 -2.783446986212030083e+01 3.237158860620237277e+00 -3.198663542943352756e+00 6.431109564693827885e+00 1.415386117057727589e+01 1.867208374931345105e+01 5.063707752287688102e+00 1.034614836210643674e+01 5.317533827706798277e+00 -9.489533049065100201e+00 -6.151990325162345563e+00 4.612261397042374256e+00
0 1.336644816325668828e+01 -2.504176266537907836e+01 -7.487114903994600112e+00 -8.866521346039389684e+00 1.432009503624719393e+01 2.259630197386425721e+01 1.173329261513631749e+01 -3.641603461862989999e+00 6.477798380241137632e-01 -1.518890984211680006e+01 -1.442052092494257742e+01 -3.150731214353070797e+00 8.174144008851652599e-01
0 1.317879562244528913e+01 -2.170230530608794339e+01 9.429166278923309719e+00 2.729413587617032899e+00 1.380091848213792005e+01 9.677099651961023952e+00 9.215909155196044367e+00 1.118275382584313071e+01 1.562219486921094003e+01 6.147128261460338194e+00 6.605412553027636413e+00 5.504500666593739489e+00 2.118807161058917365e-01
0 1.312648731400970981e+01 -2.475641231464711112e+01 1.175185973334228429e+01 5.421865742017587309e+00 7.052309458128600994e+00 7.254954481261595589e+00 1.040470886188716726e+01 5.488592894665587529e+00 3.277442807062799002e+00 -5.042953724411477268e+00 -8.227846290664505347e+00 -9.542113593710883634e+00 -3.250664380022144861e+00
0 1.311260017378401699e+01 -2.399166878430839489e+01 1.090331758582687982e+01 4.603969004595304781e+00 5.865081732122368940e+00 -1.201623884148607990e+00 6.405966982095457896e-01 -1.257358775103901705e+00 1.302939306286392629e+01 1.331876925665558264e+00 -8.880420380482417775e-01 -4.813889607201585208e-01 7.025380589696739619e+00
0 1.305104702740799816e+01 -2.671292359227969371e+01 6.298864264120118683e+00 3.626647373577084554e+00 1.709866226886646956e+01 1.541004102496367167e+01 1.396660893544406434e+01 7.962174697185355754e+00 1.245002924788971121e+01 5.793653841403147098e+00 6.371919487161659568e+00 1.397348247021701573e+00 5.399085284344834257e+00
0 1.303973222315645408e+01 -2.760122236431018550e+01 7.116281692298943362e+00 4.545964820311078292e+00 1.861722729991714331e+01 1.614400473128905134e+01 1.440283956600980453e+01 1.379883029414763485e+01 1.596432857495253010e+01 9.880593627612466179e+00 6.157393538495717245e+00 6.487062449066135272e+00 3.824756912712072854e+00
0 1.320505598618025722e+01 -2.808196603890753451e+01 7.366425958820084219e+00 1.706082438994559247e+00 1.037899241787657090e+01 1.594969310379347149e+01 1.786202351528639198e+01 7.803943546388124597e-01 6.261515598313684983e+00 1.928103096404314432e+00 9.503289321436891868e+00 4.754551522950283271e+00 -1.290962682283217644e+00
0 1.312841783498744164e+01 -2.294851879389925742e+01 1.161901876055062566e+01 1.685946528401611300e+00 7.391157056236476564e+00 1.208411621931732682e+01 7.761075622484701064e+00 -2.806578662088890397e+00 -4.102848260122296864e+00 -4.389095288944227846e+00 4.285866189900215062e+00 5.372001940352788552e+00 -6.228161707887001075e-01
0 1.307411840591131380e+01 -2.432243977013675007e+01 8.111569601045804490e+00 5.347471713841716046e+00 1.225312448676750599e+01 1.384853881357594574e+01 8.967751144773776772e+00 6.099290607326881108e+00 2.086848379809036658e+01 2.248966729892580840e+00 9.232785661981811387e+00 -7.757848544521011025e-01 1.738673897437648108e+00
0 1.316022750522160578e+01 -2.361772459510436661e+01 9.613427958231810067e+00 5.961359596381133663e+00 1.623990867685335715e+01 1.292256162075650927e+01 7.513890529971946286e+00 -2.092855674855517822e+00 8.601784894752297461e+00 6.531641177561716916e+00 2.827827805043725551e+00 2.738864936644539227e+00 1.919323795214556538e+00
0 1.325445916525561785e+01 -2.753628350508489575e+01 2.657937461493547815e+00 -1.504994104145906730e+00 3.484278880838410419e+00 6.351869683301075931e+00 9.009246925800271200e+00 3.445044141836425489e+00 5.909239621361999539e+00 -6.613412041531810281e+00 -8.690717015152104707e+00 -7.612210878894314803e+00 -6.486315797789147020e+00
0 1.310926228298589002e+01 -2.788521712611976966e+01 6.772116379432835842e+00 3.002493309873270455e+00 4.760635064855441634e+00 -2.297908838876941418e-01 4.147406057435299331e+00 3.737550410682109359e+00 3.670711395517058495e+00 -1.931910793965223805e+00 3.149737132405050488e+00 -4.364365791986845267e+00 -8.468288311434561066e+00
0 1.324364772308858740e+01 -2.900615527391163440e+01 7.067781767539143445e+00 4.351976926605117590e+00 1.114626148689592888e+01 1.596170601256309141e+01 1.995971873017330722e+01 1.736949457815883591e+01 1.435881563670044869e+01 1.027966700244024700e+01 1.871826289042133240e+01 4.428738715913581814e+00 -7.784533208879857114e+00
0 1.309352382924995517e+01 -2.434565958467312186e+01 1.021943174723547720e+01 6.079167850318511590e+00 1.134341200094924140e+01 1.202790851996570609e+01 1.479410270938934246e+01 9.673601954013474113e+00 1.944881266806304154e+01 1.413086669608579804e+01 1.096286224031962497e+01 8.573696048386601376e+00 9.193063472463613550e+00
0 1.299366052587731701e+01 -2.511541291679637666e+01 8.021793069380882102e+00 2.667551451361978021e+00 9.950342139161239885e+00 3.968664606675267326e+00 7.550172699041937996e+00 3.202747248513893474e+00 1.443164193115755722e+00 2.864021208316996248e+00 3.772136013186790926e+00 1.578712295423366108e+00 -6.256405290063280944e+00
0 1.315278259115944337e+01 -2.529761565570247939e+01 8.279618028058955304e+00 5.288667714848103607e+00 1.990035262641185909e+01 1.371151037688107444e+01 1.350907519982972183e+01 7.493828422925817634e+00 1.149376252394324815e+01 1.403833742775965021e+01 6.010892324819062438e+00 1.029415959445273110e+01 9.319777306225050850e+00
0 1.323000646526920043e+01 -2.146835619486245150e+01 8.983640220370977758e+00 1.185365570899127530e+00 1.144531060868901662e+01 9.425025120064383088e+00 8.880117092680116286e+00 -3.260159846017954166e+00 9.637257159343601387e+00 7.871177695661522478e+00 -3.745686177765380265e+00 -5.963837984227707834e-01 9.177433592865343215e+00
0 1.313880955382117399e+01 -2.336735215475003713e+01 1.017288057877203045e+01 5.723887164330241362e+00 1.380891687404097468e+01 1.917013083855366773e+01 1.762313834869954832e+01 5.343576731451257444e+00 1.936924959026802284e+00 5.574526150729708363e-01 -3.244681462295752716e+00 -7.349521185088045527e+00 -1.720268771411290754e+00
0 1.307947344447496718e+01 -2.341930430399866125e+01 1.164847449214243369e+01 4.617904756154704415e+00 1.259647450269393509e+01 1.217996237707408014e+01 5.414467310508957354e+00 9.699626714592419319e+00 1.086129907338583855e+01 -1.608040981397796942e+00 -1.624923496101071674e+00 -5.474185660863046365e+00 -3.273827434100631706e+00
0 1.309487591558432840e+01 -2.800896760519694695e+01 3.393059353196923311e+00 4.825354957652061572e-01 4.976870062677777540e+00 1.094060175708977134e+01 7.256449436588161994e+00 1.543472195343014608e+00 7.362981251166968555e+00 -9.639611242339165553e-01 -1.004462803520027592e+01 -1.270507527385856328e+01 -9.573324080472666253e+00
0 1.303493689336727357e+01 -2.676563140988450940e+01 5.531712700550547979e+00 3.374034020480886742e+00 1.437287170111439139e+01 1.497236754975228479e+01 1.372518420873841727e+01 1.175550733241012580e+01 1.456955753279343924e+01 5.929479293268120621e+00 1.825106146301586918e+01 9.910522081277271411e+00 5.231779672069454712e+00
0 1.310548702582591396e+01 -2.142449217634584002e+01 1.401573295248176088e+01 7.064595898659015383e+00 9.775886732260378409e+00 8.989175783795531061e+00 8.151517454102966909e+00 5.242645702347831005e+00 9.380754613504576511e+00 -5.774061501455657330e-01 9.390147729668305132e+00 6.759514215760162870e+00 2.696344268606859718e+00
0 1.322092740954872170e+01 -2.462019731328221894e+01 8.871283488699415187e+00 2.092438591715312768e+00 9.562655301912291961e+00 1.083332480988339697e+01 1.515830565810866304e+01 -1.055366096811571341e-01 -5.768629976987853070e+00 -1.251523023464424611e+01 -1.002714681620628490e+01 -2.767653960542617586e-01 1.711406998389866763e+00
0 1.322319767951009339e+01 -2.481386484644811574e+01 9.179603418351296895e+00 4.496695091493594809e+00 1.758270670867059238e+01 1.750239654700452263e+01 1.498639908176380686e+01 4.861643521192970496e+00 -6.350434138282033958e-01 2.072909886494141762e+00 6.315667271628398360e+00 8.311968195862689868e+00 -1.655236055983326349e+00
0 1.325617779229609638e+01 -2.330324733408581395e+01 1.208468732367633613e+01 4.000303943025274478e+00 1.232868162063712703e+01 9.517538661301053082e+00 1.017423564188440643e+01 3.500782945708715843e+00 4.469736835522348350e+00 1.457077173398658498e+00 1.181262644122931471e+00 7.509345750190946633e-01 1.364784774215479723e+00
0 1.298934457254942387e+01 -2.235558480097957101e+01 1.080153809646014196e+01 2.639957563801384133e+00 7.382461033065672140e+00 5.941420249358990269e+00 1.267747114751634108e+01 4.197931341594509647e+00 7.570205550273265693e+00 3.958552911376778116e+00 -2.256286138257600771e-01 -2.162380286329550927e+00 2.262020989260848935e+00
0 1.312127002802582787e+01 -2.420299869844446405e+01 1.027291173415336978e+01 5.147957264339138028e+00 1.359192900958774253e+01 1.350116588568770837e+01 1.333323580163836652e+01 3.124389826816487137e+00 1.611082364317150351e+01 5.037935539077592395e+00 5.303491633408202510e+00 5.904624000837220166e+00 6.608098728652471721e+00
0 1.314690122506991266e+01 -2.454713545563895138e+01 7.065757493435891767e+00 1.893707641887671933e+00 1.427809206757204663e+01 1.147667942041198863e+01 1.024945760041332754e+01 7.418607105071411745e+00 1.027639043465871183e+01 3.398131899617831686e-01 -2.520410052368017961e+00 1.099654978244096332e-01 -2.628716125053625952e+00
0 1.308634028493391810e+01 -2.333141859207256985e+01 1.026205786436376322e+01 2.226004983243571544e+00 1.235579772847199465e+01 1.387009131296165876e+01 1.660309800590944107e+01 1.450527055576721125e+01 1.470942819509712685e+01 4.245674842683443195e+00 -6.821924965653183293e-01 -3.858397287845579005e+00 3.658410529089982877e+00
0 1.315345047386459321e+01 -2.274905452380453141e+01 8.523928707889721679e+00 4.424728644625662177e+00 1.595619734259826572e+01 1.121496745258437144e+01 4.064107516691223942e+00 4.773808670068963034e-01 7.923490246521216029e+00 9.900084191800058164e+00 6.653665971697595438e+00 3.547676753796848104e+00 1.958698387796567575e+00
0 1.323035863456541605e+01 -2.296205466456431310e+01 6.658547035660483893e+00 3.093556700080006827e+00 1.846787158165122733e+01 1.465492266805661714e+01 8.535510536757405120e+00 7.889397792544760257e+00 1.136353708697131992e+01 3.181630054522160744e+00 4.046038067058478904e-01 -2.363511391057484090e+00 -2.152867306098812161e+00
0 1.318949455033658857e+01 -2.330699866022084521e+01 8.452307757165403501e+00 4.879615691416496759e+00 1.775785736765634582e+01 1.579635322521026630e+01 1.442588361398860108e+01 5.691351350339137305e+00 9.731308791550667081e+00 4.167537500136941020e+00 3.373103269835316276e+00 2.755440484251721500e+00 3.249873999743014163e+00
0 1.319161520536405519e+01 -2.624862044845018261e+01 1.313981530374410234e+00 8.375622966826089533e-01 1.969475005451559824e+01 2.092065640520179315e+01 1.417498498464007284e+01 1.011673474070587275e+01 1.659241585902027438e+01 5.118848700036784827e+00 1.333913604693671429e-01 -1.013206941907761616e+00 4.727399026670422444e+00
0 1.312067846687579831e+01 -2.281919623274221109e+01 1.174707890831419732e+01 8.771531091280413861e+00 1.363398560261640569e+01 1.567391342074811078e+01 1.554296026581220325e+01 3.218242915326289921e+00 -1.978516770523269130e+00 -1.063267155759175431e+01 2.334704412285311559e+00 1.009107110236410243e+01 -1.985886111857499525e+00
0 1.319128498332768018e+01 -2.392994175616087560e+01 8.935405794986371220e+00 7.550161710451802399e+00 1.382714684106791303e+01 1.163432529977918684e+01 -9.059404835788177346e-01 -9.343054735963471913e+00 3.777544906522233514e+00 -1.207922635019752278e+00 -1.703872448351915425e+00 4.749676991576952112e+00 8.740597875899251079e+00
0 1.411288321563302972e+01 -2.171273352630530340e+01 9.643801095000371637e-01 2.091555655626559940e+01 2.294083471473253155e+01 2.110616922037019449e+01 1.644653513485861085e+00 -2.073567759661591481e+01 1.312680180670291286e+01 2.162863412550305675e+00 -2.800622703454014228e+01 -1.311770858638800163e+01 -2.096522107022366654e+01
0 1.459055750736277801e+01 -1.879585732158368572e+01 2.312943819929871747e+00 2.756141481739231480e+01 2.332346566897268403e+01 1.348714535723760122e+01 -1.189211196812258997e+01 -2.590941495491830082e+01 1.845472605280290423e+01 -1.531868973963297131e+00 -2.166504372291317537e+01 -4.991912007608056534e+00 -1.572324077339535897e+01
0 1.553098945615762538e+01 -2.364564085703767660e+01 5.336064342422324192e-01 3.341888907430799804e+01 1.713685897931032187e+01 2.369190473130561614e+01 -8.744008461323913295e+00 -1.798316498942500985e+01 2.688594152091183531e+01 5.017517525336255169e+00 -1.921611642980627721e+01 -1.469562581422499736e+00 -1.295133541418406153e+01
0 1.610399186698196061e+01 -1.606971191547811273e+01 -4.842376892227076013e+00 2.845098682539948243e+01 2.258478362372890302e+01 2.216319335238219779e+01 -2.614133445962724167e+01 -2.951931131102961814e+01 1.699210875154747313e+01 -1.620024373098737769e+01 -3.244779028676551746e+01 -6.535578218459741073e-01 -1.915446294685116158e+01
0 1.602833721474387474e+01 -8.809297672077590846e+00 -8.591031903043379714e+00 2.674118267448826103e+01 2.320893648590024227e+01 5.534884485122197439e+00 -1.833068169437455452e+01 -1.945036540113601120e+01 9.516608554901086592e+00 -9.800756131864464038e+00 -2.783783472054256336e+01 4.590562496780651536e+00 -1.060975918124423245e+01
0 1.638410241177372484e+01 -6.724217377147898134e+00 -5.741400707944667836e+00 3.032657473364198708e+01 2.737769217547684519e+01 5.127110275420850627e+00 -2.791333307577305689e+01 -2.218356324313681327e+01 1.915970321912109497e+01 -1.245451654056460633e+01 -2.715943567595982699e+01 6.066945673420679697e+00 -4.734748143005877097e+00
0 1.644980936367187141e+01 -7.988857345366789708e+00 -5.042876436455165035e+00 3.139522592160823677e+01 2.563812456514611071e+01 1.668943233235838264e+01 -2.960188693389077130e+01 -3.143418162313448860e+01 1.849649562413850035e+01 -1.955609548513892193e+01 -3.616408550361955321e+01 4.674188768243326741e+00 -8.053862428297231091e+00
0 1.702084322830823382e+01 -4.808876286548654733e+00 -5.165211424415639740e+00 3.028650259611593398e+01 1.645181977616909208e+01 3.773945978155685221e+00 -2.820218083756640581e+01 -3.090423792100922995e+01 3.239814814246369679e+01 -1.520819395976796606e+01 -3.616281522248255698e+01 1.424135220354673237e+01 8.834252797393643553e-02
0 1.718566614781695989e+01 -7.448087001874962532e+00 -9.959987942819269691e+00 3.611479070359072097e+01 2.332630919135757708e+01 4.538999131266157505e+00 -2.371560279727944121e+01 -3.519021618495132486e+01 1.735411172261097335e+01 -2.242406364852019252e+01 -4.022184935440056819e+01 2.173130415780446967e+00 -7.038105077084367167e+00
0 1.749692672264150772e+01 -3.785951513115741740e+00 -1.214864672607057550e+01 3.385479902981959555e+01 2.268769677307588850e+01 2.127224997764271652e+00 -2.417310424539861202e+01 -2.293996801574924405e+01 2.349172272414489626e+01 -1.166434532370329258e+01 -2.469141769353033311e+01 1.182947778247566717e+01 -1.781786362336222451e+00
0 1.728825783551146955e+01 -6.057304220248062698e+00 -1.347401051406444594e+01 3.105889691841625577e+01 2.901472687877576817e+01 1.146537260815688875e+01 -2.035163793786987085e+01 -2.304731885954701553e+01 1.417871295315351254e+01 -1.459904759973085575e+01 -2.931812852083995935e+01 3.111000128724564107e+00 -1.568195232598641731e+01
0 1.734014000828523905e+01 -1.313583424147807710e+00 -1.276163669716664906e+01 1.901612496719391032e+01 2.455168570643373727e+01 8.732748244433517826e+00 -2.242728488080434346e+01 -2.337633281201414448e+01 2.046681124025147014e+01 -1.614956409201834475e+01 -2.482670505192285759e+01 1.188820915382713572e+01 -4.244608088686500302e+00
0 1.760511956464375416e+01 -3.448483482934947997e+00 -1.578565471127178554e+01 2.879004799324765429e+01 2.324815821871145971e+01 7.337753088667676948e+00 -1.712949676566307744e+01 -1.814532891208293819e+01 2.145990471413222167e+01 -2.530384240671404328e+01 -3.026140657295946568e+01 1.653925544977891793e+00 -1.147872536048525838e+01
0 1.748012112429763576e+01 -2.270399773183388259e+00 -1.335858819136516829e+01 2.623201309488645094e+01 1.839404556740703356e+01 -2.306593806621986265e-01 -2.253707425075240067e+01 -2.663701206310806313e+01 2.523280268546530536e+01 -2.338037847908440270e+01 -2.950948842284525497e+01 1.281014239554482081e+01 -4.676112323978131258e+00
0 1.734062304631848761e+01 -7.875077541556462890e+00 -8.937715358720193848e+00 3.634679669043941885e+01 2.852870526907837245e+01 9.429781459112478004e+00 -3.456709519376889972e+01 -4.425922774721637154e+01 2.613073130675381250e+01 -2.471429081258361649e+01 -3.941567896353862466e+01 6.238968946674793514e+00 -1.144703259819617003e+01
0 1.743242767512326452e+01 -3.998264805124244425e+00 -1.346793319897741092e+01 2.897968602220079859e+01 2.093548991479997312e+01 -8.932554108529663139e+00 -2.408683699523034960e+01 -2.489242071488384056e+01 1.793329440363863725e+01 -9.254476693324269476e+00 -3.377561192133205736e+01 9.013251646700227937e+00 5.303304755583346797e+00
0 1.733500464940793151e+01 -8.526833153172670876e+00 -1.193149306264506926e+01 3.273643269161541269e+01 2.188599669691310012e+01 2.827775528457161958e+00 -2.525704194577092920e+01 -4.518268958686632430e+01 1.293942283439437624e+01 -2.369907928072180070e+01 -5.064331224428196521e+01 6.330112085384660858e+00 -7.320619901076524272e+00
0 1.711129247257038344e+01 -6.914322109696224850e+00 -8.315618437888776526e+00 3.203703111752439270e+01 2.832286430739741689e+01 -2.799063770276394969e+00 -3.210870575127496096e+01 -2.761039336085226381e+01 2.352248136189799155e+01 -1.547815034190901962e+01 -2.619816229397566687e+01 1.478351588860100740e+01 -5.836273023255574621e+00
0 1.721865089931583626e+01 -5.852621669207153765e+00 -1.543508741561892172e+01 2.674080991952668640e+01 2.099711544454974543e+01 7.144147523402151201e+00 -1.773634491726242501e+01 -2.439964741126345871e+01 2.310527761547825421e+01 -3.045399525737086321e+01 -4.088712895640325939e+01 5.194862602252234285e-02 -1.656643137529283294e+01
0 1.715163358405292016e+01 -8.386081313299076356e+00 -1.247521855705912408e+01 3.051728752191035099e+01 2.968091874195314972e+01 3.854044084840686946e+00 -2.594231770691375871e+01 -2.350908139245904849e+01 1.851624643674217197e+01 -1.747823971773753726e+01 -3.294311721815822125e+01 1.109205459359229451e+01 -3.101334057768313723e+00
0 1.738230564560742408e+01 -8.314898038590161633e+00 -1.770947858323372515e+01 2.360185785519841772e+01 2.367286913092236489e+01 -6.816731440037160361e+00 -2.949743355613464146e+01 -3.244080429085998674e+01 9.418630896534846642e+00 -2.904574132318622404e+01 -5.130722569756871110e+01 -3.166830048490007155e+00 -2.123843281114903903e+01
0 1.706696694993693342e+01 -4.448783193715354578e+00 -1.302600226726990229e+01 2.426267694427128419e+01 3.126038836402819854e+01 1.566313275535767602e+00 -2.565338908060166645e+01 -1.855010542905901616e+01 1.961226965103233866e+01 -1.896939186971996705e+01 -2.716823025664976754e+01 1.164626094491353747e+01 -4.706972688571502417e+00
0 1.715524207454139116e+01 -9.031609339165619588e+00 -1.571789556711528846e+01 3.114423779899148670e+01 3.028456728344568916e+01 -3.683964550435158358e+00 -2.740468157593650744e+01 -2.863478804417078294e+01 1.363357164428036050e+01 -2.221075115301564296e+01 -3.939939317452636658e+01 -3.612790542352568579e+00 -1.214022569810486907e+01
0 1.707748712277481928e+01 -5.895579134123094533e+00 -1.518351927119826428e+01 2.011817309341006421e+01 1.815720914615917891e+01 -4.472682049059344966e-01 -1.838856954575381764e+01 -2.404485221504014802e+01 1.619719203359271731e+01 -2.186842410593106933e+01 -3.322657879370463263e+01 1.062191666751414587e+01 -4.676692906755824275e+00
0 1.699382364223539099e+01 -1.101136944253407712e+01 -1.071563173176000383e+01 3.999747627087139534e+01 2.984446347554417756e+01 4.551254897278941947e+00 -2.629824720584966258e+01 -3.717241057828908879e+01 2.751459154107144300e+01 -1.218196136370105620e+01 -3.953835544252662970e+01 2.456180599071576598e+00 -1.010014944943591786e+01
0 1.579281692767120582e+01 -7.640865252775852490e+00 -5.355471323776773929e+00 2.535021852152780397e+01 1.721572052549480247e+01 -4.958724335630368962e+00 -2.111286369438115784e+01 -2.349714201153022941e+01 1.360110172454264443e+01 -1.913085508244514088e+01 -3.703203367092421416e+01 7.515379337157492401e+00 -4.262362746294459548e+00
0 1.510542272512949680e+01 -9.338395553492468082e+00 1.571570493792495471e+00 3.047375697742617717e+01 2.588466329064997495e+01 8.682844405949078137e+00 -1.856437584268463326e+01 -2.758347159720807440e+01 2.219711580913896398e+01 -6.955272570534957843e+00 -3.016603789288068427e+01 -1.966949439220586626e+00 -1.257271323150540177e+01
0 1.466832626589660471e+01 -9.288351047862205334e+00 5.225432512744296432e+00 2.615152993100982570e+01 1.689106297488797281e+01 -7.381948395381983108e-01 -1.619486094272635412e+01 -2.800775242625433137e+01 1.266781602678138796e+01 -5.401784828160241858e+00 -3.327642417479630410e+01 -7.529668564986074841e+00 1.139407223263857238e+00
0 1.398773736130323719e+01 -1.245366674006652019e+01 1.343147225646825582e+01 2.758095268341977047e+01 3.345651276477727976e+01 1.517736514550046500e+01 -1.637626041521897946e+01 -2.200415304021321106e+01 4.447633107010520170e+00 -9.417658388834269090e+00 -1.605673028779267142e+01 -1.025401905306148720e+01 -7.964869138185971309e+00
0 1.353758690975995549e+01 -1.349898698877149528e+01 1.242304454390380819e+01 1.686284018239064153e+01 1.641267355557056362e+01 2.135232861458550069e+00 -1.067568308105632013e+01 -1.767594130213893067e+01 -1.321271999573143452e+00 -2.214013117533975716e+01 -1.874702251210354831e+01 -6.347072702487830398e+00 -3.269090936172387440e+00
0 1.343185974292944351e+01 -1.566621269951487783e+01 1.273306349846962249e+01 2.096468757309509101e+01 3.170780774062209773e+01 1.411411669053526907e+01 -1.258205791379860372e+01 -2.048172890104164878e+01 2.473164756139305531e+00 -1.074379957252339857e+01 -8.231236557395622100e+00 -1.855986967422001310e+00 -6.968158296538297769e+00
0 1.332553032401200355e+01 -1.681534222278502710e+01 7.575689944958050148e+00 1.161295196202423696e+01 2.891063586663605989e+01 1.878180169243647057e+01 7.971594244980219068e-01 -8.408039084946098640e+00 6.578842308449734944e+00 -5.382495810467213815e+00 -1.027594820115126950e+01 -1.067432742749679697e+01 -2.903065996111389602e+00
0 1.312289980158010394e+01 -2.190870946762202820e+01 8.456760224817248428e+00 1.015820828765449413e+01 1.576040663926571028e+01 8.891717698959666905e+00 7.234052865422635925e+00 6.111935726929272228e+00 1.766861941341732134e+01 4.510988017805608874e-02 -4.564075520892636462e+00 -4.181140809977697437e+00 -1.061658555448790686e+01
0 1.322797408090288052e+01 -2.136239817498561777e+01 1.155284588800467560e+01 6.881385980208395203e+00 1.362502827914077308e+01 1.272360675614935133e+01 5.879611603436672773e+00 2.291771973176917943e+00 1.060735026364769773e+01 -2.509831257662833437e+00 -1.222501589825727653e+00 -4.923937992918171247e+00 -6.923091249188957796e+00
0 1.312327682946196994e+01 -2.024359608399148769e+01 1.145083429908789441e+01 9.403849900232584602e+00 1.455355094703885577e+01 1.239615840641873135e+01 1.368676528248242086e+01 -5.448942438400325994e-01 1.403577758358704841e+01 9.322681843178399319e+00 -1.204107108037535845e+00 -1.302090261942536742e+01 -4.807521505626022318e+00
0 1.318801259159355332e+01 -2.188352168145320320e+01 1.105978236236684609e+01 9.080615350162096533e+00 1.783542438428661470e+01 1.461087809794750214e+01 6.043457322719495650e+00 1.431954199392414750e+00 1.038566990008544266e+01 -1.946298354333142688e+00 -1.023200878820765070e+01 -4.084286054140545907e+00 -6.079017150699448813e+00
0 1.314403805482102072e+01 -2.055444024732381791e+01 1.064570595971878930e+01 7.874092708591686751e+00 1.547280755761025439e+01 9.240869933152989546e+00 1.063664501082596026e+01 4.580629688334735938e+00 7.364139148257199174e+00 -7.118588202819825739e+00 -1.733256369697878885e+00 -5.289589882680484578e+00 1.356260909482039700e+00
0 1.309338238706456536e+01 -2.435125848346356747e+01 9.383706342157649871e+00 6.628862244124307246e+00 1.353532471949331750e+01 1.136761812150712103e+01 1.389623568891327743e+01 1.134614509598227095e+01 1.524689534415290026e+01 5.675620436171564975e+00 2.096906573748472891e+00 -9.661153984222184965e-01 -5.544329117585743427e-01
0 1.325637598305341314e+01 -2.363538649822392657e+01 7.768386679620744140e+00 3.651445880420324475e+00 7.391705745016506235e+00 2.528681835824380553e+00 4.566147334473193986e+00 -1.107816184460175268e+00 9.966006827317831496e-01 -3.821022745806034737e-01 -1.321201276774937705e+00 -5.149213456011537460e+00 -2.987679116795540324e+00
0 1.314257127433544525e+01 -2.261128822965358864e+01 8.850676829225383457e+00 2.451123136784295387e+00 1.019745701638075808e+01 1.308917147836941197e+01 1.994723389349439913e+01 1.372214812652327076e+01 1.412760480266007868e+01 6.867001269160820875e+00 5.642256232041231723e-01 -1.367019530066940769e+00 1.736568381353844170e+00
0 1.317928170541523869e+01 -2.833014813118383302e+01 8.265118530562126864e+00 6.534374836675277187e+00 1.670336654670274967e+01 1.482955287397780353e+01 1.074322284810288153e+01 -3.346175207541234542e+00 5.254060293477099464e+00 3.880782963869672919e+00 3.780491189229826077e+00 9.284187675777600290e+00 9.753483771173346639e+00
0 1.313065825882535975e+01 -2.522761485708667806e+01 9.291630806406205423e+00 7.673549151618068720e+00 1.143993777731676253e+01 1.229956614634533274e+01 1.183999311449481340e+01 9.196662597551146234e-01 6.957633187194692148e+00 4.575645500774808028e+00 7.501699964801346709e+00 5.729268829920950434e-01 -2.356173774491150397e+00
0 1.315967586093231212e+01 -2.520894100159777196e+01 1.099738253405996424e+01 5.752538291960890504e+00 1.125610316693965096e+01 6.064532041141537988e+00 3.720292303533165867e+00 8.319053898125448043e+00 1.292480889351930529e+01 7.947862307469683030e-01 -7.523259591172457128e+00 -1.618514184036180836e+01 -4.486842319143875102e+00
0 1.306091953868447497e+01 -2.481552079768255936e+01 7.796042946332773838e+00 2.810726824752738828e+00 1.001233492516208834e+01 1.014606529525539358e+01 1.418508600930768182e+01 9.546695987053329446e+00 1.111477542820744624e+01 2.955152988217260468e+00 -8.902293001904310055e-01 1.818824626286200896e+00 4.958822679125518995e+00
0 1.306826565743685364e+01 -2.325046817370613184e+01 9.749630866356751469e+00 1.113667382960296548e+00 2.416951020347217760e+00 7.594842880657311390e+00 6.764392765313471223e+00 3.472138236280958079e+00 9.590095380467870356e+00 6.180531988612038674e+00 2.655197384702308039e+00 4.127982623095843850e-01 1.042138136314790842e+01
0 1.308645355810749145e+01 -2.447663806824083821e+01 8.919644680900209011e+00 3.031477884745529927e+00 6.756882167566141462e+00 7.249176756072561290e+00 1.107777170649984022e+01 2.079663800549679475e+00 7.045862735030636870e+00 -2.902324301076074420e+00 -1.269427181328048604e-01 -6.139389918243686850e+00 -4.485555329093822152e-01
0 1.308999371255452715e+01 -2.246029638915444693e+01 9.832427606937370612e+00 4.419289050923599582e+00 6.704768282161168713e+00 -2.871240676014545468e+00 -3.768798637652019057e+00 -9.758557394024803600e+00 -4.439771806212849725e+00 -1.053934973602835079e+01 -1.178659757154373011e+01 -7.685391366832245552e+00 -2.797578903862763422e+00
0 1.322594241929279946e+01 -2.899782896623385398e+01 5.278787078316722337e-01 -7.051545877807402718e+00 1.138209689277865699e+00 3.608008717208062155e+00 -1.401245332936654542e+00 -1.227494033293809395e+01 -3.761796626162769996e+00 -1.669591716948854199e+01 -1.780065947710007990e+01 -1.235872741768461580e+01 -1.421540316590356845e+01
0 1.318610272429979169e+01 -2.173713489279711553e+01 2.774872093565329934e+00 -6.298171628950138157e+00 3.899903552820479735e+00 8.394660415953579147e+00 6.025446756577367502e+00 -4.989702372869765590e+00 1.275045240788068668e+01 1.627060380271603535e+01 1.995739898961893033e+01 1.948239869038885530e+01 9.188828129234359210e+00
0 1.334950973914208738e+01 -1.882192836067584096e+01 9.328584374149745173e+00 -2.204717965036494753e+00 5.381258993433749360e+00 1.061728607293396820e+01 1.396871759352628040e+01 2.329593392849280242e+00 8.097508501562423078e+00 1.984062265374297951e+01 2.416909547368008759e+01 6.715828061226641665e+00 -5.677235728652505031e+00
0 1.314513518882999499e+01 -2.325658118567543298e+01 8.162238564046354838e+00 -3.693799227549013242e+00 1.397314670817155768e+00 4.801843353991902319e+00 8.561257109368654028e+00 3.870391463263557430e+00 8.190712283496798918e+00 9.900860911549930421e+00 8.440989391797032226e+00 2.152461397185799097e+00 2.255471895183086772e+00
0 1.324040876506459696e+01 -2.151292511826034826e+01 1.032457864604647746e+01 6.387885873557715755e+00 1.059425257988833025e+01 1.016058402649644776e+01 7.198777183348385122e+00 1.172684163025661253e+00 4.551090431265591540e+00 -4.632744750314017779e+00 -2.295106254757852682e+00 -2.913503120380907530e-01 4.176239884035098271e+00
0 1.320171490238704592e+01 -2.498258008655744433e+01 1.250951618908646523e+01 5.347535592528655179e+00 1.015785613753583938e+01 8.937085311999853232e+00 8.059154049892166327e+00 4.417722052182061709e+00 9.566105457520642119e+00 -2.810673546162701708e+00 -2.370566149382138388e+00 -4.349108444893696301e+00 -7.056545248862421182e+00
0 1.314860545262073543e+01 -2.434430180683883904e+01 9.874815971827130667e+00 2.959688019201811571e+00 8.941498815221624596e+00 1.302976369352899688e+01 1.872708932183366315e+01 3.789103503798440631e+00 7.314649148962405256e+00 9.172004146957080550e+00 -2.423700688154859784e-01 -1.467251139923042658e+01 -1.122005935415503330e+01
0 1.317519563253962112e+01 -2.165480631135852008e+01 1.118156602136423317e+01 1.803917279484919423e+00 9.813471998238611604e+00 5.751861434865511491e+00 1.022698215154686707e+01 3.750460898828459122e+00 9.344402410591304831e-01 -3.549556244520546411e-01 4.050673260935870879e+00 5.610066191748470210e+00 6.379915007550600592e+00
0 1.315767757051543008e+01 -2.437300472232503523e+01 8.103409709866353339e+00 3.173074684310784654e+00 1.107399378073116303e+01 1.022995344375470239e+01 1.237019449356210465e+01 5.589107792457935986e+00 1.406025852338249216e+01 8.689559805228796563e+00 -1.019149645191545606e+00 -2.672020665725221455e+00 4.073336943098725627e+00
0 1.315942700997888259e+01 -2.672189810663898513e+01 7.404461073592262466e+00 3.306853202437287198e+00 8.455539413376538249e+00 9.517584176417031472e+00 1.445515831802222806e+01 6.898047146837089194e+00 -1.132205109737496329e+00 -7.262278628111560330e+00 -1.622582463150863319e+01 -1.487140282207647068e+01 -2.235283267389287065e+00
0 1.323747760855267153e+01 -2.270251413811124408e+01 1.335968356097507126e+01 9.199889299039819335e+00 1.124052261110250939e+01 1.210440392037417823e+01 1.586964584137808032e+01 8.425217995551149031e+00 1.027959636405687682e+01 2.814674391756990968e+00 8.325061876258770255e+00 2.915057865564516959e+00 5.208715612468143519e+00
0 1.312492204722015998e+01 -2.369717108580374898e+01 5.182401492603417203e+00 5.180031260022975870e-01 9.414956359557923093e+00 1.293848623900129091e+01 1.126882388844413896e+01 7.408702834398623871e+00 2.057001303384748070e+01 1.456326876729463038e+00 -9.650411599090372050e+00 -1.522493867981266291e+01 1.873148959104248501e+00
0 1.316441408462262075e+01 -2.155713067837265839e+01 1.165903229205075675e+01 7.980122312120909278e+00 1.380065571114365852e+01 1.185077369072428688e+01 1.490198037357309779e+01 7.065035617520744715e+00 1.457381037361710696e+01 5.306923461127284192e+00 1.006409047081380237e+01 4.867685252796340123e+00 3.684607695909776659e+00
0 1.315214116619941009e+01 -2.271861362494033898e+01 1.443877526153587176e+01 9.125848550676129989e+00 1.672922892564640662e+01 1.107443376672122604e+01 9.839705862609644527e+00 5.127050171666649829e-03 1.242938283637777275e+01 9.229978654221435264e+00 -1.257728505207613257e+00 -1.780321338145030197e+01 -9.193421778563394042e+00
0 1.315178646389336947e+01 -2.273527121122189953e+01 1.357661326444503480e+01 6.886103726480329534e+00 9.192938566678016343e+00 -7.896248096821666396e-01 2.998615130095412695e+00 1.957061105430176084e+00 -2.523337496052261208e+00 -1.067655968519708587e+01 -5.285066961920964701e+00 -6.986581953130183820e+00 5.577262329865749990e+00
0 1.311278175742659080e+01 -2.381537308717869905e+01 8.178239743571367626e+00 5.278177026352915746e+00 1.347964522483760241e+01 1.214659533712352690e+01 1.377511046158815589e+01 3.991014140508421182e+00 8.156006755447435808e+00 -1.311800824693964751e+00 -9.250708397608375932e+00 -3.776077002871912391e+00 1.678039405683657170e+00
0 1.312341692807057569e+01 -2.603458003960240674e+01 6.472567809661538440e+00 1.858406541606831608e+00 7.563771879411689270e+00 4.127946656240834677e+00 1.274532686722809416e+01 6.690660245195322098e+00 1.013013696976558720e+01 4.061067339173511037e+00 2.247707629186973755e+00 3.809830078324080826e+00 1.566844429579456355e+00
0 1.313356545241532913e+01 -2.523129461551633312e+01 6.550020173735114248e+00 7.834348663524798306e-01 4.978404118140254297e+00 9.534142536789008915e+00 1.964665555730676516e+01 1.093982931003382753e+01 2.222666058527072863e+01 1.604215839304388425e+01 1.460822000735447723e+01 8.682793821526994194e+00 1.744859110530661539e+01
0 1.323212566265834234e+01 -2.226777677006000289e+01 1.186284307992686315e+01 5.971510554334648724e+00 1.144950615336713007e+01 1.556099795769984873e+01 1.282346723874069028e+01 7.112780825219152447e+00 5.001764953546526726e+00 -8.929103211137916496e-01 1.367238116638389345e+00 -2.250595497800840783e-01 5.365209447862654635e+00
0 1.312879397969164685e+01 -2.249302403427877550e+01 9.149709527000078779e+00 5.461405469110450994e+00 1.443550823519075443e+01 9.882204653475769263e+00 9.084055687155991876e+00 2.482194534002938546e+00 4.563795673275342857e+00 -3.900651908810538249e+00 -6.714586388219496271e+00 -8.796300285080782544e+00 2.017877228320906990e+00
0 1.319759283272552253e+01 -2.312101696309112597e+01 9.186340801088311636e+00 2.207691026530304690e+00 1.210587815796417921e+01 1.280579257812761895e+01 2.081705808016714343e+01 9.536121679678890573e+00 9.866511943042780786e+00 6.170684999351013111e+00 3.041165482981698087e-01 1.125162891726158243e+00 9.130754176804209976e+00
0 1.329207374261504526e+01 -2.835489401758267647e+01 4.626812626518177041e+00 -2.067310740768699251e+00 6.070951624721979023e+00 2.779791728328094180e+00 1.233070087526411207e+01 9.559969528603012634e+00 2.388508983052405199e+01 2.277894271814056637e+01 1.487807121377854713e+01 1.059079543086069286e+01 1.142291739820301544e+01
0 1.309822834783526702e+01 -2.364505391550366298e+01 1.126261212327367289e+01 8.839871767094480859e+00 1.351098731071275694e+01 6.168965607308977361e+00 9.584431060679721170e+00 1.877961438258238358e+00 1.154746972728692711e+01 1.336321399888874240e+01 8.686425124943024656e+00 -5.170980220125422910e-01 6.457477869032449469e+00
0 1.323105458225007425e+01 -2.702721861462350361e+01 6.412046559062877016e+00 4.611087734330902244e+00 1.329949487373960970e+01 7.398942140568379955e+00 1.553621587119129188e+01 8.881256309547659100e+00 9.010476486226457027e+00 1.099531666188709700e+01 8.771770706094390135e+00 1.086565879136923485e+01 9.651702475660886904e+00
0 1.315198637585322849e+01 -2.615085196278807445e+01 5.753185150021052685e+00 1.235772223196229147e+00 5.646695902613462437e+00 1.545206901574328828e+00 7.455292844503035532e+00 2.985754850490360379e+00 6.248250248981527477e+00 2.309295514058785415e+00 1.587388370896707812e+00 -7.397395889265683255e-01 -6.665168030683054079e-01
0 1.309006952989752293e+01 -2.624707420473735198e+01 5.252461373440652004e+00 4.055688337493726259e+00 1.209131283791661460e+01 8.825446975082684276e+00 1.719964247711299166e+01 1.672967204923237716e+01 2.358478382238437021e+01 1.147868063646332359e+01 1.718522131942792441e+01 1.911345487132192389e+01 5.022031899232097807e+00
0 1.307955326539080332e+01 -2.506255449588197948e+01 8.252582745293791433e+00 4.783719191466139442e+00 1.163972213346425910e+01 1.333123206162305685e+01 7.189349096617142720e+00 2.745628836580199295e+00 1.039605841964145938e+01 2.827225823940120453e-01 -1.557561113826578358e+00 4.410140684613728546e+00 8.597976324450515406e+00
0 1.293029583877834376e+01 -2.299495386904381178e+01 1.014119919959241933e+01 8.088045459424048289e+00 1.224562709316707299e+01 1.105370099091942038e+01 9.299868817741527849e+00 1.901515492482713121e+00 7.497193814407188128e+00 7.472380723992345430e+00 3.646264150379881830e+00 5.392583578781717790e+00 5.533419958851349740e+00
0 1.306177796251118650e+01 -2.782887802768621199e+01 8.858040424200998686e+00 7.980107207668691416e+00 1.257801759108438411e+01 1.463513598113790692e+01 1.770888022319623900e+01 1.289799512208115395e+01 7.608601336487903488e+00 5.458705116582657446e+00 6.085194435115768741e+00 1.943220851921075187e+00 3.385406639860978117e+00
0 1.313227337921718885e+01 -2.306587455832553601e+01 2.181934339316395022e+00 1.811809885215662497e-01 1.641316453833945488e+01 1.193544625273435145e+01 6.175101247671097582e+00 1.548209871293904971e+00 1.483752962776550177e+01 1.171553330603374476e+01 4.594381562439314060e+00 -1.731425442856549868e+00 2.066992705955154719e+00
0 1.319526921422970567e+01 -2.858693989511911937e+01 4.460482127149187903e+00 6.403600232134029069e-01 1.235100429366387509e+01 1.698055326856758640e+01 1.706967394486020950e+01 1.862772528972383768e+01 2.411040516448250060e+01 2.019111456596772314e+01 1.473061644832642614e+01 6.270070995075922582e+00 8.313107212249841282e+00
0 1.312460848935997149e+01 -3.050574496897661803e+01 3.977335990368527696e+00 -7.223326685756450982e-02 7.175503264756184052e+00 3.589204883909606458e+00 8.683269465313237845e+00 1.193174274327482287e+01 1.802711633677553493e+01 1.150669225182205224e+01 9.081748538779752522e+00 3.639573639143742767e+00 7.989468920073906411e+00
0 1.316804927320031915e+01 -2.268649731047971230e+01 1.156530545524947939e+01 3.078087576293052408e+00 7.087511940058003113e+00 2.097513188279337637e+00 5.302748347708015508e+00 -8.671225225312669815e-01 9.389761560019172393e+00 5.144350638752716698e+00 7.250882493797275785e+00 9.986253090041875780e+00 1.664675648159299826e+01
0 1.312203352481558483e+01 -2.206097269835158414e+01 1.034207656067453662e+01 8.819090399252198509e+00 1.114320813392669152e+01 8.565197312060298884e+00 1.371948394422509487e+01 3.447056953183677219e+00 1.081867705897633236e+01 1.096972981543260062e+00 5.475763833001040304e+00 7.667928086913756935e+00 7.334501355241422438e+00
0 1.313927172801571430e+01 -3.121895882476901818e+01 5.176520620244692283e-01 -7.765936046303345996e+00 -3.239730183259819540e+00 -2.071897155088028519e+00 -5.467443553711726079e-02 -8.445547171277080878e+00 4.405947145841111023e+00 5.191699698719617118e+00 1.363647494221840795e+01 1.730477925314819032e+01 2.851122326012934849e+01
0 1.310774061842136007e+01 -2.459742216289950179e+01 8.445112177856319846e+00 3.980779961258120281e+00 1.563079284707629135e+01 1.437407150190963634e+01 1.516677394147268210e+01 5.665485778530094940e+00 5.574091257232383967e+00 -6.630845196922104279e+00 -1.464230925422582930e+00 2.815561640696214063e+00 9.046430737552489276e+00
0 1.317169462747585484e+01 -2.530222705906101410e+01 9.805591655059382461e+00 3.819615278410780412e+00 1.309195480138682299e+01 1.235560737125516972e+01 1.232581604329895875e+01 6.888318364971089736e+00 1.424086840437457013e+01 8.883888837931852578e+00 8.813422061136924057e+00 1.894326341844690287e+00 1.358200154526923775e+00
0 1.306182480629138354e+01 -2.232421860863293617e+01 1.091901721964701011e+01 7.828922305574209872e+00 1.204160379283158910e+01 9.937701549753533925e+00 8.469380679802778644e+00 4.687937793208146964e+00 1.137013099052689391e+01 -2.861281944971126201e+00 3.000190641631713895e+00 7.629913167622026648e+00 7.677064047106426870e+00
0 1.318464282830390566e+01 -2.794648551480902299e+01 6.185418580111881504e+00 4.427528480142074230e+00 1.012508703821218248e+01 8.829793900817856311e+00 8.478933622352506916e+00 5.338491937234372209e+00 1.188315336592807903e+01 1.001370182038542289e+01 1.604942834182940103e+01 7.417198252840256245e+00 8.032978198125971803e-01
0 1.307345187114906437e+01 -2.697716637855945265e+01 5.971555629163487922e+00 3.913688628794320667e+00 1.176075734642450676e+01 1.403218923099586846e+01 1.311362341857309488e+01 4.532842039058230910e+00 1.071282927194483570e+01 6.545251772869023377e+00 1.035795172752944815e+01 3.817428288632188860e+00 1.486586300649349823e+00
0 1.313278662955190157e+01 -2.436905658704702304e+01 7.948188126712650181e+00 4.901638255375729614e+00 1.259998980276271041e+01 1.367728067116753188e+01 1.428274289840741496e+01 9.642855478625889987e+00 1.569008148329581509e+01 9.805982639916001276e+00 1.097497745012711512e+01 4.962116109306956346e+00 4.776399791377990312e+00
0 1.329500867667769270e+01 -2.618045274088635210e+01 1.195853942675207549e+01 9.056557299083392465e+00 1.370356646917870336e+01 5.460005284046594909e+00 1.660672905694213242e+01 1.432642054765492112e+01 1.010434337871592803e+01 -3.832353184215880670e+00 -2.755340455357941476e+00 -4.618521116579374919e+00 -2.263126209120346122e+00
0 1.322241878574897100e+01 -2.216513079379190643e+01 1.132235618922972797e+01 5.139018229676144855e+00 1.538335177774332685e+01 7.858230277881767201e+00 6.673962995420273714e+00 6.711093478364674958e+00 1.408056452897196387e+01 1.371764507090061436e+01 1.436964024105593429e+00 -7.851493228646756251e+00 -6.256933657145249406e+00
0 1.328496480739769225e+01 -2.261486791186477774e+01 1.109357949180615677e+01 7.078797490119634439e+00 1.503243281253223884e+01 1.396245953243238702e+01 1.589605645405620926e+01 7.464781729492004914e+00 7.635944925123534510e+00 6.098716622780036012e+00 1.663793777686758446e+01 6.326127419989004963e+00 4.397246967764613657e-01
0 1.307058914297329189e+01 -2.249837266168485073e+01 1.149397553010277306e+01 5.858614727451825210e+00 1.203739494418626244e+01 6.974247049447681590e+00 5.362969384886509872e+00 -5.576790063811140286e+00 5.109143476981594212e+00 2.280001645179861036e+00 1.956682158212115497e-02 -2.316898741416058893e+00 3.880781591789001173e+00
0 1.312423135130580754e+01 -2.528536580132246669e+01 9.290377472952020099e+00 3.827158085571759738e+00 1.420056819221721156e+01 1.542910799490041818e+01 2.573775284627427595e+01 2.006632559763923851e+01 8.909154619281938636e+00 -7.725185391906945753e+00 -4.785375892157432531e+00 -2.647828026862384831e+00 -4.237448862661127968e+00
0 1.294618347870886765e+01 -2.281653947855176057e+01 1.045240230441376461e+01 4.049199670381191218e+00 6.858613752272362696e+00 7.071016673654816564e+00 3.659600621845501056e+00 -6.861337128489775061e-01 5.303748702178292973e+00 -5.992214580201359553e+00 -2.060266361856277317e+00 -3.561371146389244124e+00 -3.295248603621158345e+00
0 1.304650380203941751e+01 -2.119642309462569685e+01 7.218048408528354720e+00 7.313975046175078987e+00 2.106852647379236743e+01 2.015796317188198117e+01 1.305860607257831063e+01 -5.150212798514781198e+00 -1.108739943270646622e+00 -4.410124909766340195e+00 -2.427176491497492261e+00 -5.504091448584015112e+00 2.258986643538019479e+00
0 1.306607026706521602e+01 -2.502950811501414208e+01 1.013046719844263777e+01 9.279794184200330420e+00 1.027440476653016432e+01 1.284431147964294873e+01 1.154061528290445793e+01 3.717989066587249702e+00 4.833380940779743895e+00 -2.308494674789195233e+00 -2.252436479208044240e+00 -7.945989466516495625e+00 -1.948233302162576619e+00
0 1.683107566289362467e+01 -3.818884166197798180e+01 2.286661711791458718e+00 8.394095121102415291e+00 -7.516064139674562661e+00 2.764547811650939124e+01 9.285353481773938711e+00 -6.678704329049208077e+00 7.892764904454224961e+00 9.835121279132074790e+00 1.605891128309273608e+00 2.449159052931159408e+01 9.860910523972416186e+00
0 1.461208392187258021e+01 -2.848750728525481080e+01 1.085116531637725501e+01 1.205420362311043192e+01 -6.112957313304476337e+00 2.434260815435836278e+01 1.658340290612428447e+01 4.402590647196954698e+00 5.704573596343340824e+00 -4.527880830999736261e+00 5.203132014688558016e+00 1.526713860711387127e+01 1.336310732483462971e+01
0 1.395911563042944259e+01 -2.881860915762945652e+01 9.420208516686789935e+00 1.147845152065370833e+01 7.400796144100951324e+00 2.063601989165517736e+01 9.787383489160601968e+00 5.615040125962793560e-01 -9.641275356135240449e-01 2.974990535399783198e+00 7.094998688866541059e+00 1.498691034061019067e+01 1.020602926698213331e+01
0 1.374350004284210947e+01 -3.158430581423206007e+01 7.034191845899605333e+00 7.701474339842679484e+00 7.816008019839205012e+00 2.296867389663613324e+01 1.600423553211410166e+01 6.486259979535817344e+00 7.552984120214501829e+00 1.479881012513814209e+00 6.907180765001481149e+00 -9.857387487181537011e-01 -2.932708701094604908e+00
0 1.336810936915498615e+01 -2.538316112215983011e+01 7.661872844148782669e+00 5.604082081706725837e+00 1.109788054297123416e+01 2.055783453090880286e+01 2.063787186011492381e+01 8.324375850222924811e+00 1.169554138868420523e+01 3.700589700209337085e+00 -4.271286180569490831e+00 4.162958846947161895e+00 3.539121932505276291e+00
0 1.319218763557191032e+01 -2.398957928553611296e+01 6.861191746276007919e+00 -1.053933181751797177e+00 1.346156744563629992e+00 -2.343653122062347993e-01 -2.595959664696934954e+00 -1.254078082771812497e+01 -6.715817937439578778e+00 -1.217700397238262688e+01 -2.148491632382825500e+01 -1.264189893082615868e+01 -4.466936254730634381e+00
0 1.317543286829517690e+01 -2.389848779704537662e+01 7.823682642386205366e+00 3.075408301894049679e+00 8.607054361998420333e+00 7.968238792639275481e+00 1.087653785249349347e+01 6.728313335526133976e+00 8.925843040074846968e+00 -5.482960554438491840e-01 -5.690523985172569965e+00 -7.749767642245272370e+00 -3.370816935249135060e+00
0 1.318280997204913163e+01 -2.776531308536189613e+01 5.458889232789538859e+00 3.331053180684938830e+00 1.264723755153111284e+01 8.000363054192753509e+00 1.054663246539314869e+01 1.372743159267205648e+01 1.241762102004957669e+01 4.189817472425604317e-01 -1.819828266939623074e+00 -1.024924181208522000e+01 -3.704199872703084928e+00
0 1.308966418580481594e+01 -2.380016902631241749e+01 9.643400298544641203e+00 4.330219364535711435e+00 8.988453350658209828e+00 6.838520282825164998e+00 9.041849443255784990e+00 3.865764984641781865e+00 4.494209876151042948e-01 3.518145382621835182e+00 7.131403451356227441e-01 -8.233299765631677758e+00 -5.500570247659209322e+00
0 1.311061873242859122e+01 -2.528032436427775664e+01 1.113760783899288676e+01 8.019820772188404945e+00 1.075189240625949161e+01 1.245211895528234969e+01 1.485914188593137375e+01 5.444491155158114104e+00 1.188397695638660423e+01 1.470327629808788927e+01 1.243770248402951495e+01 2.769188349817699013e+00 5.083637488435686969e+00
