0 1.330700945017067305e+01 -1.757198883834304937e+01 1.193139402400357163e+01 6.313167712856566638e-01 4.497712211214775380e+00 8.040797422488006774e+00 1.028770044359631264e+01 2.532961411220876258e+00 3.538215155807047374e+00 5.688857867086404285e-01 4.313634292049220442e-01 -1.524959972347465387e+00 3.025810757263393658e+00
0 1.311792782286123327e+01 -2.604705748593998749e+01 1.002570541157418127e+01 1.001285012873489499e+01 1.471172302102260510e+01 1.401933320531931670e+01 1.779418800252330257e+01 9.519301389584690298e+00 7.969554920362800665e+00 7.520817753100068614e+00 8.813701194933846850e+00 4.889286699973689920e+00 5.695346105765129785e+00
0 1.306724576359449230e+01 -2.432960416365568790e+01 9.939953995891885441e+00 5.439851534454449578e+00 1.254585980533890677e+01 1.377702248879697855e+01 2.071305343621889605e+01 6.463250326320798322e+00 1.040894500731138450e+01 7.439045868513509241e+00 1.084275997748376597e+01 1.429909039264702209e+01 1.018240119228020646e+01
0 1.299491638099383550e+01 -2.438283831838279170e+01 5.281813359568004351e+00 2.263304500358221394e-01 1.047834698363863914e+01 1.363376636367348738e+01 1.020259454776067720e+01 -1.706254019556000978e+00 2.508205055903043768e+00 -7.642148365871562765e-01 5.275757192754441327e+00 1.079043508781604288e+01 7.450589224590423498e+00
0 1.318101452695840159e+01 -2.744801592007335955e+01 1.583232141413253302e+00 -3.054860073069217474e+00 7.741358165818573944e+00 8.535597625604788519e+00 1.626679636426185382e+01 7.572150458493999814e+00 3.089409271221944309e+00 4.828720513968717043e+00 2.769819925420860862e+00 -7.189018089447176685e-01 3.524102085404770546e-01
0 1.314337380564824365e+01 -2.676614385516345962e+01 9.371684291986213111e+00 2.103455580696126592e+00 4.098458010215273895e+00 -3.591544246971667409e-01 1.516717135289669294e+01 1.255466094103131347e+01 1.299537652313936853e+01 4.597833894407908240e+00 5.350804618582916561e+00 5.006479624488248348e+00 1.131275151195990231e-01
0 1.313163022757541931e+01 -2.530212167083586650e+01 9.096452289701346672e+00 3.545595964319034454e+00 5.717482777098181757e+00 9.280284254908441000e+00 2.126854624551022255e+01 1.617161401506978535e+01 1.649715705949377664e+01 9.180735818645777258e+00 1.129807566283553122e+01 3.286020259929983034e+00 2.036133919063221942e+00
0 1.312102165042236734e+01 -2.517202496139879742e+01 7.447835213651174513e+00 1.204934062701524811e+00 8.685522506265771270e+00 1.533910197100373018e+01 1.955818066877398920e+01 1.860780231807090956e+01 1.906439628361736638e+01 1.354372485105079704e+01 9.395307601007415244e+00 8.646639528315402945e-01 -8.502386309947961296e-01
0 1.315213115265930988e+01 -2.558366120839296087e+01 6.110569392860049298e+00 -1.114779235129956941e-01 3.618421752620712084e+00 2.264258093815122663e+00 1.386211049331189749e+01 3.771146849737635698e+00 9.303553507353337082e+00 8.521534615235492049e-01 8.033796355135866207e+00 1.057360191393567206e+01 8.848215499276520291e+00
0 1.315164288683241445e+01 -2.424614366526354203e+01 1.166954485302471234e+01 3.697155497284253300e+00 1.131112429981357614e+01 1.030957979528818491e+01 1.844684755365122442e+01 7.853075588497076431e+00 1.675826869501196015e+01 1.038384246282280188e+01 8.077758377065142881e+00 8.787426267276131853e+00 6.547285307884407324e+00
0 1.305498407780125802e+01 -2.595966408813380255e+01 8.971617612027428024e+00 3.311965891728986922e+00 8.412226682536505962e+00 7.854331872305100326e+00 5.812403065186324547e+00 1.138701827213183115e+01 1.971868215606134456e+01 1.123200339064985620e+01 1.453882992112369088e+01 9.690376060970182337e+00 3.727703126855532290e+00
0 1.321359639686419207e+01 -2.760168462347494511e+01 9.305674748719967582e+00 9.737209269374542231e+00 1.848221271302198332e+01 1.482008981192963581e+01 1.112740111149092037e+01 4.891907739570402036e+00 1.231504607322892575e+01 1.751391222624866018e+01 1.644050592888492091e+01 4.184938718409632052e+00 6.847500549515648238e-01
0 1.308458223105439444e+01 -2.535102038066646202e+01 7.925115140706206596e+00 2.735961008979624243e+00 1.123527468739672486e+01 1.146686568045195642e+01 9.208435625699776139e+00 2.631040060664399660e-01 3.954179538404978711e+00 -2.616206858884270403e+00 -4.862119841168063061e+00 3.378059680948306998e+00 2.670545227912534347e+00
0 1.306206338585953652e+01 -2.431420738464993292e+01 7.821912388462275878e+00 1.295990082562341605e+00 7.458473737449806684e+00 4.783465774281972394e+00 1.615024869793936091e+01 1.185707185952352383e+01 1.553775313235802180e+01 5.964375714366533465e+00 8.678060734854501135e+00 4.765196057081690029e+00 2.919616726949354923e+00
0 1.317868207897940813e+01 -2.483485754036090043e+01 8.160572691320194139e+00 5.616373333847121785e+00 7.077654928419627289e+00 6.823091457405695337e+00 1.465024994392223157e+01 4.425683229165618293e+00 1.317139326928722554e+01 1.164444692427783323e+01 6.201232979600026951e+00 -8.519754832148398460e-01 -1.299666824960728495e-01
0 1.319368764473931854e+01 -2.374593887732613240e+01 7.792766698748574861e+00 3.013635695983481355e+00 1.186993345573571013e+01 9.309202330860767205e+00 1.205640416702397033e+01 1.248555965886911423e+01 1.758844320531727234e+01 1.130919250510782881e+01 1.258070220710055942e+01 1.304243308260923584e+01 9.447288501523694038e+00
0 1.309415507784312993e+01 -2.513817338661879930e+01 4.659586635308768265e+00 -3.276792844749134126e+00 6.198421794214604041e+00 8.371549997108330032e+00 7.337996416356371121e+00 5.854072217366421249e+00 2.103848613858013650e+01 1.827719632411860218e+01 1.399206748173517489e+01 1.280686939389851453e+01 1.274460876924916342e+01
0 1.315617675992792535e+01 -2.249169355457012287e+01 1.407823918726064072e+01 8.803133364078901124e+00 1.479111155599900940e+01 1.619253015235645066e+01 1.504083382132411373e+01 4.481097234280885244e-01 7.996202630353968388e+00 5.831933291472914505e+00 4.644085171685992997e+00 5.184516227591042803e-01 -6.393004926817105193e+00
0 1.300013752844161097e+01 -2.245139550912150739e+01 1.020318179697796168e+01 3.500314124724391185e+00 1.190046472409679090e+01 1.826840202672493163e+01 1.946534874735531062e+01 5.555146795242401403e+00 4.464362793290902687e+00 -1.403981511256250148e+00 -2.244489844014892821e+00 -4.464349474118719741e+00 5.623545034805914611e+00
0 1.304842301911944524e+01 -2.321789560891390636e+01 1.016045508940760733e+01 2.949269712587739622e+00 1.192102152689962580e+01 5.421273406654012916e+00 1.626259678901431371e+01 7.341217720044849848e+00 7.725521164139278696e+00 6.772584711806226565e+00 1.100130276081094216e+01 7.386194688580740575e+00 8.079709591151669201e+00
0 1.298744108978456779e+01 -2.595713369768945356e+01 4.044405911860169844e+00 -3.397479322981210803e+00 -1.333030793282550697e+00 4.184564049370629313e+00 1.304282386998829857e+01 5.990494705435179590e+00 1.855360318336295933e+01 2.298718840037019007e+01 1.788578041184478806e+01 1.024147861759375111e+01 4.417867420329205430e+00
0 1.313966338150694568e+01 -2.067899081503816205e+01 7.029288775506176812e+00 -4.365973647218613252e+00 4.767425709397093314e+00 8.690278113213832256e+00 1.534599369386506496e+01 1.040594140945158053e+01 1.603054377002268538e+01 2.297487912906844443e+01 1.993113542281175299e+01 5.609531044000515720e+00 3.631589671603007385e+00
0 1.314863823199829085e+01 -2.089701884402260745e+01 1.009996823418144452e+01 -4.699625098798752565e-01 3.551980484002072114e+00 4.619125553409195284e+00 1.050578646619583090e+01 1.128322411853278240e+01 1.414949512812945720e+01 1.304804370322902329e+01 1.181474129786801441e+01 -3.105623135652770372e+00 -6.735202206630556132e-01
0 1.310176851743531756e+01 -2.337019329169651627e+01 1.394468496196475016e+01 8.643049007714779464e+00 1.876393512719742063e+01 1.273306830912142118e+01 8.969790452305279160e+00 5.878551640212914542e+00 1.202203321497560751e+01 8.851081393161999600e+00 7.188540284887981358e+00 -1.513494370327813421e+00 -6.716919902561147016e-01
0 1.314583787955252170e+01 -2.221129756477653672e+01 9.798290582836514773e+00 1.422151661965659120e+00 6.417047713372540763e+00 1.349249574931183560e+01 1.725000827687997429e+01 6.670250892619305816e+00 8.454468780281315432e+00 1.185371379518437740e+00 5.927669572994396674e+00 3.028744489365776005e+00 6.074522017829614207e+00
0 1.318071248653971139e+01 -2.388200225270807309e+01 1.054161876833705591e+01 5.367822393276585835e+00 1.024073494180950661e+01 1.193197778285513344e+01 1.631537099533506208e+01 9.856935698745679986e+00 1.026147248610775264e+01 2.225164696793254127e+00 7.562996492755455158e+00 -1.626024538100150352e-01 -5.810998394219639707e+00
0 1.319641142310102921e+01 -2.086702149391399530e+01 1.386936358027968907e+01 5.544754547784638277e+00 7.875113581544181507e+00 4.187223299118308262e+00 6.595970284954779217e+00 4.600394612272392436e+00 7.854753781496107479e+00 3.398602552080001171e+00 3.251051851266142823e+00 -4.368035929070353873e+00 -3.885163169062564759e+00
0 1.318876477133973069e+01 -2.444026621074178607e+01 1.248454268026458180e+01 3.717826700734105927e+00 5.687596721205993688e+00 1.303935940992646358e+01 1.574523586904138028e+01 3.277126712815578546e+00 4.782046803048613626e+00 7.373949835900713845e-01 -3.638915596499184835e-01 -5.732236372846934991e+00 -2.502371686367657957e-02
0 1.379415827600669964e+01 -2.101502212127316227e+01 -9.870416556587059631e+00 -1.104815519912274091e+01 6.916446401965188784e+00 4.769673409357152671e+00 -1.175080328734900981e+01 -7.131840715191851698e-01 3.721165733236325224e+01 4.235740112508924682e+00 -1.556499208340485296e+01 -1.761340622541458600e+01 -3.582893701971551881e+00
0 1.325813321189425942e+01 -1.966691822106939824e+01 4.444241859789860527e+00 -3.698086794358856011e+00 1.362834018545363080e+01 1.706898059064233308e+01 5.663803797930442308e+00 4.720300365422404276e+00 3.045358579836331714e+01 1.576955689127408533e+01 -3.605240156778706684e+00 -1.022614995383806846e+00 9.215063915476738643e+00
0 1.350848214923968271e+01 -1.938765343458495138e+01 -3.957157729624479980e+00 -9.928418129199764408e+00 1.297908527980253091e+01 1.596458302499081228e+01 -1.851146019804112530e+00 3.743285411924607065e+00 1.664316029988765777e+01 2.412949820007204593e+00 -1.281205744075385011e+00 -3.969446380423072185e+00 2.953810762625988406e+00
0 1.336663252329208262e+01 -2.350107779673573560e+01 6.270472903723099733e+00 4.372778192828074673e+00 1.954084171496478106e+01 1.677273834827114740e+01 2.841584638041865229e+00 2.830635115801668711e+00 1.796384761956005249e+01 1.222340025870048308e+01 4.527895929384341045e+00 -1.018793785811585551e+01 -6.512341126009291159e-01
0 1.302469327143189304e+01 -2.007030448155293456e+01 8.437573563031969925e+00 2.805766835940192827e+00 8.348343455800378621e+00 1.261844938658444271e+01 1.412216650115731120e+01 1.427825267487713923e+01 1.181469576743641525e+01 1.761010926587216030e+00 -3.244782486585429115e+00 -6.253422088033801174e+00 1.486565345614906664e-01
0 1.323445020383252846e+01 -2.426637581145906353e+01 5.676585875878697784e+00 -1.945275822785426934e-01 1.560439899246798134e+01 1.491879227400402641e+01 6.551946122858478105e+00 5.864851580332709702e+00 1.084588786225802437e+01 1.011952932391320337e+00 -6.866908594496868856e-01 -6.141233907738545827e-01 1.213801917989751367e+01
0 1.310874026544874837e+01 -2.330412975978984136e+01 9.005466566414453311e+00 5.821007200387304792e+00 1.130109212936360663e+01 1.387207471740433817e+01 1.497667599847958719e+01 6.543593701910157101e+00 5.178548041998711327e+00 3.684473833243815388e+00 6.669169207303987434e+00 -7.862523389581901334e+00 1.581934584471754945e+00
0 1.312252792130764512e+01 -2.290426147493696618e+01 7.549712513723444651e+00 2.821981136852416583e+00 8.746762653154149803e+00 1.262797558864341241e+01 1.097106156811191902e+01 -1.227897526576417153e+00 3.527099328664719202e+00 -6.736546766746463355e+00 -7.554932508833024363e-01 -1.448001863080608054e+01 -6.105371268149546005e+00
0 1.323756940486792999e+01 -2.518548452276245087e+01 8.601786238355042968e+00 9.211749993233591116e-01 8.878031805189403602e-01 -4.294174931265536621e+00 -3.074319510041450876e+00 -8.623433583857126550e+00 -9.392995279786862994e+00 -2.070371699930863230e+01 -1.835998041360353383e+01 -1.424877180577978564e+01 -6.153924863653969624e+00
0 1.400055997508102124e+01 -2.875705473915556354e+01 1.070955936257143293e+01 1.418297212648049666e+01 2.882615224312169211e+00 2.593672923612240311e+01 1.059046916940163285e+01 -1.240370915244785266e+01 1.255116856388226587e+01 -7.584420282320151863e+00 1.277965123457923902e+01 9.332774960735200409e+00 -8.376082057323374741e+00
0 1.436062005951385601e+01 -1.893982160918959678e+01 -1.772375885065342871e+01 -9.480206409940937107e+00 1.611007186867230345e+01 1.719947230402645744e+01 1.350980822593345110e+01 -2.359835541946003978e+00 7.254833586763324682e+00 3.976643224634305862e-01 1.472893320844494980e+01 1.770490025685506552e+01 -1.227869514000683182e+01
0 1.401267260050123298e+01 -1.674746363198991972e+01 -1.534165417350788019e+01 -1.732747300180068706e+01 8.342833127182700537e+00 1.352141048917916244e+01 1.051741345896111923e+01 -2.770024324193040233e+00 1.160123302316880656e+00 1.051533340782382098e+01 2.303840319734069197e+01 9.406764708090971538e+00 -1.275828510625055046e+01
0 1.390715830129309261e+01 -2.059865024261650746e+01 -1.338621313580051719e+01 -4.489615975657103242e+00 9.750212382751300311e+00 1.780239340811883508e+01 2.636563900846508801e+01 8.985558497772576203e+00 6.778360874624919319e+00 -1.295881064886125067e+01 1.850941817710911508e+01 1.568388657425186139e+01 -1.527156867272767649e+01
0 1.323137003299937042e+01 -2.391882235717801208e+01 2.295142590236876945e+00 4.930330761601491862e-01 1.373386347093776827e+01 1.556257352434203156e+01 1.749772206108589501e+01 1.095244023121039056e+01 6.596764939033048947e+00 -1.114057792350955900e+01 -3.752537743350581767e+00 -4.274117036987895801e+00 -7.221054858439871493e-01
0 1.327812046270840973e+01 -2.363252157794840258e+01 5.757611474285631026e+00 2.303199818254301867e+00 1.943083614670996795e+01 1.907612244680603553e+01 1.986523689498969603e+01 1.260919072710176358e+01 2.206353284480464527e+00 -6.896398887088717178e-01 7.817237271837607082e+00 -3.739141383060646362e+00 -4.908251986594363458e+00
0 1.322788075966146160e+01 -2.526364529548990134e+01 4.752295230860833719e+00 1.582829585708942721e+00 7.806864947004453548e+00 7.256859982727002389e+00 5.037361723990541051e+00 -6.244438031638834818e-01 1.603401047335748286e+00 -4.687212927345352220e+00 6.066473831022328733e-01 -2.780687536023544126e+00 -7.155789248249496026e+00
0 1.306253620743926369e+01 -2.549193290369182563e+01 6.221586406760681420e+00 4.145062320665073408e+00 1.030955347648347598e+01 1.536236721396638494e+01 1.978758965410207082e+01 1.274723612226886971e+01 6.893471735842203962e+00 -1.307522308902713704e+00 -5.026631883658750910e-01 -8.739651342265194245e+00 -1.114839731010727952e+01
0 1.308611960519318274e+01 -2.338718477372895777e+01 1.062450638118033730e+01 2.178046544051848610e+00 9.807154606577737965e+00 1.096401353939609002e+01 1.064692161691181127e+01 1.111004826187061134e+01 1.161011403991967939e+01 -1.726121590564611674e+00 4.391221880768403807e+00 -3.680008505134261920e+00 -3.715490662664767463e+00
0 1.298088318755943327e+01 -2.557098587483474006e+01 8.793686989804353260e+00 6.082923410241907192e+00 6.080539239957745146e+00 4.691544347562854433e+00 4.176951659506700665e+00 -1.796652818771348414e+00 4.929584309594307712e+00 7.453128435006264318e+00 4.535577647947764746e+00 1.353728068047091782e+00 -3.691695452657771104e-01
0 1.298754733137880990e+01 -2.566514686743329676e+01 8.365924105165873925e+00 1.652505780773169786e+00 7.633452385429608356e+00 7.040594042447647638e+00 1.418552785783488623e+01 1.514182656705817109e+01 1.358279786383499399e+01 8.723869459232199475e+00 -4.508892832971301279e-01 1.472180761317300579e+00 -2.894768960750924991e-02
0 1.306399035574639100e+01 -2.815642129035386887e+01 6.250880139038061500e+00 1.808766257083260776e+00 1.309959202168545822e+01 5.094682236138111442e+00 8.520381178548928958e+00 1.453891956112296668e+01 1.585830443452592320e+01 1.005512577213257508e+01 1.019605738208048606e+01 3.846520381664735311e+00 -6.813036361601663149e-01
0 1.304416967447244957e+01 -2.246798477257461712e+01 1.020714502629464171e+01 3.863615873765972708e+00 5.658909383952232197e+00 4.960977295882820215e+00 1.299226455967867011e+01 9.196234229572029406e+00 2.819650325218163722e+00 -5.079210000991709606e+00 3.287096345765370686e-01 -2.997807986763906474e+00 -4.436208148467716939e+00
0 1.313453852439049463e+01 -2.322435918412144673e+01 1.086080650901366340e+01 5.421718359508783003e+00 7.196617670293527169e+00 6.941734838396218521e+00 1.364088402878267559e+01 7.631537551474783854e+00 1.548836399012309251e+01 7.889070015559010995e-01 1.614879052738241949e+00 4.530324059047064367e+00 4.852572090547544015e+00
0 1.320396086445747841e+01 -2.732361766651096957e+01 7.854921792529615310e+00 6.512349552481091486e+00 1.699902566721387842e+01 9.584081249921323931e+00 1.063169841803494187e+01 7.184044142376675879e+00 4.427357462661060339e+00 -6.279844227206989871e+00 -9.098884904534992657e+00 7.327464808010993869e-01 6.905122731232582467e+00
0 1.323574965716113816e+01 -2.276367190930634621e+01 3.831492500923777023e+00 1.040146977432481279e+01 2.362652909680667435e+01 6.243369253237083250e+00 -1.004635055923472642e+01 -3.020919417166526788e+00 1.275457600158378391e+01 -8.762817939007312873e+00 -1.432586131124681117e+01 1.235691667225178758e+00 5.073031103265023489e+00
0 1.327147279065660967e+01 -2.459124898318246011e+01 -1.045192407060213657e+00 1.037409007195766453e+00 1.388862757798488978e+01 3.437837602034793383e-01 -1.561721152516568445e+01 -1.120014188853214465e+00 1.157218210022108806e+01 -1.030139907601238214e+01 -9.812615795923298023e+00 -3.058955132374650887e+00 -2.749065573558818532e+00
0 1.479916327737188020e+01 -3.293899840883928931e+01 -9.129279596848171252e+00 7.198897036323740117e+00 1.450669764583602728e+01 3.466241514625620113e+01 -1.503486727198061423e+01 3.482116465575655351e+00 3.412299389125598026e+01 -5.687655636824511696e+00 4.466533956541381301e+00 -2.151634591511509154e+00 1.092458851658803520e-02
0 1.630728115282557056e+01 -2.277358081175432147e+01 3.381940809904972589e+00 1.386063121565505440e+01 7.427294443323014583e+00 4.268619990393337815e+01 -3.057705800035754251e+01 -1.649486714295264989e+01 1.582638181512132469e+01 -1.116398949482747582e+01 -1.662787934472907070e+00 -1.432412297861942818e+01 2.909389807446211229e+00
0 1.603155730513228150e+01 -1.991539233813503884e+01 -6.699906908744941436e-01 1.471032280154038752e+01 2.043662902428639327e+01 3.613173998236612050e+01 -4.398906947310963034e+01 -2.305902834193488715e+01 1.933657906105859681e+01 -1.039866757389002316e+01 -2.344358136951330351e+01 -1.695147632181449993e+01 -3.348361315022571727e+00
0 1.528154595376250846e+01 -2.523242041140380820e+01 -8.344167686645128867e+00 1.618022102037745213e+01 3.124772911945012410e+01 3.892954788172707481e+01 -1.929471405517728400e+01 -2.882975888184086699e+01 1.212795387246996448e+01 -1.255179548384965216e+01 -3.450976921974354639e+01 -1.833339046142204154e+01 -1.163611671548367710e+01
0 1.466824413516964043e+01 -1.992651279035089118e+01 -2.661282128264197411e+00 7.558679891157164654e+00 2.124033361137043130e+01 2.906824249447079467e+01 -2.350363321257270499e+01 -2.634693410742195141e+01 1.283374131277861530e+01 -3.547720374864185455e+00 -1.144260141207491088e+01 -7.877323578625043510e+00 -1.940376984388062498e+00
0 1.494753779253032810e+01 -1.062028338844445052e+01 1.459851720055050928e+00 1.988764150084194426e+01 2.090833307213818770e+01 2.668121302649147708e+01 -1.578798288542955852e+01 -4.134082392157949215e+01 4.991778448610392438e+00 -7.130609159950684450e+00 -1.642252292581915540e+01 -3.655235746301617183e+00 -7.264183602352720648e+00
0 1.629836558705163441e+01 -1.321399808941777110e+01 -1.374235785736566307e+01 1.450872140119343889e+01 3.482648671833360510e+01 2.281286577054008191e+01 -2.913302466622986486e+01 -3.273547049716378154e+01 1.616723943879073033e+01 -1.588846065666566965e+01 -3.509031906208188190e+01 -3.027346880849568933e+00 -7.830500653488304152e+00
0 1.631842856830151689e+01 -9.983400524762009454e+00 -8.316515956134404419e+00 1.722575258529042586e+01 3.564024167359831097e+01 1.554739103912721632e+01 -2.835536950774150711e+01 -3.159085950926812458e+01 1.895673979351805727e+01 -1.614098610401728706e+01 -3.227805401466275015e+01 -2.952262276061571544e+00 -9.462250244398948240e+00
0 1.685766947091942569e+01 -5.573887035893078767e+00 -1.532281044123154956e+01 1.087752997677118927e+01 1.362608971829569882e+01 1.850878342660082865e+01 -2.349304545265847466e+01 -2.965930308792169967e+01 2.890894097398908258e+01 -1.093682327510563113e+01 -2.893356074549859613e+01 7.999475172912774212e+00 1.901538485793470956e+00
0 1.657355618784047735e+01 -9.583162249931552523e+00 -9.062443671427757863e+00 2.139270026852252826e+01 3.037685388047806256e+01 3.307728540373169324e+01 -3.269487501323587253e+01 -4.778565294052268086e+01 1.701339961575681770e+01 -1.753814452066377871e+00 -2.219548256269865405e+01 -9.067982362809752228e-01 -7.154139178449280045e+00
0 1.586313180656177124e+01 -4.595373024392167771e+00 -1.424140537796304118e+00 1.574531312405834349e+01 2.452569962175097018e+01 2.756734689116151316e+01 -2.860836261390299740e+01 -4.770749347716213151e+01 1.063749389083286268e+01 3.073154073741215964e+00 -1.937838822831076513e+01 -1.169493672298786002e+01 -7.163818799829089201e+00
0 1.598652263519017147e+01 -3.007064586827176811e+00 -4.361122553616634256e+00 1.698110021221300414e+01 2.749752788378051349e+01 2.595028344440095935e+01 -1.800796374177080494e+01 -4.734880477846735403e+01 1.026002994492304765e+01 -5.078926333393773973e+00 -3.171558496358686696e+01 -7.840637249993498870e+00 -2.733525947261396194e+00
0 1.612747884346509863e+01 -1.009091367701861586e+00 -3.584759330411496414e+00 1.653095961379982626e+01 2.340858403569457025e+01 2.190873169915057872e+01 -2.238779543956469809e+01 -4.515722503445012848e+01 1.642981811245730128e+01 -7.720342629337697993e+00 -2.865196491225971087e+01 -9.061281439091422030e-01 -6.003231805455595094e+00
0 1.627411385641233110e+01 -3.954645338860243609e+00 -2.287611994152904060e+00 2.023042869536932997e+01 1.983021545440838196e+01 1.826927139082628671e+01 -3.792191500439881935e+01 -4.776553880589106171e+01 2.085535648458495928e+01 -4.047050148170341366e+00 -2.605862488164746438e+01 -9.032470019732286914e+00 -3.639099274136596396e+00
0 1.616653828940640736e+01 -8.480072563651626538e+00 -9.480807331387056891e+00 1.249460767819209117e+01 1.442266619351700285e+01 1.789198806794893315e+01 -3.723419903438684742e+01 -3.969021138636719570e+01 -1.792349767862591481e+00 -3.261584355632964360e+01 -4.767443047441385318e+01 -2.840385243934708370e+01 -1.409079492708062631e+01
0 1.603960893344467564e+01 -6.042769003131533090e+00 -1.731258857837766785e+00 2.675006692358346783e+01 2.267562656565335288e+01 1.336802411292419457e+01 -2.291239867666402574e+01 -4.197610433365677096e+01 1.793387123518431636e+01 -2.656284485530024497e+00 -3.127152398940804900e+01 1.091420225079339446e+00 2.333520555812913955e+00
0 1.618415015880069063e+01 -9.304692934012161132e+00 -5.636329835882388117e+00 2.451437338228855367e+01 2.299564795855282640e+01 2.018377368410026307e+01 -2.905298185598667615e+01 -5.355781865060619396e+01 2.973839299453842511e+00 -1.559627791184352930e+01 -3.497331994338011896e+01 -1.312033045575203971e+01 -1.792540863153326924e+01
0 1.581091505463715308e+01 -2.535349091098036745e+00 -6.328204513866568792e-01 1.653910197677032556e+01 1.444518466038488747e+01 1.381996992626227438e+01 -2.619012643472106916e+01 -3.829808376858401431e+01 1.318470601199120651e+01 -1.279084386609020996e+01 -3.004094003751452036e+01 -8.341971491303318942e+00 -1.424033113851677079e+00
0 1.605193740333449526e+01 -7.137945552218978307e+00 4.245075326464358145e-01 2.506585229563681949e+01 2.506592952210050029e+01 2.136656147666730021e+01 -3.633730104147584683e+01 -4.399008709880860124e+01 1.567023654658299847e+01 -1.429788816231624793e+01 -2.980566496374401808e+01 -1.172478096702965189e+01 -1.432208643846947815e+01
0 1.591398772674342510e+01 -4.202548618953708015e+00 -4.818733368326036270e+00 1.625353980792353070e+01 2.262328010134310219e+01 2.231834537671323915e+01 -2.390573128666320102e+01 -3.968952290385789894e+01 5.315908831136697543e+00 -9.878018686387063596e+00 -2.183354331612006760e+01 -8.670827661103043482e+00 -7.987091837621336232e+00
0 1.607468765977681713e+01 -5.953879207613722357e+00 -5.621336681857640905e+00 1.900227762164440293e+01 1.709777929799547991e+01 2.250615475707274982e+01 -2.678446364859432549e+01 -5.690518792395862846e+01 8.796256089534972844e+00 -1.347964936536579295e+01 -2.906501417624915717e+01 -1.292785787542903897e+01 -6.858009813769034402e+00
0 1.636002393671362753e+01 -5.367958829391973552e+00 -7.328661038780647452e+00 1.709612898520764190e+01 2.115772765494073582e+01 2.956873608638493778e+01 -2.660626633200416435e+01 -4.667429194515152346e+01 1.624623250621920079e+01 -5.712956229010338838e+00 -3.024700402386902454e+01 -1.531233946280502778e+01 -1.131033573325423269e+01
0 1.638142637814555513e+01 -8.704268694027399889e+00 -7.905191878839606723e+00 3.230233389780634923e+01 3.283531112814269193e+01 2.773904291964208824e+01 -2.507628384300343072e+01 -5.273443160711652666e+01 6.454556211944820099e+00 7.526903363622955645e+00 -1.930503284571053868e+01 -6.484396924867461998e+00 -7.920131474713526742e+00
0 1.648656650224402753e+01 -8.544400584102865182e+00 -8.531822039665097890e+00 2.949362274286594143e+01 2.274336810013610233e+01 2.448362924847569388e+01 -2.141432862105475010e+01 -5.505303438417648465e+01 8.026280189282207544e+00 -3.651265613432367108e+00 -2.458057099163433890e+01 -8.893108621514464573e+00 -4.775429434323292810e+00
0 1.673874958775988375e+01 -9.995458631669807303e+00 -7.593243350343017894e+00 3.095317219551253274e+01 2.489807887553192955e+01 3.337403987661726745e+01 -2.113139861113546303e+01 -5.610311299767706572e+01 1.192852354677928517e+01 -5.732383964184937675e+00 -2.667040984456224706e+01 -6.180207081096620314e+00 -2.055880863729726116e+00
0 1.640188317326614964e+01 -5.593751601112841421e+00 -7.734123981776492407e+00 1.860934469082203435e+01 1.915815999156418670e+01 2.676572048860343500e+01 -2.620248668953962579e+01 -5.810603731271100969e+01 1.325166263444661396e+01 -2.955013254942102652e+00 -2.820211138942295293e+01 -9.985685758603487727e+00 3.699140989526437995e+00
0 1.613069943164392583e+01 -6.785651887331951571e+00 -7.259643328505455351e+00 2.400412570056310102e+01 2.574771326606795796e+01 1.619156627631580392e+01 -2.651322770076851754e+01 -5.020449202836474001e+01 1.038774102727206383e+01 -3.885833566813188700e+00 -3.250665065475924820e+01 -1.363079176721192098e+01 -7.835637238738085486e+00
0 1.645041078750704244e+01 -6.799036965857403914e+00 -4.030581143485620466e+00 2.992398271322200998e+01 2.193453146385600050e+01 2.078216345017272459e+01 -2.238580434553460563e+01 -4.952824250014256791e+01 2.626487798365052129e+01 9.737314144777469593e+00 -4.065277342850608022e+01 -1.203263302283415825e+01 -3.376808562698226268e+00
0 1.607707806058495947e+01 -7.018239760813643535e+00 -5.310446624701610219e+00 2.485393595589464866e+01 2.421856884514643937e+01 2.450689827030728196e+01 -1.570480203713539247e+01 -5.093214990672379372e+01 7.854292780823152853e+00 -4.010283309229002668e+00 -2.667728138163981555e+01 -1.498216876494035077e+01 -6.128896351795327213e+00
0 1.562514337345189475e+01 -3.877191534840429554e+00 -5.742241951270951716e+00 1.203971238353175011e+01 1.209572959828921235e+01 1.149187090293602154e+01 -2.127356328552076548e+01 -4.303837572774985887e+01 2.093134321691033153e-02 -9.407938843767048809e+00 -2.576804282932566181e+01 -2.247580273337451118e+01 -4.917999359995933517e+00
0 1.534853784615482297e+01 -8.162755575048942447e+00 4.925231404689262682e+00 2.388416306323891192e+01 1.478572891950556389e+01 1.854825416114105252e+01 -2.135203573001128063e+01 -4.307816415298971435e+01 1.478524700431884931e+01 -7.005927787990670730e+00 -2.442087781758332810e+01 -1.663018528657717354e+01 -7.059109838434318718e+00
0 1.537570524191977661e+01 -9.132946359532924774e+00 7.752479049961348567e-02 1.828792468183694808e+01 1.665677999655909503e+01 2.476036519979144401e+01 -1.546541799000651274e+01 -5.188786590614550676e+01 1.517211911705563310e+01 -2.592776825565645815e+00 -3.090785183945234849e+01 -2.073289068520664102e+01 -1.612885765225484036e+01
0 1.473713443897016440e+01 -7.576294596336992981e+00 7.933242518761529638e+00 1.351565790803362077e+01 1.245667451136862525e+01 2.327026969433358161e+01 -2.053155132777816760e+01 -4.465181079342047354e+01 1.475663233564336529e+01 3.400161266141865646e+00 -1.895889295665104513e+01 -2.626539971187168021e+01 -1.628057371984887780e+01
0 1.416464976837465706e+01 -1.330645422998982852e+01 7.313941868757476428e+00 1.463707228495181134e+01 2.387027462426517133e+01 3.177392109986662305e+01 -3.471999647479647511e+00 -3.469147122226400626e+01 1.018288985996551821e+00 -6.067725032994653489e+00 -2.342951777072178388e+01 -2.105859426504401455e+01 -1.603035633102499702e+01
0 1.373633465125066344e+01 -1.120241012403081271e+01 9.658245391572719996e+00 4.606128885199168188e+00 7.657358878308474281e+00 1.976891812138177684e+01 -7.084814495211146479e+00 -4.141070810857688400e+01 2.874158115652513112e-01 4.516834413299002371e+00 -7.765937567780031081e+00 -1.966233546497663554e+01 -9.799350146438751352e+00
0 1.332897612271824883e+01 -1.835742877830552899e+01 4.177560050808431846e+00 1.412564096018154247e+00 2.083009968311110072e+01 2.547879798483607061e+01 5.321822047422704927e+00 -1.453804428704996532e+01 1.987802239861613085e+00 -2.107551908160788301e+00 -1.171395149570935956e+01 -2.626019874876104154e+01 -3.068205072924747157e+01
0 1.327776201005985435e+01 -1.753148702136615000e+01 1.338887796271531805e+01 7.515062133870411110e+00 1.464759071442388993e+01 1.087963520263712169e+01 -1.576893480429967687e+00 -5.788278793328655247e+00 5.168584970250620358e+00 1.525084859412091731e+01 1.040775840705403432e+01 9.854995347217339052e-01 -5.436582004412668923e-01
0 1.320308052874908711e+01 -1.979130321146026006e+01 1.534905251709656504e+01 9.585492136777617134e+00 1.745591107316957746e+01 1.302029521157177250e+01 1.424853203489421460e+01 8.455727318296327510e+00 1.141649884955059413e+01 1.296331206998724461e+01 7.251924561486083887e-01 -1.172351004154794474e+01 -1.025150533871626557e+01
0 1.303701431576032022e+01 -1.751656698812614010e+01 1.533263203061093805e+01 9.144632578708899118e+00 1.302770088016274208e+01 1.499086526111030793e+01 7.455956132961645721e+00 2.914220944075527342e+00 8.414578454867916335e+00 5.001083479150164379e+00 1.244170662432002805e+00 -5.199836389455519736e+00 1.496287309720799596e+00
0 1.318568445069078621e+01 -1.987927894740628432e+01 1.342401883254747297e+01 4.492540405168676365e+00 1.007865143697841859e+01 1.691057601347733197e+01 1.388767951597335149e+01 7.003491098840729734e+00 8.887994456446497438e+00 3.614584144328796267e+00 2.568811932503636819e-01 -9.507474653800151998e+00 -7.846748991103768001e-01
0 1.300838303934222040e+01 -2.167458904931458008e+01 5.812810619363428799e+00 6.911713375868030473e-01 8.591703424765078978e+00 1.389457709815064490e+01 1.275028287306039587e+01 1.488375408653425502e+01 1.422380777590317003e+01 7.839080248700811993e+00 1.543573574430621065e+01 1.177334564473823342e+01 8.145953761075972466e+00
0 1.306014063520673751e+01 -2.367307628340491377e+01 1.042325922286733686e+01 1.431279808798339825e+00 6.057673703652241670e+00 1.226941402114165847e+01 1.571044115388205320e+01 9.532373517463939905e+00 5.655662804453555736e+00 -9.296349502641296780e-01 3.481086513300724050e+00 -4.674818842613338354e+00 5.420681836195340608e+00
0 1.358833652695453331e+01 -2.095589315394548180e+01 -9.368036603163172771e+00 -7.300593407983511085e+00 1.283104353207302850e+01 1.358689783794822326e+01 1.514230144214784701e+01 1.564170674263456107e+01 1.240154545590388047e+01 -1.309056631364107837e+01 1.828526189867682339e+00 4.880813536234374972e+00 -9.195005473267524820e+00
0 1.319870185713378774e+01 -2.209750185715945037e+01 5.837794890213322319e+00 -3.493590567521654311e+00 8.709200720204414381e+00 1.253828563157524911e+01 9.178915527136370045e+00 1.212339407359664989e+01 1.664505782191102057e+01 -1.639283784156898127e+00 -2.615998526144855951e-01 2.113790194087705743e+00 7.300308173735683859e+00
0 1.311925343143039235e+01 -2.305108718775342780e+01 8.975723456499487440e+00 1.905981362346668373e+00 5.978424052886279760e+00 3.705050705962336544e+00 1.051062341878478890e+01 1.390772236841013942e+01 8.129875028858329244e+00 -2.530826534803437333e+00 3.992435666621985568e+00 -8.093262672636705735e-02 1.160853654824815839e+00
0 1.303150961912218442e+01 -2.475120136577018926e+01 4.895618665933673341e+00 2.445745952168273396e-01 8.964335984321587958e+00 6.193427830778063026e+00 2.760126443335138902e+00 -4.287472518472659644e+00 2.561328404256889790e+00 -1.201668866462756569e+01 -5.709512574530361206e+00 -6.579609523108148394e+00 -3.588784569323920870e+00
0 1.310215386561571549e+01 -2.483221599837008142e+01 1.124506064498521773e+01 5.804443503308728047e+00 1.172399951650139727e+01 1.309417079796213734e+01 2.205073431648280291e+01 1.491165845257449618e+01 1.272291006908604594e+01 3.035313512647078049e+00 -5.978047134580382505e+00 3.015207884776257785e+00 8.230180310356818296e+00
0 1.313145927693686943e+01 -2.482945819819843081e+01 5.078457758281156309e+00 1.628058057213068510e+00 1.133345118328930745e+01 1.268269680399350463e+01 9.972643206909257430e+00 -6.908138174721371039e-01 1.576720669098111927e+00 -4.222547029588624018e-02 2.893479789793247825e+00 -2.537352369362669613e+00 -2.161469574764034451e+00
0 1.316376266805460205e+01 -2.493538353660992613e+01 4.722770094268228469e+00 1.325723496718999472e+00 1.566623452758758717e+01 1.810197569358793501e+01 1.298341018140414249e+01 3.779240976996614876e+00 1.094242931379335637e+01 9.953029003211288028e+00 1.512559815606823044e+01 1.151497446660074075e+01 3.256042757952454902e+00
0 1.318483943316643980e+01 -2.285191694463577150e+01 1.157652563852317584e+01 2.797193140768003072e+00 8.208720748570037529e+00 9.079062086858343150e+00 1.392636339253519573e+01 6.420874913487852886e+00 7.436521368509191099e+00 6.597075605250695141e+00 1.140829717227430606e+01 2.456781792647332985e+00 -3.129699196404111206e+00
0 1.324953636751816077e+01 -2.399711029868824852e+01 9.274814323844214670e+00 2.726774042117779739e+00 6.889084937098624017e+00 4.672556099181439215e+00 8.530729398994660428e+00 5.627786990354119112e+00 1.007320436766060467e+01 7.174764333204383782e+00 -6.556786179479456855e+00 -9.235722734923418997e+00 -9.768642889577433763e+00
0 1.326292814775904816e+01 -2.402629109014194242e+01 9.503196602300338469e+00 4.473953033234636223e+00 1.258199906029679660e+01 1.523015734059523574e+01 1.478092695119588029e+01 1.010475150167236791e+01 2.117114840545148979e+01 1.646963159360971218e+01 1.002252906974577762e+01 3.026089741681612821e+00 8.642839823716169434e+00
0 1.322743245616999452e+01 -2.635816883187483484e+01 8.838734720864307448e+00 6.701060897425366036e+00 8.311022763210416997e+00 8.490269808310966226e+00 4.566712017441800775e+00 -4.463106435793499749e+00 4.367263529825420321e+00 9.514922399330478342e+00 8.934016846933875655e+00 -2.674007327563585612e+00 -5.003174642321186916e+00
0 1.301950839708262997e+01 -2.540319144839671139e+01 6.356962787092057532e+00 4.885704175249008685e+00 9.524432839797489336e+00 7.970060962077289091e+00 1.031203148440567752e+01 2.147922968675910926e+00 7.853640915975674375e+00 1.078761013272552916e+00 -3.692031906595301671e-01 -7.931614052492236278e-01 -4.404557623447202253e-01
0 1.322447845689349855e+01 -2.304889969241289194e+01 1.059339541083204494e+01 6.692539616983671280e+00 7.884484215865970036e+00 5.836920767399766063e+00 1.274544292916106158e+01 6.386560097122328195e+00 3.656561668000414489e+00 1.922823159894373468e+00 -2.067759838612825085e+00 -7.945875147013323314e+00 2.586811465502159457e+00
0 1.304268622404790534e+01 -2.124651848712446522e+01 1.019456852433589411e+01 5.543356646918586428e+00 8.665109932341367838e+00 5.305086804842413351e+00 7.116765624527777057e+00 4.620659982811037847e-01 -3.004628151720965867e+00 -2.790280094731850458e+00 -2.548457392713085135e+00 -1.008192038898256016e+01 -7.365293436713709951e+00
0 1.308701692035263164e+01 -2.508466650110326768e+01 1.077778289176319149e+01 5.729365125070152054e+00 1.149211025128924923e+01 1.039868869283168173e+01 1.517522435958000848e+01 1.105012024272470050e+01 1.123195751470387727e+01 2.120924063719952457e+00 2.765832412513323568e+00 -2.133990808588203780e+00 8.209917525181161579e+00
0 1.311295171773448054e+01 -2.480773631713435634e+01 7.715020722170282674e+00 -1.760047399519037548e+00 8.990153478667151532e+00 1.363070427306874066e+01 1.673019060263147040e+01 8.260659259761160556e+00 1.249700955387189971e+01 -6.636803021751609410e-01 -1.127436542022282850e+01 -1.801978089726174659e+01 -6.225100375772428585e+00
0 1.306626717148264305e+01 -2.569609765397087386e+01 4.771542891893234994e+00 7.151540146165978884e-01 3.786644172572149358e+00 -2.487589952088496315e+00 2.825487394846833755e+00 -1.055483046950919324e+01 -3.975652382334819990e+00 -6.011345450242007615e+00 -1.224963900772686642e+01 -7.926783060053436358e+00 -7.904207802467141164e+00
0 1.320790993810674863e+01 -2.733056792218442510e+01 8.249944240201365631e+00 7.494698121236392119e+00 1.425851101190590775e+01 8.913569776246507814e+00 1.360793584303981874e+01 1.470219057388173134e+01 2.465172716566486955e+01 1.507116799152275455e+01 1.054289180538098591e+01 6.157351314526332331e+00 -8.898255772047887202e-01
0 1.321275582274726190e+01 -2.360670369779056443e+01 6.677133452508591027e+00 -1.114164343374250521e+00 5.288538726349913510e+00 -1.675208360637725935e+00 2.624543303611111877e+00 -5.312771249191599487e+00 4.188455909484815720e+00 -8.894157601515358946e-01 -1.752890416457686174e+00 -4.942161768494929275e-01 -5.325493470472886237e+00
0 1.302065183660531211e+01 -2.674677935472576706e+01 -2.446882542439511976e+00 -4.128078756668456251e+00 9.975351090241012741e+00 8.592760246674957969e+00 6.150376363691582027e-01 -6.423248932457774174e+00 6.085041157343287210e+00 4.245438446172665081e+00 2.323169926431880583e+00 -1.746154903454186780e+00 -3.927208273607669664e+00
0 1.309270438541604875e+01 -2.295253174352175662e+01 5.100926331522996904e+00 -5.683048907753899037e+00 -3.240022667823814650e+00 1.283019577545352785e+00 8.310698877777575433e+00 8.051870258692890303e+00 1.368517159399393535e+01 3.718530683423318717e+00 2.479307508471432442e+00 3.685342231357582321e-01 1.345483687158080865e+00
0 1.328180402112403868e+01 -2.508710219028530020e+01 8.735960134744505723e+00 -4.274957559116889239e-01 1.714728420668800712e+00 1.143933391801368105e+00 1.269184098558313822e+00 -2.754361890407440949e+00 3.932115818298290044e+00 7.939057587359712898e+00 5.895444392781501897e+00 4.405900906248255922e+00 7.525489587827731697e+00
0 1.313937780425038859e+01 -2.297725602426772795e+01 9.878805455292029691e+00 9.851020984015675941e-01 5.794382937033239145e+00 2.462984192502855496e+00 9.028713817105455064e+00 1.000692140114071549e+01 1.214664708287709693e+01 2.246974837298174599e+00 2.732366937097893800e+00 1.726858647506962718e+00 3.560767155429989561e+00
0 1.313538870890777055e+01 -2.769680637365999942e+01 6.390036673281614732e+00 1.994330630594617348e+00 7.988650951215491069e+00 1.511381087517385424e+01 2.643726638999450884e+01 1.287131511375767445e+01 1.303762477073895987e+01 8.170235197398762139e+00 6.902778610071546694e+00 3.955800186438203525e+00 -8.831264729546683956e-01
0 1.326052622947321957e+01 -2.418353499978667287e+01 1.205412512563464489e+01 8.251857835849939704e+00 1.238083116307000786e+01 8.765672629290170548e+00 1.153879012573037244e+01 -5.909118643628047396e-01 1.275807865285804787e+01 7.598519315946550279e-01 8.168304871893131036e+00 6.940838388934281511e+00 -6.257486738969071816e+00
0 1.307985342422141528e+01 -2.287130853299663258e+01 1.107674674050358199e+01 7.937207120127958149e+00 7.953464644138717787e+00 6.409948751390208699e+00 1.291909958204685971e+01 1.214338122062353875e+01 1.967736227870942756e+01 5.580865622911073132e+00 3.952438072808431180e+00 1.121342854572337977e+01 3.937918152290892149e+00
0 1.319624770402943525e+01 -2.295000054499089615e+01 1.175013881929466919e+01 4.711867122797414709e+00 8.377348969017859304e+00 9.364560728873975393e+00 6.734884744779364496e+00 -4.996062463386036434e+00 -2.385194360922663570e+00 -4.207582964975000728e+00 -8.216893954081083251e+00 -8.415338197282576260e+00 -1.603421147477024800e+00
0 1.318487794633917787e+01 -2.291549206209062817e+01 1.310694344729520466e+01 7.910388059524884774e+00 7.795070293004434880e+00 3.092674385023183703e+00 6.633169646905265893e+00 7.555828042764845875e+00 1.293765272796668420e+01 1.461713563407267991e+00 8.928882584148951196e+00 3.459113933610658442e+00 1.025474322333863419e+01
0 1.310509368147121734e+01 -2.221052651199348560e+01 1.017024604365429141e+01 5.909638417658634957e+00 1.189790306321203950e+01 1.019391173050201616e+01 1.604311487512448053e+01 1.001097159356487687e+01 1.505794361516445612e+01 3.832729679455308069e+00 8.673682645355865972e+00 -5.356096094574475330e+00 -5.464213252726848324e-01
0 1.306188435659792901e+01 -2.186976705990906922e+01 1.482750056081368939e+01 7.339407728215393334e+00 9.135729605292914002e+00 6.450586333712824860e+00 6.619419980469267273e+00 1.086751650503293032e+00 3.866758805246896191e+00 -5.945235527449143298e+00 -3.530923037805535181e+00 -4.627879441258748727e+00 -4.140398009341013541e+00
0 1.308250839345415883e+01 -2.231832252197375865e+01 1.457772653291059228e+01 1.314714266076064497e+01 1.473942568541288978e+01 8.862974016736952620e+00 9.268539575145627651e+00 7.470732051249588501e+00 4.326937871523966805e+00 -7.121323548165481299e+00 7.510090141770496830e-01 9.344529084802837282e-01 2.526276146239537113e+00
0 1.323979876232087705e+01 -2.627891141792250451e+01 1.099843850604682061e+01 1.008594468654804821e+01 1.745042348473081262e+01 1.380207337095093223e+01 1.752639835056112716e+01 4.377146274573600060e+00 1.416685597870575020e-01 -6.872530014490859429e+00 -1.179094690504046472e+00 8.733289825836269671e+00 8.584847220143924318e+00
0 1.321652452415959544e+01 -2.185520110313393261e+01 1.245462777241509578e+01 6.901958180577783430e+00 8.778151975135381591e+00 9.516059543542795041e+00 1.153854637238276126e+01 5.472483752150049341e+00 3.163103402308174772e+00 -9.560748288502772141e+00 5.883457117915116719e+00 5.488155748889438357e+00 3.609418158774955643e+00
0 1.309767458383504390e+01 -2.340967056678059777e+01 9.718079632468290541e+00 4.284676362266287342e+00 4.997043615174506570e+00 1.111768592812572720e+01 1.755420513174193786e+01 7.044255561004813870e+00 1.037327808181693456e+01 2.396357861902856268e+00 9.467002754552403587e+00 7.221486932945210491e+00 4.030201427111067325e+00
0 1.319475918513170676e+01 -2.532048117515569174e+01 1.101535037567949082e+01 6.742918413587937643e+00 8.889709412872134564e+00 7.913189220173084237e+00 1.208893967116349621e+01 5.426840039338172161e+00 1.437885199016568016e+01 6.131353789074891480e+00 -3.269806938885672642e-01 -2.342698411900283162e+00 1.244194333875362046e+00
0 1.316280383461548098e+01 -2.762571771074626170e+01 8.142842110743350403e+00 3.769701172227732044e+00 4.073715158907478262e+00 5.481993488671432324e+00 1.086036961450973770e+01 8.685437320265050332e+00 1.609969978079980280e+01 7.608653700697391997e+00 4.766593636269423229e+00 -5.066429429041888532e+00 -6.064788416539359517e+00
0 1.314251944536910166e+01 -2.545239981127181750e+01 9.818967765446062756e+00 4.392847533842420660e+00 1.223434765753512288e+01 4.881618428916647545e+00 1.098511549619582084e+01 8.099694070790716793e+00 1.091775823457359529e+01 -5.230112809753130421e+00 -2.684034049695021906e+00 6.883256703404276422e+00 1.134711724765592855e+01
0 1.664050937028132893e+01 -3.654967328366165447e+01 2.234689399197983040e+00 1.544953493745456097e+00 -7.036761077241727058e+00 3.417897994947986717e+01 4.794510029242831983e+00 2.931085774146564016e-01 1.039718533240101905e+01 1.234013794564929611e+01 -2.847020953359181039e+00 1.971353186212946440e+01 1.388207975970049723e+01
0 1.510637302242786895e+01 -2.984414374546489057e+01 -1.531224436272100586e-01 7.996073850660933013e-01 -1.431161086787332515e+01 1.610416161303330540e+01 6.292892062492194682e+00 -4.949101481379660328e+00 2.516496638570297595e+00 -6.958660342765744744e+00 -3.587795343924530034e+00 2.635893465819578552e+01 1.820419974414036801e+01
0 1.413893038312306771e+01 -2.837989940355913987e+01 9.141126165680192983e+00 2.999158957509051149e+00 -4.360154467256746713e+00 2.353863290035156908e+01 1.975631473685509221e+01 5.169504030624798574e+00 6.507275559725543168e+00 4.758918390833736467e+00 1.228033594415200369e+01 1.354424620565957760e+01 6.597866378402467369e+00
0 1.384033310887639701e+01 -2.887132231908623226e+01 8.188055524685859510e+00 5.138256232383646704e+00 5.095439752472824324e+00 2.716402964572435152e+01 1.792382008236844371e+01 8.443258190430116272e+00 6.020132989566898907e+00 4.974146713490355864e+00 2.819488936585800687e+00 1.363859347358776830e+01 1.043136064412603581e+01
0 1.350383103125150086e+01 -2.794648689261411434e+01 7.536060015396046197e+00 4.713878191212810265e+00 5.765893198640110739e+00 2.099702999092364664e+01 1.388819089580582578e+01 -4.049226502357636370e+00 1.206241603066461110e+01 1.084951722707255684e+01 8.734327798900011430e+00 1.109650817694451241e+01 1.031723076714574105e+01
0 1.324662723896377869e+01 -2.417849060107927173e+01 6.761571373710215660e+00 7.391470282275803605e+00 9.123708129980117931e+00 1.283496526298280571e+01 1.250508912014001339e+01 6.122232954080993217e+00 1.411229034361942603e+01 9.775229076179487109e+00 4.732069630233408652e+00 5.487297515627081346e+00 1.470224042339531023e-01
0 1.321305354490830730e+01 -2.413725740883468873e+01 5.782506183002755762e+00 1.430790408869522912e+00 7.363414920869300495e+00 1.043860796786027656e+01 1.267908483708608358e+01 4.838736436225823390e+00 6.526473901074455242e+00 -4.169600284020027914e+00 6.078518031290551349e+00 9.677964857216320382e+00 5.161425940225877085e+00
0 1.311632172917915717e+01 -2.527106320226644343e+01 8.618050810969275943e+00 3.141272440879530947e+00 8.632912588262849241e+00 1.102831651157868897e+01 1.646250494185337487e+01 1.824243409333620392e+01 5.251892898290559053e+00 -4.398860174820792501e+00 -2.267897656972099441e+00 -2.173266905126934212e+00 -3.553669190969355185e+00
0 1.322035126782906289e+01 -2.151202164841949838e+01 1.051414290676349950e+01 3.694735517645485690e+00 1.507854844628907998e+01 1.181060268051497353e+01 1.237411262229936604e+01 1.061528351361777922e+01 1.127487371174960806e+01 2.985626127492734483e+00 7.995827572294875729e+00 6.559423973990384127e+00 7.732623686238119909e+00
0 1.317199007340262185e+01 -2.322784818661761719e+01 1.172881283142540632e+01 2.847822702620469659e+00 7.672878787294045821e+00 8.334140845202133718e+00 1.495468506675985942e+01 6.600460034033706069e-01 3.979817849441486644e+00 -5.770092457807572295e+00 2.462817057137398624e+00 2.610488692897157126e+00 1.489384991951736348e+00
0 1.315768742228032551e+01 -2.553843074563826576e+01 1.107007367895792704e+01 5.584486555748397585e+00 1.140154959126460099e+01 6.651021639169809596e+00 9.400754807141403546e+00 5.318327732138055985e+00 7.925559382227512550e+00 1.280475090177587205e+01 1.545674962729241209e+01 5.990566435271229118e+00 3.137026871428736374e+00
0 1.512966835369513241e+01 -2.329353704605286168e+01 1.963743915192865286e+00 5.513344068117208785e+00 -9.895375837574999167e+00 6.710198167966142435e+00 -4.140449534089456485e-01 -1.046543244107823156e+01 5.670052932826882497e+00 -1.020530148032550954e+01 -1.190449220633691851e+00 5.628560133351799166e+00 5.857364531927691687e+00
0 1.697910138213571329e+01 -3.975422899814878974e+01 7.813372591847071114e+00 1.104809297922091993e+01 -1.442479056746097577e+01 3.162224392146430674e+01 6.676614975882878333e+00 -1.283850568607032727e+01 2.650112384902028850e+01 7.848598362151006036e+00 8.802496889419613169e+00 2.306821000023952095e+01 1.713492284394236398e+00
