0 1.358711005820138773e+01 -2.208188103822939041e+01 7.154633900992224405e+00 -1.400807100587391218e+00 3.518714081429543228e+00 4.872734469057461659e+00 8.488341664193363556e+00 9.763403784723646339e+00 1.020235790683585364e+01 -8.560835101376146339e-01 -8.946842372653469599e-01 2.961150068481395725e-01 6.813769332023249942e-03
0 1.322441409107124244e+01 -2.304043718699312038e+01 1.273136384035221624e+01 2.725185591089017034e+00 9.579336654329214440e+00 9.174187266452294764e+00 -9.491933019317603248e-01 -4.169162442592192264e+00 7.908019607378767857e-01 -2.715537655948376816e+00 7.968564851802503179e-01 -2.148037222186538475e-01 -8.855765730672638725e+00
0 1.321656377308373642e+01 -1.911271794916462241e+01 1.174314635257802841e+01 7.315803098357934964e+00 1.309870105633518556e+01 1.022894675392956110e+01 5.457895793790671135e+00 4.135678696793731568e+00 5.624699133048049582e+00 3.854365764188282917e+00 3.814751278770329268e+00 -3.344178768499295185e+00 2.406483143837499394e+00
0 1.332958417794182537e+01 -1.884762221162597839e+01 1.523132866759431003e+01 1.401390179629062160e+01 1.349951821589888468e+01 1.018139540466375159e+01 1.187646511211023359e+01 5.637076462312314185e+00 8.851563168953799021e+00 8.522519579895802000e-01 3.667388358113217617e+00 -2.538859341430223182e+00 5.219347983613173980e+00
0 1.321507482975956904e+01 -2.285207856745649124e+01 1.216739966418468377e+01 6.598222825145322545e+00 9.338614936088754703e+00 6.168739308103076802e+00 3.399636150155952219e+00 -8.636848008263637855e-01 9.937996516759632470e+00 3.176590227652646536e+00 1.006238482890976904e+01 6.342652936281174547e+00 7.599816250825554675e+00
0 1.346034579172029488e+01 -2.834353126697543601e+01 8.300499112701876570e+00 8.756869518113909123e+00 1.711732964606843765e+01 1.369077934871714319e+01 1.357401487497413228e+01 -5.225739487639927461e+00 1.858704274214428409e+00 4.471328930319300454e+00 1.024244343442981808e+01 1.338475927222614814e+01 1.304520189185708334e+00
0 1.331770946607696260e+01 -1.660152140846054891e+01 2.084072743278768058e+01 8.432060621400049527e+00 1.011744480620722086e+01 8.868835969329408542e+00 1.794424923449642506e+01 1.952514611010364387e+00 -3.455283939906065083e+00 -2.431620517619129451e+00 5.257199981759976382e+00 1.706842976206582652e+00 1.690489356866808346e-01
0 1.339149258481978322e+01 -2.987681712729494876e+01 6.788979155880112693e+00 6.108240428915364006e+00 1.504599296375319284e+01 1.351814810071605955e+01 1.711351079290212951e+01 9.483371483509573707e+00 1.295689177001945147e+01 -1.634445516729293280e+00 -3.564739245082436447e+00 -3.631440365905403311e+00 -6.892138265438438438e+00
0 1.311583827753032949e+01 -2.491189856705468841e+01 1.109559077649188907e+01 7.769047611872800019e+00 1.002708443103883695e+01 9.823363924565541083e+00 1.762140564749615024e+01 1.152356338419438941e+01 1.046988376741162519e+01 4.022382253238747651e+00 -2.183458341237452416e+00 -4.025336626802825002e+00 -3.794139608731352253e-01
0 1.312268346006069031e+01 -2.477656619052433484e+01 1.356078500799367426e+01 2.904682361358833287e+00 2.917953905570975781e+00 2.810597226228009227e+00 5.892482610949904220e+00 5.266918960544246353e+00 9.854627486729921060e+00 5.773719490549966693e+00 2.332530928086465671e+00 -3.712931525554074241e+00 -2.818823821575882960e+00
0 1.310645901097091759e+01 -2.653593520489024371e+01 8.925249211156348395e+00 7.283259666448731906e+00 1.337934195765596357e+01 5.618986032982103751e+00 1.573040588251483918e+01 1.257807434919176970e+01 1.425634532462908410e+01 -5.726123398962861266e-01 3.849325487368346455e+00 1.003848201929918993e+01 1.487173543995625380e+01
0 1.308316108654366872e+01 -2.367769908159708336e+01 1.044872266206373190e+01 3.265397825110796237e+00 1.207398762272823589e+01 1.813397949643978180e+01 1.580927709463917274e+01 3.996929507765025757e-01 1.703173972602169517e+00 -2.463616393000376270e-01 -7.916128935625394991e-01 4.974808048571183861e+00 5.610791188072987268e+00
0 1.323862730196008108e+01 -2.505678177198906553e+01 1.171814004573629653e+01 2.447749935315316483e-01 1.335395354208535723e+00 8.408762680649127574e+00 1.148401568010712026e+01 -1.588566816794544589e+00 4.862789193791346776e+00 7.864419968021800322e+00 1.562219944817359041e+00 -7.841043117887400271e+00 2.776388239380080503e+00
0 1.313112545712459678e+01 -2.099895893584539408e+01 1.280446066583307996e+01 6.351460794501719853e+00 1.010435268536981646e+01 1.461767421862612970e+01 1.847593342435303398e+01 8.465420667558626988e+00 9.011340710194309267e+00 7.322929121600997959e+00 4.528221930333789835e+00 2.886968709227739627e-01 5.207608908468212228e+00
0 1.302199921020336859e+01 -2.460643289280036683e+01 6.303427431488254129e+00 -2.234661333279458206e-01 4.672865007026942408e+00 3.495700546356911076e+00 1.215601453841098767e+01 2.790887236615196887e+00 -2.396905106999615231e+00 -6.084052482842171372e+00 -1.462296199198836888e+01 -8.830293630043435371e+00 3.286010266526699031e+00
0 1.308136718630525941e+01 -2.504649218731223570e+01 9.801994185413184013e+00 2.884100135298897971e+00 1.045418417849188231e+01 1.268069425458239685e+01 1.335195275643713231e+01 8.439646930243249301e+00 6.310469211598597639e+00 3.263827430601851987e+00 8.053471704434532086e+00 2.809607450925669103e-01 3.690286561235918417e-02
0 1.312681665814397114e+01 -2.381395745639583339e+01 1.044668858271563749e+01 4.038029196338472460e+00 9.727310579378693589e+00 8.638371322438752387e+00 9.064338300184326513e+00 6.978424747133401773e+00 5.444539646283892420e-01 -5.438021177480315771e+00 -3.694547063404308940e+00 -4.143701788804662556e+00 2.037976369550175804e+00
0 1.300263521952900980e+01 -2.732712105368165822e+01 7.647284851818587192e+00 2.071049311123887904e+00 4.557719431126963983e+00 6.687092205591594229e+00 6.048789052205223449e+00 1.325836501931977107e+00 5.576217622961455511e+00 -2.194296530707995796e+00 1.218840179195331164e+00 8.336431666694927856e+00 3.366146551969574130e+00
0 1.348891724264519709e+01 -2.321370504473069829e+01 -1.432273899625085001e+00 -7.252385328755989846e+00 1.308525937904858694e+01 3.643089007235987253e+01 2.619936404148018383e+01 -1.093752327205482100e+00 3.435085314889635200e+00 -1.805714745014393552e+00 8.001000533773181544e+00 2.434630306165727021e+01 1.381538049741739549e+01
0 1.330100826070288811e+01 -1.742634137207053868e+01 6.066945517624386497e+00 -9.318072137323632376e+00 1.302383262859545177e+01 3.212838453727414390e+01 2.294843697095278401e+01 -4.145106600332995050e+00 -3.723359213457674954e+00 -6.867751657782021901e+00 2.489688124791128665e+00 1.111003787876323656e+01 9.354901262235527426e+00
0 1.306602569057112539e+01 -2.285658797694433986e+01 1.608480055189401270e+01 1.250486323655723453e+01 1.260393403034797366e+01 1.030694648729532226e+01 6.885699396606234757e+00 -9.243706850868086411e-01 1.299542853885949922e+00 -1.853998481785496644e+00 3.060823401360366791e+00 3.811980193529339367e+00 5.252103590825373480e+00
0 1.307697114662496674e+01 -2.516223442369704344e+01 9.508188854187382688e+00 5.086367432397489452e+00 1.248242830396499947e+01 1.275874682164569762e+01 1.068001962894295964e+01 3.220350947867988367e+00 1.094958050430959595e+01 1.141676050347511229e+01 1.338739742945026201e+01 9.114687613426079693e+00 3.945213970224821676e+00
0 1.309486605000865644e+01 -2.405499827783373945e+01 5.600435894215261001e+00 3.595194303346807896e+00 1.081708669245703192e+01 5.817412517767001745e+00 9.306204384170829513e+00 4.375385222348688430e+00 6.519791110567285664e+00 6.489199726107579558e+00 -1.121112996722801958e+00 4.251088165266361685e+00 6.981967539793181743e+00
0 1.320470014522431512e+01 -2.548478427689415682e+01 7.996611560278068076e+00 3.377494165855945862e+00 1.093829897955482622e+01 1.248903527987786788e+01 1.353101901813812269e+01 4.710525329925069116e+00 7.806770280336261081e+00 7.803426100789739195e+00 6.898007270267364710e+00 4.661424058908211876e+00 9.625243679568495025e+00
0 1.327162903702096131e+01 -2.456277732998855612e+01 1.115122442152059179e+01 3.523295727302197200e+00 5.486634680520212193e+00 6.287216306668738319e+00 9.530623767972176807e+00 7.879546480266948372e+00 5.874764032023156446e+00 9.584641332165751981e-01 4.724405931878595810e-01 -1.545073510801914907e+00 -1.933091879335981256e+00
0 1.314343582828827373e+01 -2.505220831223994438e+01 9.694932377126473710e+00 7.313193313503064452e+00 1.353288086962486503e+01 1.180820265341117548e+01 4.328763143931171342e+00 -1.244069494970212242e+00 2.763884767148279131e+00 -1.733624041848451869e+00 1.331756281035023193e+00 -2.539307571610192493e+00 3.064093206683612625e+00
0 1.302584913610423811e+01 -2.370491342314673133e+01 1.129153006711797147e+01 8.799430515487408400e+00 1.346135756420284579e+01 1.149587573056482448e+01 7.305146140836868973e+00 2.077043781690763424e+00 9.368291883456691949e+00 8.482752300669053724e+00 1.335512181834020495e+01 9.912473557530638857e+00 4.549186118477460461e+00
0 1.315472442247555840e+01 -2.513812488071934581e+01 9.090804892522532654e+00 7.925296736569655387e+00 1.425546233229096948e+01 1.690348993769894292e+01 2.282938192416240852e+01 1.376410601375631160e+01 1.396517327456019331e+01 2.375685536006676646e+00 7.558419258255052453e-01 3.337144779989459131e+00 2.456688566812689434e+00
0 1.320198571028023515e+01 -2.484534548227588147e+01 1.125652332386656518e+01 6.228996319450406993e+00 6.316210692557748807e+00 4.595236325451017123e+00 1.676505949034405774e+01 9.096505015631484170e+00 1.781438862998493633e+01 1.126388727709010951e+01 7.875813647315454524e+00 6.964130915358074603e+00 7.262634734348024423e+00
0 1.316471339829219467e+01 -2.160517687376368912e+01 1.673951722219728211e+01 1.107356425052787685e+01 8.486514462521576263e+00 1.104399023413400371e+01 1.208717825202511342e+01 3.477943824407011331e+00 6.112782158571546276e+00 4.742190659036706890e+00 5.327448271431644677e+00 4.695952991281084010e+00 5.280097870774832503e-01
0 1.332584237134308758e+01 -2.690777348377774203e+01 8.892313351506823338e+00 7.666641353274832760e+00 1.363935040287614164e+01 9.469295753141237171e+00 1.309319272011572721e+01 7.519872098887450562e+00 8.917810385382296090e+00 7.362853037369867515e+00 -3.265167566806069566e+00 -5.874492931474854629e+00 -6.990192698649936531e+00
0 1.330331477715080268e+01 -2.413155324813829594e+01 1.009047036558642851e+01 5.764563790641070717e+00 1.288730150281220332e+01 1.160602880323918917e+01 1.142827376901998448e+01 9.720753130901055528e+00 1.298264489931149157e+01 9.272625983243120373e+00 1.479753607007256022e+01 4.749142954405590089e+00 6.376817920555031272e+00
0 1.328056264361790362e+01 -2.811976637600976758e+01 7.662100573966617034e+00 2.830088954353897623e+00 1.434212591372399359e+01 1.963938134911650479e+01 2.103433550469978286e+01 1.555581132973136782e+01 2.059998958695425486e+01 6.991001989785667448e+00 3.209746566925586020e+00 5.518376498193460655e+00 8.179798169075429115e+00
0 1.309544868273878393e+01 -2.524756328472480860e+01 7.960062009116215975e+00 2.185116521007805623e+00 1.645725906868317523e+01 1.804283347518181913e+01 1.329984985258746022e+01 5.568857107755928126e+00 5.489226396398262153e+00 -3.779221264752204323e+00 5.059252580831118173e+00 8.613664173634974830e+00 1.197532170923946371e+00
0 1.325994238703580663e+01 -2.315261073812994042e+01 1.334365805950837469e+01 7.432583370591330230e+00 1.289419860564761855e+01 1.176920660581704681e+01 6.759290335515363957e+00 -5.320178890270941707e+00 2.965425840943842761e+00 -4.687885850524142306e+00 2.262563178689975807e+00 -1.205819467464222638e+00 4.233139877288570219e+00
0 1.308071365985311729e+01 -2.123671082904252572e+01 1.468698577126560778e+01 9.891155659458810590e+00 1.197454794334563211e+01 1.484260260348056804e+01 2.020139817734971999e+01 7.324230206371287188e-01 3.325190047301377572e+00 -5.942265025270526912e+00 -4.607331508112411989e+00 1.629842069592507992e+00 4.755132987749132845e+00
0 1.315746672556626429e+01 -2.442107622449842097e+01 1.194365955222173525e+01 1.175748877904064571e+01 1.977473396383624760e+01 1.617347671668404629e+01 1.808391807441392274e+01 1.033851134404378591e+01 6.390078372865214185e+00 -7.932222408690699389e+00 -1.189285339478077574e+01 -1.232090543640340030e+01 1.024561124006001744e+00
0 1.307360280944665121e+01 -2.422488079467585820e+01 8.490723351143241615e+00 3.254200986103772841e+00 1.167368282412134306e+01 1.042978359509199748e+01 1.468764100715382703e+01 8.967157360381289521e+00 1.072378735758966606e+01 3.111231122387935422e+00 6.940601289329714874e+00 5.434826306400490026e+00 3.705385558329331808e+00
0 1.328526504226155325e+01 -1.905300860284255648e+01 1.385443169554951304e+01 2.949915630908944930e+00 1.298130482908491246e+01 1.180346234977801778e+01 1.363149123194724055e+01 3.135607763101083467e+00 1.338153595254859951e+01 1.038821669283252014e+01 2.301609902819641007e-01 -8.359456992870988756e+00 9.424937060947473633e-01
0 1.334051560427040606e+01 -2.407206183490684381e+01 1.080860943116298323e+01 2.663269498467213392e+00 6.034346624025968886e+00 9.983028934478298311e+00 1.419762013886666630e+01 8.034233496546468345e+00 1.431252786307948099e+01 6.621390580802049008e+00 5.877497385133994001e+00 -6.180254526494541878e+00 -7.735742872276516913e+00
0 1.317028921002928854e+01 -2.635299920789401540e+01 6.863514793998322538e+00 1.533869862202781764e+00 2.570140954927597310e+00 8.655021048584996990e+00 1.087492871459095412e+01 3.876623746666648884e+00 1.528609110493845069e+00 -5.163282373719817464e+00 -4.587274497122440842e+00 -1.141129320976623163e+01 -8.482657934513591513e+00
0 1.309356745957693668e+01 -2.191590065398450449e+01 1.341276583361280750e+01 8.711386791492540027e+00 1.185631431245293754e+01 4.177550344108506231e+00 1.071963378278947943e+01 7.921957180728233183e+00 2.941932948514267121e+00 2.015376341065305166e+00 8.821290534975151587e+00 7.245957113782445447e+00 6.503348619400706632e+00
0 1.438287871950071661e+01 -1.621660421609113811e+01 1.287220805193847895e+01 1.925930495662951003e+01 -2.787199511783829742e+00 1.417636248145105959e+01 -1.058411366183102054e+01 -2.905902816943135036e+01 8.487804486937685411e+00 -6.342213790613731028e+00 -2.219692962321186869e+01 -2.329359406277415090e+01 -9.694465629197338785e+00
0 1.440405446947559120e+01 -1.757521176768567628e+01 1.413918385402942057e+01 2.467946189640261778e+01 1.342568003503377838e+01 2.368130313407994691e+01 -4.029170454950844693e+00 -1.939514901157959414e+01 1.417737529072157621e+01 1.331827232213295131e+00 -1.012703151862614703e+01 -1.017719247794346771e+01 -8.107841217088102681e+00
0 1.472997946279903658e+01 -1.585842687606274737e+01 -1.176756264152117204e+00 2.115202777651988697e+01 2.678339381297216448e+01 2.219046221288704501e+01 -1.647681282748997234e+01 -3.135147445557204193e+01 1.104902297073378215e+01 -5.401450272226241550e-02 -2.025795537872562946e+01 -2.965468936663093302e+00 -3.418888929815159017e+00
0 1.543598784944962254e+01 -1.233088541730764831e+01 -6.316870868106762238e+00 1.891915821261688890e+01 2.708676832374578680e+01 3.292170431211198434e+01 -1.499513261371011907e+01 -3.397859454203218377e+01 1.328837049980760732e+01 -8.180729705832138876e+00 -1.802410510765892937e+01 4.334259978318648621e+00 -1.912295117461950245e+00
0 1.548419726350952352e+01 -1.197843765534794436e+01 -2.854427374764844760e+00 2.215637195596539399e+01 2.022746830515362504e+01 3.132819461437783914e+01 -1.001570423458355918e+01 -3.896076476829048829e+01 1.364892537741023304e+01 -4.401134669698862467e+00 -2.657731111140665448e+01 -6.669879015677810941e+00 -4.027563934270333768e+00
0 1.563165311457974305e+01 -6.737676473987759707e+00 2.643319778749064763e+00 2.515125047806633773e+01 7.496508137635218283e+00 2.402654006167494316e+01 -7.659069550197859400e+00 -4.002758028737759588e+01 1.122070596589371583e+01 1.504580307866089317e+00 -2.116687003312144455e+01 -1.343880238149148809e+01 -4.743158766894832290e+00
0 1.578960908329337443e+01 -7.589685597827290131e+00 1.510380256934466203e+00 2.986708751119695293e+01 1.353002503211207497e+01 1.906877376000891999e+01 -8.688108018014343514e+00 -4.192573410530800970e+01 1.054276219397956815e+01 -3.892851808502845845e+00 -2.741154123312875868e+01 -8.778395650829750707e+00 -1.185323442310906650e+01
0 1.603122054302905752e+01 -7.633327355304342809e+00 1.851078855848580007e+00 3.787157512870204101e+01 2.017363399238093891e+01 1.543295896058228145e+01 -9.322257926899199632e+00 -4.175307050767215600e+01 1.027705471467250753e+01 9.228858591034572179e-01 -2.924607376170846607e+01 -1.135321516950001497e+00 -1.460495409194109806e+00
0 1.574169982630229114e+01 -5.131126944492653053e+00 2.121512925689317264e+00 2.331308613831446053e+01 9.239721898054090943e+00 1.077823800816946154e+01 -1.269026031437465463e+01 -3.454895284842299219e+01 6.713606381832448733e+00 -1.544130532762017438e+01 -2.847838489759725178e+01 3.729554368007029996e+00 -1.283778730417441283e+00
0 1.530987019378735603e+01 -6.100218622822571213e+00 3.301471496643576753e+00 2.811635602404327727e+01 2.470068076593789996e+01 9.097974497885711997e+00 -1.222509262823590603e+01 -2.876473525779386975e+01 1.700405755454159173e+00 -9.898371987141535655e+00 -3.041332086016595682e+01 -6.115773326658556996e+00 -1.259589289730564055e+01
0 1.539438187738230113e+01 -6.403003777089689486e+00 1.000026007664594374e+00 3.271877182415365581e+01 2.871298294318968658e+01 9.500221871435019949e+00 -1.386009508241626165e+01 -3.621368877430153077e+01 8.102882268793386800e+00 -1.256581304651578579e+00 -2.414868449905259951e+01 2.010554172124781047e+00 -4.632541674211017479e+00
0 1.551910144922614698e+01 -1.088123393005450268e+01 -5.286581436174775384e+00 2.316459101794302100e+01 1.780716029184221227e+01 6.942163834588814808e+00 -2.019114910610658242e+01 -5.205805554232382804e+01 -6.910426967877274507e+00 -1.457246684634515788e+01 -4.271562483378729524e+01 -1.524273403420045447e+01 -2.244940087609209911e+01
0 1.545655393277043466e+01 -5.442965986797021039e+00 2.384586907829326474e+00 2.539920612569966352e+01 1.191190945359679709e+01 3.173299419924511700e+00 -7.777981465346766043e+00 -3.584812325024194024e+01 7.910932311683995799e+00 -1.401154609482422764e+00 -3.018886010180672486e+01 -1.001207074219638926e+01 -5.937847563854536936e+00
0 1.545577216788032793e+01 -9.781077140302461004e+00 2.643172806804821029e+00 3.182335224292215869e+01 1.900143196591184847e+01 8.417892032337784158e+00 -1.161640040416499176e+01 -4.633783724805328319e+01 -5.394189253235206039e+00 -9.089824772339920145e+00 -2.780356657227813244e+01 -5.615510293596203795e+00 -7.064930309222594573e+00
0 1.546244040568630673e+01 -8.046275096842029129e+00 3.858816878413086737e+00 3.387237634077166604e+01 2.700725344067923928e+01 1.490263483131082545e+01 -1.234327401031568883e+01 -4.404067191150981131e+01 5.834733763606362089e+00 -6.588282133103803062e+00 -3.101980306011357769e+01 -8.496358421684697682e-01 -1.857596134239406060e+00
0 1.569638969769512116e+01 -5.720773006777926106e+00 3.949776732854291539e-01 2.737355250587676281e+01 1.108133384528128040e+01 3.969691732544551765e+00 -1.090844011183406437e+01 -4.114281573711684104e+01 6.299617800065269613e+00 -1.004845678851498292e+01 -3.248791321969749646e+01 -5.892232913285698759e-01 -2.391576339788497929e+00
0 1.542952769689950365e+01 -7.230136411061974577e+00 2.623046269074227776e+00 2.590747407197769547e+01 1.880529995342736527e+01 1.005229258058802699e+01 -8.816223753387795625e+00 -4.148051836702175166e+01 6.873723386559237092e+00 -4.752049719692159613e+00 -3.420009736503318720e+01 -1.196611122159685259e+01 -1.157273100641874386e+01
0 1.508935067185147538e+01 -7.914731780255145566e+00 7.551364136067570065e+00 2.991445210520680220e+01 1.942475793016762609e+01 1.057765220630566816e+01 -1.052995957853189601e+01 -3.710743609227767337e+01 6.335082262558218602e+00 -1.729516838441522708e+00 -2.309133570554763537e+01 -7.265434765726119792e+00 -5.539760890642429381e+00
0 1.533869011216028078e+01 -8.752764590933843181e+00 7.030649837734046947e+00 2.904502021450787197e+01 1.339966960517083727e+01 7.872796439300638660e+00 -7.276734888284689617e+00 -4.434334686994503727e+01 -2.901349387648174183e+00 -1.374759645206220782e+01 -3.298468417982403622e+01 -5.500401945152948890e+00 -1.010272732985398569e+01
0 1.527499340355982227e+01 -3.183232413859787169e+00 6.291236550302389929e+00 2.429094895309812685e+01 7.341587281222640371e+00 2.498011406345928442e+00 -5.097587358433324667e+00 -3.110135620213845797e+01 5.340382040522372975e+00 -9.156960254907184904e+00 -2.831572986660518865e+01 -1.035478171408708459e+00 -2.921727089356687568e+00
0 1.552858089892650284e+01 -8.742930622436944077e+00 3.867974589584077805e+00 3.296962935486280344e+01 1.904055857309284505e+01 9.797954013944520923e+00 -9.687561303929982159e+00 -4.035484845269797916e+01 -2.059962143497840736e-01 -1.138100367330616436e+01 -3.521351613513168388e+01 -2.264884167527922099e+00 -9.144864979788691173e+00
0 1.569376710265767549e+01 -1.037474647370023995e+01 6.499440703391986318e+00 4.012195616162764367e+01 2.255678072397330070e+01 1.610264610238741412e+01 -1.502223795366420411e+01 -4.596727954924964621e+01 7.923107779954786878e+00 -5.691696878172567864e+00 -2.958211193394171445e+01 -8.180380690469923888e-01 -5.131333837941275178e+00
0 1.583484954992708005e+01 -4.594093853787168946e+00 -1.585580444433725422e-01 2.518961723579888101e+01 6.595900023489665642e+00 5.276518889310803040e+00 -9.750960702754342790e+00 -4.563975720965274974e+01 7.224862802589407274e+00 -3.345502619092599161e+00 -3.481359417719033189e+01 -4.836940509053258452e+00 2.011983822842658753e+00
0 1.564486007467905004e+01 -7.277419549864768022e+00 3.165015741834011020e+00 3.390550681269886724e+01 1.454549883115582531e+01 3.754680311695122619e+00 -9.441998811897295951e+00 -3.543143531062563056e+01 6.015294630324325098e+00 -7.543817845581178183e+00 -3.286138017633160047e+01 -1.070263498346179531e+01 -8.487354370946667004e+00
0 1.528376305732747120e+01 -5.646434254432755040e+00 6.933109413817069466e+00 2.909699020731166641e+01 2.045254336627251135e+01 8.883464778788606964e+00 -1.427584777754543843e+01 -3.642431808304436203e+01 1.368429639830496747e+01 6.790803320962952583e-01 -3.030357054136415229e+01 1.726304344492975762e+00 -1.439754089379809310e+00
0 1.587240771397136463e+01 -1.109180712680586822e+01 -1.362150335047353611e+00 3.292445939220161222e+01 2.216044788492766315e+01 1.269958807027002301e+01 -1.786432692175418779e+01 -5.150019663117450364e+01 7.509439212088554250e+00 -7.514749481150451160e+00 -4.197062976708876647e+01 -1.540756441279306443e+01 -1.209973135623802598e+01
0 1.564517891640203118e+01 -5.702369091238797871e+00 7.190037511325546582e-01 2.795075687808123988e+01 1.057329573084636820e+01 8.617157357524455108e+00 -9.597791812586592641e+00 -3.773488715214206479e+01 9.761853641694028028e+00 -3.147378291822835017e+00 -3.033063758025162571e+01 -8.895741170306097345e+00 2.968719460741815031e+00
0 1.514611961369732285e+01 -7.175161669219765948e+00 9.190987479036941465e+00 2.459850756748568656e+01 1.555846606049322745e+01 1.211963409754009469e+01 -1.443720518175057776e+01 -4.229030385580577445e+01 3.966406795713686595e+00 -4.897462021877236005e+00 -1.667671083349317840e+01 -5.512000959108508624e+00 -1.671171474890581266e+01
0 1.519719657282320746e+01 -5.392833750632443746e+00 7.924551497932027289e+00 2.378634871976256093e+01 1.218018774438628249e+01 1.095701328604900304e+01 -1.309939673434552354e+01 -4.346609506176226034e+01 9.161106938650624087e+00 -2.852622674882577147e+00 -1.704370499233243663e+01 -4.842209283362228334e+00 -1.624887318153552940e+01
0 1.528188954702948443e+01 -5.966658365038739475e+00 5.246300298562886155e+00 2.594436103564039087e+01 9.450954409294142877e+00 1.213796326388873581e+01 -6.710272032802289566e+00 -4.080878363825742383e+01 5.637692912182624916e+00 -6.214671522414499272e+00 -3.077991411991032322e+01 -1.257988345827873644e+01 -1.523116537962469685e+01
0 1.539468666991831824e+01 -5.064145279680058565e+00 5.895518911048818644e+00 2.391005798054203524e+01 1.241892520811768641e+01 1.642940562425729567e+01 -3.517843355212279643e+00 -4.783879150931951330e+01 6.845366221762835046e+00 2.412037395156235497e+00 -3.286415303189824044e+01 -6.938469039142271200e+00 -5.170416712241951096e+00
0 1.569554394622318227e+01 -6.727214155171993504e+00 2.846422146391873742e-01 2.542802824018682983e+01 1.019656552569408525e+01 1.181005410579132509e+01 -1.866912242490498741e+01 -4.869588974145717941e+01 1.057584235661528105e+01 5.149511121675006686e-01 -2.489175702590750916e+01 -5.726959083894827884e+00 -3.778202526854718801e+00
0 1.542671035755858711e+01 -9.579081447907963565e+00 -1.737289735169465388e+00 2.456826439426176734e+01 1.325561293221170267e+01 7.789662488290383990e+00 -2.170682354901396849e+01 -4.811975859217685070e+01 5.146310602476439122e+00 -1.517380805293926116e+01 -3.247244729262730090e+01 -1.363283269502793971e+01 -1.745270193629689359e+01
0 1.521343200373246418e+01 -9.484035358310267227e+00 4.101892823176503278e+00 2.744122045730218673e+01 1.903820294464974339e+01 1.668294922159893545e+01 -1.576427818255195668e+01 -3.967456712145840925e+01 1.549953299121797912e+01 -5.009814409413668734e+00 -2.468325604319023370e+01 1.891953499757194290e+00 -7.745260954727079650e+00
0 1.464770952779303848e+01 -1.185659230639253536e+01 7.591026215550513712e+00 2.105080765353299910e+01 1.194695958516803991e+01 1.057018963717718130e+01 -1.165249268166839691e+01 -3.855510574122921952e+01 -9.622142383414028499e-01 -1.580044636665348889e+01 -3.576135289879792367e+01 -1.679417443430697077e+01 -1.353253560681941003e+01
0 1.417660524295278357e+01 -9.874263934865513903e+00 7.183952101831454939e+00 1.354525256325734262e+01 1.376486399599567356e+01 6.921074315369044605e+00 -1.437766654742318728e+01 -3.764090571023405118e+01 -3.839967400162032085e+00 -9.463978346038119938e+00 -2.608224212397230346e+01 -1.880958262339552789e+01 -9.171235223410365123e+00
0 1.371075940785576108e+01 -1.299705045615999310e+01 1.050801876463583007e+01 1.268865673439424668e+01 2.607927135118591977e+01 2.323743713069872641e+01 -1.165736658563707095e+01 -3.942804748003055693e+01 -6.960495836498949096e+00 1.053927771632830801e+00 -1.553965242981965211e+01 -2.455513157615675013e+01 -2.072555888108795585e+01
0 1.336737850506093750e+01 -1.412697981136480507e+01 1.126632603166677526e+01 9.459367307412493986e+00 2.243962531684889328e+01 2.121146460185859084e+01 4.515926283561219279e+00 -1.545136766163192199e+01 3.326794267989490628e+00 1.104791578336906888e+01 1.106248966114796728e+00 -9.029507336651649396e+00 -7.869623694960653282e+00
0 1.318206944198944797e+01 -1.799890775712520607e+01 8.862788830832812437e+00 5.694901603733971918e+00 1.539424556081599960e+01 1.190817224854102818e+01 3.510363236472048065e+00 -1.766254087351878255e+01 -5.273334373058623292e+00 8.208006827885652612e+00 2.843038714143395040e+00 -6.517535884946264346e+00 -8.211426437336443840e+00
0 1.316140588775923526e+01 -2.497657083170847159e+01 8.890274300099486382e+00 6.004278446600273433e+00 1.769741848373387683e+01 1.520011027991543706e+01 1.360351890670675878e+01 -6.594176294189201926e+00 -2.319763791002121600e+00 1.520122007567666252e-02 -5.609670630327160623e+00 -1.107201792999455847e+01 -9.810886643399967966e+00
0 1.308837517160251984e+01 -2.318094105151496365e+01 1.148531190225505405e+01 4.673288837108730220e+00 9.658809021968952635e+00 6.552442834175650432e+00 5.852470930836021878e+00 -8.355535601736471918e+00 -6.460739225744087655e+00 -5.171082030319302802e+00 -9.578148191472259043e+00 -1.237322691664001084e+01 -3.406592305574557500e+00
0 1.331967219621877696e+01 -2.217473497809334049e+01 1.563214774938033003e+01 8.663305970785808441e+00 6.074219863990223622e+00 5.556714402646830031e+00 7.371800680528750149e+00 -3.516195318983581508e+00 -8.181053343925485777e+00 -8.149991285017028630e+00 -2.118182458514184852e+00 -7.129483588642504088e+00 -3.469060142204957842e+00
0 1.313134044638211861e+01 -1.752819849615981340e+01 1.778402333184561002e+01 9.566390682820069102e+00 1.462276289785824090e+01 1.247686912380151192e+01 1.088059832271521010e+01 1.917227817016064151e+00 6.070230861560929725e+00 3.622784791952810668e+00 2.897246607625976744e-01 -3.409094977385607184e+00 3.814070443959126422e+00
0 1.308579753081342822e+01 -2.573610482180475145e+01 7.594228221000972390e+00 3.204355077568737720e+00 7.753291661401473966e+00 4.256304176684095886e+00 2.747026780354406839e+00 -8.906008311226515373e-01 1.305867032763761948e+01 1.435382995122774830e+01 5.777701315615203503e-01 -3.718744829719987877e+00 -1.431492976297634279e+00
0 1.322813175815278619e+01 -2.883668486876110748e+01 6.513455984650237340e+00 3.540834613960323285e+00 9.684174610146293105e+00 8.117754388949521172e+00 4.772358001915080195e+00 -2.573085423056847620e+00 2.774559501148651464e+00 3.393732127737534854e-01 2.650845733770451407e+00 1.283442343573557298e-01 -2.858302453672659116e+00
0 1.328511192918317896e+01 -2.082426702748256275e+01 1.423639449292606507e+01 7.570346597456277138e+00 1.248385665901569119e+01 7.428519748453154214e+00 9.732788849112029794e+00 3.760883871355418240e+00 4.198064680124975467e+00 -4.345639444459426515e-01 7.336776083532299708e+00 4.567055829117182775e+00 9.349427308393631009e+00
0 1.321834305565711531e+01 -2.602897851188980027e+01 1.088182372764618933e+01 4.427941769782409942e+00 6.275968501428889290e+00 5.861052117923775562e+00 1.036454401059670616e+01 2.655410318252399371e+00 6.930758691510185976e+00 -1.684943881491151929e+00 -1.102228022539903485e+01 -1.239833088617035983e+01 1.394253571311153683e+00
0 1.316340096964310113e+01 -2.403207161888266441e+01 1.150783815020757039e+01 6.953979702639442984e+00 6.236282724842940439e+00 2.674121464593837150e+00 4.293089667819987021e+00 7.290524700981164230e+00 9.274571300852473499e+00 1.075405102159040283e+01 1.498831389776397849e+01 4.144746825145287694e+00 2.718584978119455098e+00
0 1.320754386767334410e+01 -1.930461794152826016e+01 1.480000629483057573e+01 7.298460180551793464e+00 1.086382871030572339e+01 8.630626258879118495e+00 9.907021695738428946e+00 6.045944652313262502e+00 6.637127681129016743e+00 1.125450400744418467e+01 9.313728429403827391e+00 6.804062692389083011e+00 4.822652442633315495e+00
0 1.326220839967370679e+01 -2.041319758184669908e+01 1.385726982959621800e+01 6.858818636131567281e+00 8.284899385902830815e+00 5.580263556295164129e+00 8.625938507229029995e+00 5.158596746024767477e+00 8.005112954823069060e+00 1.331434243226993663e+00 1.675262064959448516e+00 2.904525052874027402e+00 7.120414031317654491e+00
0 1.320807831545722877e+01 -2.553994747772015828e+01 9.308241289821149067e+00 5.369698520110184781e+00 1.780888935751243807e+01 1.995734696965513422e+01 1.217825717595643376e+01 1.012333696975372010e+00 1.309843522682235806e+00 -6.870761069558395384e+00 -5.000525328347850795e+00 -3.038189413976596587e+00 -3.306874866619706754e+00
0 1.328675102051340318e+01 -2.931469428785480957e+01 1.578058250289880782e+00 -6.582227232282759743e+00 -2.508889605933476208e+00 -2.530297588571811751e+00 5.343253121395422411e+00 -1.704873165452894135e+00 -5.885637010042213291e+00 -1.411541170143285484e+01 -7.175927815789992614e+00 -7.707545957890011401e+00 -1.280961372919304075e+01
0 1.321609203260779353e+01 -2.387086126449479195e+01 9.109560599583303997e+00 2.363345683110022133e+00 7.085082847240507853e+00 5.893899758756927731e+00 1.855075537139503439e+01 1.496180891794463541e+01 1.418265741863297791e+01 1.097591691176581463e+01 1.209455512802941968e+01 8.216479910991242974e+00 5.022779226457704027e+00
0 1.310267628209662583e+01 -2.376440808945277539e+01 1.280442654902742028e+01 6.206063328774618526e+00 7.144276989495400798e+00 5.946136008914725934e+00 1.519464115640289670e+01 3.038180749908824918e+00 4.125827952679397725e+00 5.775090456915084047e+00 4.418810265608499321e+00 8.250191237154229640e+00 6.516210778941570858e+00
0 1.301844959939077739e+01 -2.420254947630441222e+01 1.010018052576132064e+01 5.147071779227546884e+00 5.513245182259657540e+00 1.305609555045049275e+00 1.148716184364113424e+01 8.221159530143237859e+00 1.254574724918937001e+01 7.497163146950779122e+00 9.710715131545841317e+00 4.933378979735321579e+00 4.575072534492633736e+00
0 1.319372138337925904e+01 -2.417836788238837187e+01 1.084558611727365296e+01 3.491767197286322233e+00 1.033932865630419151e+01 1.031451021167573323e+01 1.759718886298356821e+01 1.007583454049430394e+01 1.003431305972968879e+01 1.705029413659887894e+01 9.784121760914656463e+00 -2.870193533268829533e+00 2.374231392142034380e+00
0 1.312879145343302056e+01 -1.992536757996793639e+01 1.379946157896213244e+01 6.008554463016422709e+00 9.144767002420735480e+00 8.296039868046298338e+00 1.496988535518752172e+01 8.041375593703810054e+00 1.458756934987895626e+01 6.450651439644018659e+00 6.592059757926768349e+00 1.122927747419979916e+00 2.024672564810757525e+00
0 1.314666310581552722e+01 -2.407036380836982303e+01 7.711980632997548213e+00 1.527238651221330956e+00 7.587309756145174333e+00 1.384475409039874805e+01 1.505648389545250510e+01 1.065680951644182883e+01 1.089062473100250372e+01 4.288915601946397871e+00 -1.630914604249393829e+00 -5.194401267574114911e+00 4.671850392163890975e-01
0 1.300597433800618496e+01 -2.498985569337984458e+01 9.033826504947548131e+00 1.843230393165797620e+00 8.025361192151223122e+00 1.810430663450603106e+01 2.121591776630844350e+01 1.359079699268380992e+01 1.765128322989065879e+01 8.129403555368151402e+00 -1.688954375092998131e-02 5.057415756196228074e+00 4.269167306918264515e+00
0 1.314571022850745941e+01 -2.434628858662209794e+01 8.352418564191298245e+00 3.787140346220246201e+00 1.151645244601762741e+01 1.384988611455076146e+01 1.502603426238059470e+01 8.720720997551190123e+00 1.240424651697358804e+01 2.531818576598541815e-01 2.196309626619145305e+00 3.561935627712525809e-02 4.495914252087075624e+00
0 1.325060923117855083e+01 -2.245351451420473410e+01 1.263349351183229885e+01 5.578521759854100814e+00 1.047302273748326584e+01 5.745988684924615342e+00 1.060980918434179188e+01 1.154877579215066596e+01 1.277752522447361372e+01 5.121910201693821385e+00 5.611738806689497316e+00 6.997389382061874885e-02 -1.207783892758296229e+00
0 1.326566026971487844e+01 -2.583667628182232079e+01 4.675756380780281773e+00 -4.506998555731410727e-01 7.010331480257190329e+00 5.755205655094214556e+00 1.291279800537900080e+01 7.179133925853875553e+00 7.261313408460018159e+00 7.118805134117462075e+00 3.042712678516643177e+00 -2.829450015522897655e+00 -4.212915125812544126e+00
0 1.328036097564787354e+01 -2.542785821774173627e+01 6.264670439041834626e+00 5.586328567644717857e+00 1.527982833674375662e+01 1.356992781006623794e+01 1.683218460320894394e+01 1.173448161252529509e+01 1.266025040814029090e+01 1.147822412377301049e+01 1.276887733529652103e+01 7.178857234935748899e+00 7.684270820915817257e-01
0 1.321798744615130161e+01 -2.067873277703801449e+01 1.203374846955871291e+01 8.245746595968507009e+00 8.743068946836249467e+00 8.875346688768342318e+00 1.393374535165881056e+01 7.191684381856860320e+00 8.664674442705150526e+00 7.095045130743039330e+00 8.525951115765334265e+00 -5.190013303637885045e+00 -8.999300428410075270e+00
0 1.315648095065859913e+01 -2.045248489646321488e+01 1.251716291006586168e+01 3.928332936345378723e+00 8.471125022360206813e+00 1.393349801393610576e+01 1.619301311819089761e+01 9.426056941965569536e+00 8.626643035388248393e+00 3.368817140745962391e+00 1.253857216347312509e+01 4.498149898658309054e-01 -3.007301721610540213e+00
0 1.307018083887026982e+01 -1.947671784464186118e+01 1.390970404327129373e+01 7.549450327066660194e+00 1.227653254547717410e+01 4.649746248364417411e+00 7.832408630962033769e+00 5.165477335741050169e+00 8.318955855720572501e+00 5.042086227218806727e+00 1.104047970455522076e+01 1.039260752619578909e+01 5.896010220501197274e+00
0 1.303929566681971330e+01 -2.132840040903180068e+01 1.335037983334839673e+01 8.607560157024490621e+00 1.053168195115738293e+01 5.643879987064380543e+00 1.467210650780632264e+01 3.071093585092727896e+00 7.352976985026996593e-01 -1.942525611225059290e+00 4.124163936137373199e+00 3.419140172687002099e+00 -6.547685391301303337e-01
0 1.309459703506268902e+01 -2.478194582414578662e+01 9.732584050265229436e+00 5.361155694616449807e+00 1.632933268509794189e+01 1.338187872618040153e+01 1.409839636932502849e+01 5.788996124904901563e+00 1.288495926441119011e+01 5.634006861366296359e-01 -5.414447353973742771e+00 1.808368975772205012e+00 5.471349937237337535e+00
0 1.326897988061464595e+01 -2.223092147270046581e+01 1.346104691441798451e+01 5.003858279042917800e+00 1.256755533421080351e+01 8.176248002171368157e+00 8.603489695526524983e+00 6.549483392768673973e+00 8.953365786296286544e+00 3.999835222527634127e+00 3.095758881816288888e+00 -4.464543148081953738e+00 4.993061927412695056e+00
0 1.315868149076892735e+01 -2.658416688399247008e+01 9.063182866565389517e+00 3.382194053981522064e+00 5.373812622326195054e+00 1.083161975378286357e+01 1.318093860222072422e+01 4.199730265361536929e+00 1.362979942436937897e+01 7.205203564001098293e+00 -2.401749730963668394e+00 -8.276392317660086206e+00 -3.866050329492539905e+00
0 1.325076164536226031e+01 -2.354906245468927040e+01 1.076641684519365860e+01 9.024720934626785152e+00 1.023893946582843739e+01 1.291891192038275982e+01 1.389325070122390215e+01 1.129313051786681754e+01 8.622842410312701489e+00 7.006999023567584750e+00 6.125933459580108043e+00 4.561506690258527286e+00 5.518602067761967156e+00
0 1.311951090526059538e+01 -1.954088070449141767e+01 1.308423092985265157e+01 8.158723404060516771e+00 8.618985311211433853e+00 2.553765173196048455e+00 8.627589304788511271e+00 6.142217186469182799e+00 1.525107342906164787e+00 -1.011771913403979184e+01 -6.255737108683701031e+00 -5.108040104812023863e+00 7.486686960713698546e+00
0 1.303584569593993159e+01 -2.317439717044839398e+01 1.094026126088398776e+01 6.693959845305400336e+00 6.532416515109067845e+00 6.842359947064353243e+00 1.674599676902890621e+01 1.592994564779962552e+01 1.006524692961199641e+01 -1.025237863996865784e+01 -3.551805211294337905e+00 -2.229687908490665671e-01 2.378263450511408639e+00
0 1.298101138210513739e+01 -2.286165075090516652e+01 1.306161814756119277e+01 1.012529071428336280e+01 1.030866375176143990e+01 9.804496363723586683e+00 6.328904077368072478e+00 2.108799144961373440e+00 8.495974773230001276e+00 3.184080555595872664e+00 2.462052494504173072e+00 -2.564522166043112783e-01 -6.164292972327354292e+00
0 1.321125605092233712e+01 -2.461679622639001508e+01 1.064680945929735323e+01 3.709276636740630018e+00 9.590897019246821031e+00 1.210727517450619928e+01 1.484906370379125740e+01 4.415403102668353341e+00 1.018868128230404579e+01 1.406148276849018330e+00 3.113059686191217867e+00 1.761051291628547011e+00 -2.445798539252783677e-01
0 1.316490445425023026e+01 -2.316129001521570530e+01 1.097845099562348636e+01 3.655463088878925682e+00 1.153326040902129179e+01 1.044811112719597546e+01 1.055722039750669161e+01 6.006220936376934993e+00 5.708932025379090724e+00 3.115201887845941431e-01 6.618086353923868792e+00 1.370763345575034764e+00 2.739579268894629216e+00
0 1.302953012539033928e+01 -2.485863654048535665e+01 1.905849640640182141e+00 -2.965351378179021502e+00 9.769984587028538670e+00 1.342710934670733280e+01 9.308125042211706557e+00 -2.365556352272694340e+00 2.071491776821090980e+00 -4.595349265436006192e-01 -4.370719350246175416e+00 -5.820330472129764843e+00 -1.300039073310678583e+00
0 1.316173876360262973e+01 -2.272598403866109962e+01 1.255062385886727405e+01 8.252541281203457757e+00 9.163187794754488635e+00 7.691376913223541223e+00 1.313730136688521100e+01 4.659326197420877058e+00 1.686039678662038410e+00 -4.164126592003808192e+00 -1.123955337526947851e+01 -1.151258137043255658e+01 -7.209134274816052290e+00
0 1.315266861747733884e+01 -2.370038327690094349e+01 1.043660704956608498e+01 6.510211988862457666e+00 1.515747586179221074e+01 1.693163318714884724e+01 1.179200836693018850e+01 7.627022546238483303e-01 4.951043977681989894e+00 5.045159538436389646e+00 1.474157798528517249e+00 1.279786796570606899e+00 9.586006186963697218e+00
0 1.321415197357192284e+01 -2.733030782504098610e+01 6.420323398238049428e+00 1.448378293710917974e+00 1.289437799013305330e+01 9.761246771961854307e+00 9.893616781493305368e+00 7.134437487608944473e+00 6.623266880029869519e+00 -5.139872367057124691e+00 -1.024599054108912632e+01 -6.482367244571088705e+00 -2.825168943318203230e+00
0 1.313380395181975402e+01 -2.086812057318721614e+01 1.015895325214688150e+01 3.556115193725281731e+00 1.021377996729096260e+01 1.574445500436964807e+01 1.596194927850441836e+01 -1.435770815511402843e+00 7.770634957050161162e+00 1.526085052288055799e+01 1.176215333364178939e+01 2.632298421951730472e+00 1.165334622450092672e+00
0 1.312064208802679133e+01 -2.238545168321165235e+01 7.862405815038360224e+00 -9.354392601064221990e-01 2.992511344005237994e+00 4.798838018589754562e+00 8.429696883220643144e+00 5.999400849381072431e-01 1.006235116870168866e+01 7.653771204932253269e+00 5.593009811775884188e+00 -2.919276134298056213e+00 -8.035434955647307032e-01
0 1.316811522342531759e+01 -2.494786384532389434e+01 7.526112717605055735e+00 3.522555806010271517e+00 1.000027548292652924e+01 8.730670667446705835e+00 1.712404726061393134e+01 9.933905200666735880e+00 1.002137507506082592e+01 5.965578157841207485e+00 8.490430000433523361e+00 8.622517660517134530e+00 5.506393238053518324e+00
0 1.308991445577448509e+01 -2.401084383352852569e+01 1.095407235581307503e+01 5.439916072059117091e+00 1.466193861822868527e+01 1.590937245024608160e+01 2.204342021268808338e+01 9.611550059744562446e+00 4.165847930922261355e+00 1.982509343309850625e+00 5.620532485128935996e+00 -1.369047937015649641e+00 1.480189972043522706e-01
0 1.322297161811047950e+01 -2.681651757344513598e+01 6.714280021010387678e+00 -7.290593198179169399e-01 8.093436830960053285e+00 1.568636184335392336e+01 2.163399544342470548e+01 1.128442133421433802e+01 1.151092492966989589e+01 -2.271379188516711611e+00 -2.836702732173457253e+00 -3.817062877657364517e-01 1.942389774693638882e-01
0 1.315649313550886390e+01 -2.555802849992430481e+01 8.729448927757669452e+00 3.954297089751767302e+00 1.352324980893669526e+01 1.417703843201863023e+01 1.303451182045263401e+01 1.138143096448726688e+01 1.092623778551456049e+01 -2.529440645760446138e+00 1.383470302297309829e+00 -8.783398708015799361e-01 -1.313762663905294170e+00
0 1.303154453116786371e+01 -2.524837435863114976e+01 4.115048788522433831e+00 -3.033958004151929289e-01 5.264584037869905586e+00 4.208278627527078930e-01 4.610549177810616683e+00 -4.339412851667055482e-01 2.068812977877023673e-01 -1.315003025787415680e+01 -9.809124703845197857e+00 -9.492982834027987593e+00 -1.111826570521645685e+01
0 1.313000000788125199e+01 -2.519548997284186953e+01 9.555239709851869989e+00 6.481765475261072496e+00 1.169790246289331748e+01 7.864579465702315808e+00 1.134499279077105527e+01 9.173541012732606248e+00 1.462695870741166182e+01 3.386998562737962626e+00 -3.300917089220250400e+00 -3.112101106461156341e+00 -2.877430548426289203e+00
0 1.309186667105328894e+01 -2.359507171286047367e+01 6.375019869499910286e+00 -1.342205060309745734e-01 1.025266220518662053e+01 1.250305709241166774e+01 1.254596616048019797e+01 2.174240023003742195e+00 1.073348367179466401e+01 6.204725059526707831e+00 2.684480979440553305e+00 9.725565218729443906e-01 7.157487263433547575e+00
0 1.328577741688012637e+01 -2.642598712109088410e+01 8.239184831248627106e+00 2.097456642434424090e+00 9.946983963058888989e+00 6.092536398924809582e+00 1.010326540269369744e+01 7.554655180380708934e+00 8.949358007630195289e+00 2.698132413455694323e+00 1.193266938795314092e+00 -5.577587718553499663e+00 2.493270057635179338e-01
0 1.317345260163908804e+01 -2.202765698068312616e+01 1.415300691900470298e+01 7.642807960970531944e+00 9.429106077125046781e+00 1.212816071048876587e+01 2.042905118152944510e+01 9.169424811938501563e+00 3.621970220209082658e+00 -8.332197907325281649e-01 -1.200513275761109916e-01 -6.920827289412428307e+00 -3.152671814466183164e+00
0 1.329745178443862130e+01 -2.375581837862231183e+01 1.535733586801812045e+01 7.758415167393611256e+00 1.048309864934248914e+01 8.127034977351701883e+00 9.837739819420761478e+00 9.164612074664216124e+00 1.027185405794509876e+01 2.098419024663486621e+00 8.030278318524382897e+00 3.423644243961020628e+00 -3.156421553240931654e+00
0 1.306369257580827004e+01 -2.719675425437490901e+01 8.812841629950934674e+00 6.809587638511551688e+00 1.524219458231438296e+01 1.037394570455547971e+01 7.163242866457072644e+00 5.239099225665667658e-01 8.616166867173642885e+00 4.720016135690251469e-01 -1.366540325597588534e+00 -8.407067565886849891e+00 -2.987342976360045643e+00
0 1.305847876887804659e+01 -2.748830637579542113e+01 4.506300174405685866e+00 1.663602766982361203e+00 8.535163775100771844e+00 -1.884570003549339123e+00 -2.814554679467976328e+00 2.817996753384509612e-01 1.394058561358474790e+01 9.567598757641585294e+00 3.677178634500136045e+00 -2.842984746543271157e+00 -3.308737305781857874e+00
0 1.303740503142175022e+01 -2.608287019486346381e+01 8.614763912414080238e+00 8.152948982833738256e+00 1.441739664507025687e+01 1.346534147954346494e+01 1.377699773499051439e+01 8.839628106640242677e+00 1.073074651767475096e+01 5.620939439909803603e+00 3.166570658114757464e+00 1.109070912471264592e+01 8.124973496177217314e+00
0 1.302989908448261680e+01 -2.279421182438285598e+01 9.163098384536844776e+00 3.606586334837062147e+00 9.905227583289903492e+00 1.483383292742166049e+01 1.081355863136510997e+01 3.213614859875811192e+00 7.700025490614736512e+00 1.992034717395728460e+00 -3.158897802645362241e+00 -2.335031033551956181e+00 4.966418735813580732e+00
0 1.315633603664790030e+01 -2.449754610976456703e+01 4.510345499203681996e+00 4.739660896160987846e+00 1.861928020872924705e+01 1.926219741019626497e+01 1.087346641560898064e+01 -4.653736790564298786e+00 9.057866586004852394e+00 4.672748840139940185e+00 7.599235707155873598e+00 3.498652101434315931e+00 3.015055103578367479e+00
0 1.320573418754782224e+01 -2.294006703840723915e+01 7.244647153257653294e+00 -2.962738616541303327e-01 1.373180474486448155e+01 2.548467826020666394e+01 1.816567224604973063e+01 6.527928322315904808e+00 7.126875198752885332e+00 7.304254938095431360e-01 -1.308225770856295433e+01 -1.872046875550029199e+01 -2.052023160733488005e+00
0 1.662764135739831417e+01 -3.696018415476774521e+01 1.000829063364689553e+01 1.145350550550798729e+01 -8.766863892243797807e+00 2.600537502449574490e+01 -1.019001414631460323e+00 -1.201811805032796165e+01 1.116339168759528810e+01 1.354206675387954917e+01 -2.201858213801688446e-01 1.393451163588571262e+01 -1.710717443227265822e+00
0 1.630133631374708969e+01 -2.896235700108294964e+01 5.616080093327241229e+00 7.100327841041171872e+00 -1.014208608985365068e+01 2.186084886372252001e+01 5.000782648993970625e+00 -1.195387672867881079e+01 3.776060305010130236e+00 -3.536472314371525982e+00 -9.539450008493606248e+00 1.496019787329840689e+01 -7.056381570385791058e+00
0 1.422767492140923018e+01 -2.800064869825292746e+01 1.209274647670691927e+01 1.017188680254169775e+01 2.589350176775292223e+00 1.598033307328764074e+01 7.502331438202562985e+00 2.447668875540021549e+00 -1.171362519159706350e+00 -1.103475574815510996e+01 -3.440056203930757395e+00 6.771630277631735417e+00 -9.811423418831125787e+00
0 1.382744545750926513e+01 -2.784645478946081454e+01 8.682838322852257207e+00 4.556239396656565077e+00 3.399161352129029812e+00 2.095313662445955316e+01 9.418145315448697374e+00 3.179949208934045757e+00 4.726705117760607422e+00 -6.903229282170133985e+00 -5.108853061365254078e+00 -4.296231649198515079e+00 -8.242905070614671814e+00
0 1.353671708864848533e+01 -2.745431165468818335e+01 6.595385224064346019e+00 4.672612720805985553e+00 6.926829992507152589e+00 2.009295616729418654e+01 9.733096958349609196e+00 -4.271566520304349801e+00 4.445733814708163756e+00 -5.420279662364849038e+00 5.292736598378617874e-01 4.057792736804123557e+00 -5.226818065915616707e+00
0 1.327100624991978961e+01 -2.511361061531490790e+01 6.435779515941255191e+00 3.368007323171311018e+00 1.145041829134014044e+01 2.225177469805529995e+01 1.844697056629888010e+01 8.907088635566042356e+00 1.393804993584326546e+01 5.872748014778163217e+00 -5.334864739213741380e+00 -4.132051983017172248e+00 1.544075599567534152e+00
0 1.324787155385626747e+01 -2.434962542448160505e+01 2.460797564709900520e+00 -3.922690680554515308e-01 8.722012267207215785e+00 1.256301696776639787e+01 1.344276846978324258e+01 1.311156128408474064e+00 5.677524423668725895e+00 -3.932261605447365138e+00 3.334567130547092972e+00 2.183133609430063071e+00 -5.463961179748209496e+00
0 1.310912744590167023e+01 -2.524205083410231865e+01 6.485222393723285350e+00 8.028550981805975262e-01 7.093940478540406325e+00 1.146474362979128792e+01 1.496183468011382622e+01 5.289360188146228658e+00 6.909457606872197566e+00 7.440422996578267778e+00 9.562102712057335197e+00 2.497731619678578152e+00 7.418740498245801444e-03
0 1.316071988442390861e+01 -2.475281884805304955e+01 6.639295727919164669e+00 2.951730416859872919e-01 8.093979624931691319e+00 1.178567202750153697e+01 2.047712581558549161e+01 1.240579797273623797e+01 1.200379460746647986e+01 5.635630423066402273e+00 1.205076252424242877e+00 -3.428056002858590467e+00 -5.926962583668148099e+00
0 1.300255407068258329e+01 -2.530665538469874321e+01 8.370034966826953138e+00 2.978174549530326232e+00 1.010231858844741915e+01 6.721192574348824778e+00 6.588504037988890616e+00 3.717221129767116938e+00 6.502888185868021864e+00 -4.051958776769109427e+00 -1.914144342963621348e+00 7.229927032923933794e+00 5.926497238461980288e+00
0 1.310680527796226968e+01 -2.514176371836412827e+01 -1.074722267396540198e+00 -3.146124442930858134e+00 1.109626730449491738e+01 1.674627231150312667e+01 1.568406843573749576e+01 1.039796351396337748e+01 1.407336282494576629e+01 4.893718517945050195e+00 7.217472014531638891e+00 3.814325009398197963e+00 8.736685362185713899e+00
0 1.306617261122583962e+01 -2.749162636818898520e+01 5.030199370637840950e+00 -1.467629203784826419e+00 9.420896086703967498e+00 1.051551297915463934e+01 1.153497173654776908e+01 7.528244342130584243e+00 1.084181459251659163e+01 6.256217525611115882e+00 8.957149011226045232e+00 4.926066674217605801e+00 1.001702377084608742e+01
0 1.696560984209267531e+01 -4.133434177943113497e+01 9.164399126746484825e+00 1.591485452303222559e+01 -1.952634586189987687e+01 2.989034027289817175e+01 1.623050263598075205e+01 -1.069384374710428176e+01 2.272922990171657887e+01 1.064643888715428766e+01 1.074252322487867595e+01 2.587447369946043096e+01 3.417161785850599376e+00
