0 1.315941320332943221e+01 -2.383828047726819932e+01 9.753514935587855206e+00 3.223973356122574518e+00 5.670129073694774036e+00 9.233535457683629488e+00 1.229600766710191806e+01 1.212035841066679787e+01 1.093975232940481845e+01 6.477849375465964066e+00 1.189578135359705469e+00 1.057786895528051385e+00 -4.031556383992548204e-02
0 1.325125563511201321e+01 -2.512436992278353998e+01 1.116676566582664343e+01 1.021210577632744076e+01 8.892372836552112858e+00 1.040453855513056247e+00 5.946689262898881445e+00 6.190939535296910101e+00 1.449865074669497211e+01 7.312234773823437450e+00 7.528599357421978056e+00 9.583024494879619937e+00 9.400401870232613533e+00
0 1.325547868751124092e+01 -2.771339728056037188e+01 6.669992674846802139e+00 3.871357877809322723e+00 1.035624567634853221e+01 6.345007392891323761e+00 8.441690041734780436e+00 1.338669636425686527e+01 1.722099000559994053e+01 8.139717400634649991e+00 1.195420202836982249e+01 8.019529360415052821e+00 7.416758243876977907e+00
0 1.325015375791355154e+01 -2.681754139164691964e+01 5.523838308827497379e+00 3.524135957255917440e+00 4.117147747991623419e+00 6.705770458688113500e+00 6.592066004496180298e+00 1.130280007527175989e+01 2.244840587063393045e+01 1.485339887600191844e+01 1.656796590239838807e+01 1.829969425845224151e+01 1.064310415600675341e+01
0 1.315744260413762845e+01 -2.751814480545692732e+01 6.568510516805591948e+00 5.041011193784584066e+00 1.099773835008608813e+01 1.222532813223289772e+01 1.077795192833977644e+01 -3.471586738621666335e+00 -7.650007035811890788e+00 -1.097729664216846324e+01 -5.868281612244885537e+00 -4.496353419616994529e+00 -1.233129257201208140e-01
0 1.301540711288509478e+01 -2.182305314337719437e+01 1.322021858638248304e+01 1.202735418633359110e+01 1.774038402798382918e+01 1.317295188003826745e+01 1.134210193615763096e+01 1.222695461754035051e+01 1.081592444885542292e+01 1.050616151113896501e+00 -3.039779834192135155e+00 -1.825905227554537102e+00 3.851098734901947651e+00
0 1.322885896523350269e+01 -2.664882024185901699e+01 9.511038123491792007e+00 7.230117293806213041e+00 9.970844090731336706e+00 1.378279270605924545e+01 1.465123485502115663e+01 1.294048968300148950e+01 1.462278893118648959e+01 8.147309756546228243e+00 1.014463752705024824e+01 2.276344873747683017e+00 2.145124902957927571e+00
0 1.338412457076802298e+01 -2.893515236320684636e+01 5.858670646184121367e+00 3.535179940147122890e-01 5.038017689323064374e+00 1.843469570358447385e+00 8.780423401712630138e+00 4.467302567193873308e+00 1.046149346426379090e+01 5.204185576822241366e+00 5.901072550777218595e+00 6.831807659824097989e+00 2.496831377383632589e+00
0 1.318865670814940039e+01 -2.305466165774184262e+01 1.377920939005156598e+01 8.558633741042628529e+00 1.001963115863290099e+01 4.073116876020869803e+00 4.783310604383391507e+00 6.789798958473460821e+00 1.146315759758255837e+01 5.884830574770186118e+00 8.254767088896540983e+00 9.538177866303653829e+00 9.727674532050990530e-01
0 1.333727444921024841e+01 -2.395682826692504364e+01 1.235027998249518966e+01 8.764642903343133895e+00 1.226180280832856617e+01 7.420952538876216309e+00 1.453473584923260553e+01 1.248468907133126038e+01 1.600918608829489287e+01 5.022897881470582249e+00 2.594368246144898915e+00 4.261693422950509458e+00 3.493040332109583979e+00
0 1.319172123696206178e+01 -2.694803099210370334e+01 4.501213073231745909e+00 1.490173337439458789e+00 1.133941302729775202e+01 7.492053678840921549e+00 8.396578584117904143e+00 5.331103387955573591e-01 -2.390759003774926228e+00 -1.894059227257163158e+01 -5.891389441889000267e+00 -2.057813321712510746e+00 -9.926867618581731723e-01
0 1.318646965027621398e+01 -2.488268908891799924e+01 9.463394999094489890e+00 6.279651892064651797e+00 1.075592832298834267e+01 6.451656880592905097e+00 1.537497889328515832e+01 1.299742663528601838e+01 1.821457408976473857e+01 6.297371706533017921e+00 7.850223978483732434e-01 4.804015519902854692e+00 -3.520617175946497701e-01
0 1.308337234919197378e+01 -2.110523236155514226e+01 1.171802422013992384e+01 6.294144170935924265e+00 1.277135939739951276e+01 5.682087461719744326e+00 6.952223938481695953e+00 2.675841622989320712e+00 1.471902969649712789e+00 5.785725287269309902e-01 7.366263154462627583e+00 6.516621674173434187e+00 5.462904755791528899e-01
0 1.305864618619338913e+01 -2.220508477959796778e+01 1.123083565957870178e+01 9.837399057356353893e+00 1.570396479228406328e+01 1.691297222211746742e+01 1.918229076520177756e+01 7.472653438562732120e+00 7.082148293114519433e+00 3.192164766506606188e+00 -4.943559931806417396e+00 -1.215908392607534694e+01 -4.471726686054007693e+00
0 1.310179669153481719e+01 -2.146996388540457090e+01 1.568101282031297394e+01 9.367896170698120528e+00 8.524157658053379549e+00 6.473414221652746825e+00 8.494361563098287604e+00 6.800984846641916270e+00 1.354040717614847011e+01 5.496777585291105162e+00 2.958170957953753621e+00 1.511161768289645657e+00 2.411739548465719363e+00
0 1.306425927227003925e+01 -2.358942996886619170e+01 1.017089962677063042e+01 3.734407787453790206e+00 3.444436704057050491e+00 9.998834426347421811e+00 2.229865745115510123e+01 9.260648700765347741e+00 1.188511313602293207e+01 2.531819404531438611e+00 1.010668028291707365e+01 6.697684319896158200e+00 9.081138973658446911e-01
0 1.326205859576442769e+01 -2.289369345129771105e+01 1.355729902275259491e+01 7.762360073734287269e+00 9.877806445378935152e+00 8.276572145296816174e+00 1.105738642393071558e+01 4.135234363892165810e+00 8.829268560450104886e+00 4.943960017945690844e+00 -2.734841650546301350e-01 1.017801834470857258e+00 8.217645828989395440e+00
0 1.314135939710604539e+01 -2.557439505993308160e+01 1.131674069846603281e+01 8.336521000871000453e+00 1.513651683187604036e+01 1.894254331544168224e+01 2.175497305359100508e+01 8.323621340341077257e+00 4.201201973286416091e+00 -1.355287043009759884e+00 3.762524326922620066e+00 -2.599648029387620962e+00 5.832769366304109138e-01
0 1.328877838380717868e+01 -2.412111679948630893e+01 7.281909613785578550e+00 5.463446064945477687e+00 1.083069200095794038e+01 6.318952283657645275e+00 5.312502308731742673e+00 4.937341937413389559e+00 2.711122965166337995e+00 -8.980778502875111258e+00 -7.659528651624019524e+00 1.804708554256633235e+00 -2.029915694885286559e+00
0 1.364970340208632926e+01 -2.473645215743191983e+01 1.033687868766893736e+01 1.145670426308655188e+01 1.184766488648413763e+01 2.044915015287314120e+01 -1.827146845116351725e+00 7.674776861796689387e-01 1.792070688503911313e+01 -1.057647252695374007e+01 4.991466592340962016e+00 6.238450846326770716e+00 8.624371697018979432e+00
0 1.429403634699233905e+01 -2.946648222151996066e+01 6.908305838679184241e+00 1.843221415845114919e+01 1.055287681115940934e+01 2.904316241585754099e+01 -6.046235161049145823e+00 -7.389657736657994747e+00 2.477073846757195952e+01 -5.838841761442110645e+00 1.484162143643304965e+01 2.366721725549219446e+00 1.544005252516847726e+00
0 1.317464780163317961e+01 -2.042286023728767930e+01 1.487431642723994152e+01 9.190577939236845850e+00 1.289537117169185265e+01 1.097073176403617545e+01 1.112724783465111145e+01 4.540484182347056752e+00 3.076858206793144923e+00 -1.244307501446685560e+00 1.031049743474601321e+01 -9.627736043262337395e-02 -4.457167814352130941e-01
0 1.312039471474689911e+01 -2.430916823754925815e+01 8.952701047920008648e+00 3.799196974420407269e+00 7.837328836321010073e+00 8.247232017420717654e+00 1.053440729019383859e+01 1.536364555344646554e+00 1.260778632910442809e+01 8.342501789355342368e+00 3.849334780840893089e+00 2.736170869294382246e+00 7.015637695453301959e+00
0 1.319559516366821761e+01 -2.468380831748059734e+01 1.398423300563831795e+01 8.802299269491980382e+00 1.904746185124409052e+01 1.678808693836886690e+01 1.020477495933910994e+01 8.074533281142551644e+00 1.220467757416855470e+01 1.136383796323083617e+00 1.216991825079890965e+01 2.604090554073516195e+00 -2.224741065149705932e+00
0 1.318584741669352312e+01 -2.306732672672960049e+01 1.033261386417593641e+01 2.883271136259995870e+00 8.606460964447594009e+00 7.942713937743648422e+00 6.699121199330643428e+00 1.726094100481010196e+00 7.979063114967807735e+00 1.630160810209325906e+00 1.296726804220314389e+00 -1.280487348404247427e+01 -9.801439276663314715e+00
0 1.335690277485205790e+01 -2.479051938413005018e+01 1.042587290798008937e+01 4.905788795352868270e+00 1.281933103237907012e+01 1.193210262226699037e+01 1.211718014682222488e+01 9.551019315869851312e+00 9.060167729617845112e+00 2.298951054755706824e+00 5.127806132420864138e+00 -2.087524713966635304e+00 2.347405340742725333e+00
0 1.309432300110048786e+01 -2.157301360660148148e+01 1.587409370744033410e+01 9.366618604967351658e+00 9.266825172375781960e+00 1.092148108960616781e+01 1.081673153050267189e+01 5.769104354654883693e+00 1.182619097278938547e+00 -3.896073865752828436e+00 -2.912665965783564737e+00 5.670392306511147229e-01 2.669012498757783014e+00
0 1.317261294485274270e+01 -2.478403951241561742e+01 1.070401951368121907e+01 5.169852006509498388e+00 1.200779892649185498e+01 1.045382681816253800e+01 1.363262844610898838e+01 7.568453996501890657e+00 7.540299658242241243e+00 -1.405210861675537659e+00 2.496513374557919551e+00 1.136696829559416777e+01 9.003942179280880254e+00
0 1.397503093717846490e+01 -1.730892562366813081e+01 2.022196808427165848e+01 1.588155361501540597e+01 1.424237795563056430e+01 9.940637580888608937e+00 9.241766314198198273e+00 -3.150573481354606908e+00 7.532328302133180387e+00 2.127721633531175272e+00 5.296948218844447887e+00 -9.855707099865483878e-01 3.658461753491540236e+00
0 1.376103611019815709e+01 -1.340300998165806945e+01 2.125733773670484439e+01 1.194686442101514778e+01 1.045557938560508759e+01 5.607200179723770717e+00 8.176174868829765074e+00 4.669675208108620829e-02 4.522086279297446332e+00 -5.227405147710149969e+00 1.306600251671711455e+00 -1.464925650200897600e+00 4.668308832882438253e+00
0 1.387173395929305464e+01 -9.669675155702384117e+00 2.181151366133620684e+01 8.696319278728687152e+00 6.958965316953069191e+00 7.979102130896333911e+00 7.856317428524022262e+00 1.930082982397593128e+00 9.528380636637709955e+00 2.630809672910825903e+00 5.876370877151602556e+00 3.283238227974125678e+00 9.162401556655950685e+00
0 1.550805454420194174e+01 -1.526256792257063921e+01 2.114052356101651142e+01 1.418956940683391288e+01 1.426120362520827101e+01 5.465186163773912753e+00 8.180782904090490248e+00 4.240787137089068182e+00 2.402351458909944615e+00 2.656560601448340719e+00 9.127351529118206130e+00 5.600835913982606939e+00 5.419950423515891735e+00
0 1.712727345849978988e+01 -2.414880494024669844e+01 8.168053443544275538e+00 3.110342001659133970e+01 -1.341293964321127952e+01 3.841262562001463721e+01 -1.780064626261637528e+00 -2.246421642524313711e+01 3.427738238194463349e+01 -2.760126474944774699e+00 -9.035413458894044680e+00 -4.079187791436581279e+00 -1.066285783613273308e+00
0 1.800657012572577642e+01 -2.014479335410991823e+01 4.534067602490664761e+00 2.647589920770249705e+01 -1.906540696195930451e+01 3.815188434358010738e+01 -6.007575072381998282e+00 5.650419325145476179e+00 1.999583692419417247e+01 -1.803462728377656754e+00 9.905561326669396482e-01 2.323840944444862444e+00 -2.001017614699892311e-01
0 1.866789847432433902e+01 -2.664658081716454774e+01 1.080678076528085363e+01 3.852439871965813722e+01 -1.297405870223994739e+01 4.652788960119880812e+01 -1.679943084874266290e+01 -8.146686291195578633e+00 2.430384990786721744e+01 -1.359868485945448491e+01 -1.785140333586000594e+01 4.561590765163586525e+00 -2.256194321495720967e+00
0 1.866202095200207722e+01 -2.685720064677439467e+01 2.137668357830546650e+00 3.501864915515098176e+01 -1.844035876306264399e+01 4.191234598653119292e+01 -1.986245447298575328e+01 -1.140425906875923623e+01 2.720239507625111131e+01 -1.017826410313520036e+01 -2.591112502815666474e+01 -2.119734139752197599e+00 4.555122185394289147e+00
0 1.787280271184095071e+01 -2.385568211189992383e+01 2.085841057110472629e+00 3.959908162719041513e+01 2.866213218381865602e+00 4.428390475861209552e+01 -2.420118565905864827e+01 -2.252265572138308869e+01 2.898820122450528913e+01 -3.258400424894507541e+00 -1.474808763808249168e+01 3.353355192248681504e+00 -7.632270334013505853e+00
0 1.696883824266649299e+01 -1.763792812582218517e+01 -5.180886807386760218e+00 3.032246640181002562e+01 1.420265969425621044e+01 1.848451233748328804e+01 -2.949272857339790122e+01 -1.401592734113158656e+01 1.912731893410170514e+01 -1.601028904658588559e+01 -1.593650691320388191e+01 1.257300339376013554e+01 -1.872906543191801987e+01
0 1.689076008137647733e+01 -1.191980646123662346e+01 -8.108210061682129322e+00 1.509075689775619011e+01 1.065241068746674635e+01 2.469641225609142765e+01 -3.321805506184622203e+01 -1.352082139620863899e+01 2.935884611012214762e+01 -2.386262661566312104e+01 -2.561528959847653653e+01 6.373594626337702351e+00 -1.758137820010485797e+01
0 1.736919388489498317e+01 -9.651675671639637244e+00 -1.251206747112436446e+01 2.363421313849787708e+01 1.526931583899578015e+01 1.968730769285014048e+01 -2.629535801148078278e+01 -1.342284978945014196e+01 1.541063993906240093e+01 -2.208832361095966945e+01 -2.053827267716905425e+01 1.039957621134523258e+01 -1.021117904625332962e+01
0 1.764964006421562459e+01 -1.163733973824308343e+01 -7.931724237427660640e+00 2.928676514617498583e+01 2.938820346337443112e+01 1.544894903163821276e+01 -3.695481787894048864e+01 -1.782659780008641448e+01 1.644901218625939521e+01 -1.914210380351738294e+01 -3.099423248542757392e+01 2.089589306888279907e+01 -1.432928581844678106e+01
0 1.739965759008511625e+01 -1.096654302653406887e+01 -7.053684733811506291e+00 2.828201198019037932e+01 2.972192604321213949e+01 1.920328212006369739e+01 -3.100977823323070126e+01 -1.402092621804101391e+01 1.818852605362134867e+01 -1.887832606269865110e+01 -3.501390122524198034e+01 1.619827799002841573e+01 -1.766696581155564871e+01
0 1.679731312224110695e+01 -7.333041877855526636e+00 -7.304051119804571890e+00 1.196402645148960708e+01 8.467347428184391234e+00 1.654440205301996514e+01 -3.626902620237632391e+01 -2.146906607562398506e+01 1.121946161802554087e+01 -3.156799164362161036e+01 -3.276494154301192907e+01 1.629036476445370640e+00 -1.676995504892316191e+01
0 1.757539786813354610e+01 -1.253815669836929736e+01 -1.266958258214950561e+01 3.058421424004710687e+01 3.343971406420768488e+01 1.547957234248668712e+01 -3.343306836557906081e+01 -3.032468523825940565e+01 5.548727784229335214e+00 -3.571721106421765057e+01 -3.226299604586224490e+01 7.462449715237155168e+00 -1.827321991854985583e+01
0 1.736269734084315886e+01 -6.854506604409822401e+00 -1.190827178145115894e+01 3.085584844565977392e+01 3.594084260138357934e+01 1.826536593122242635e+01 -1.347374339904831508e+01 -1.431219805990867222e+01 1.551167450153734961e+01 -2.922961467141371372e+01 -3.620891046677511582e+01 1.602239334488231748e+01 -1.254326594940016726e+01
0 1.691189443336649845e+01 -5.288677332120936825e+00 -4.906531750215463283e+00 2.997946362802441200e+01 1.816619834323022076e+01 5.081035645740588080e+00 -3.124980504293988659e+01 -2.626176713134947960e+01 2.618355591724894538e+01 -2.559185978669786721e+01 -3.537810290143413283e+01 2.894116808911479044e+00 -4.657870239371168175e+00
0 1.685551868920200036e+01 -7.388619242419638411e+00 -3.045777343702452455e+00 3.642962291224653626e+01 1.832484127670981522e+01 7.692067228866322104e+00 -2.740931067452531877e+01 -2.862192114707379886e+01 2.294670432702403318e+01 -2.190349040499780386e+01 -3.121894361213111679e+01 4.818748033402956210e+00 -8.180689859331375047e+00
0 1.664625526222419793e+01 -7.036806519357312162e+00 -5.758299559230991571e-01 3.570358656124253116e+01 1.932613714683485284e+01 9.347690322270437946e+00 -3.187930904724210279e+01 -2.996399339282114127e+01 2.505353887770024102e+01 -1.356756394872788896e+01 -2.377450221469007730e+01 6.601739150785790322e+00 -5.203063777133576373e+00
0 1.705976674102555535e+01 -8.471332687170153974e+00 -9.701419195094043602e+00 2.875768835825717318e+01 1.907750037227954465e+01 2.239828293879755794e+00 -2.907599155272661307e+01 -3.472366733842755337e+01 6.792002701279270305e+00 -2.876019457848294891e+01 -4.166225160589397092e+01 -3.298766698228528860e+00 -2.426102443091492589e+01
0 1.701349930647152320e+01 -7.314964836567157569e+00 -7.603741453590611599e+00 3.486495202185709985e+01 2.921151447831389092e+01 1.267847788845321766e+01 -2.887476670855190619e+01 -2.837860893832649012e+01 2.196879821209410366e+01 -2.181898013175220541e+01 -2.752289555668386001e+01 7.954368062810805995e+00 -6.590007474751971905e+00
0 1.709874200424594193e+01 -7.330413205183274883e+00 -1.166351723256996920e+01 2.094461822164475961e+01 1.799612533645493784e+01 -6.888372550896221247e-01 -3.526516384317932307e+01 -3.315783125409542720e+01 7.868061941572572771e+00 -4.621095973872121476e+01 -3.990984327279417698e+01 -9.163942179803653332e+00 -2.520485873880013727e+01
0 1.734755311049327631e+01 -3.725897070346832596e+00 -8.674056974053106828e+00 2.597429038792149925e+01 1.619820762481168330e+01 3.355113389855152395e+00 -3.088466413951876532e+01 -2.399370302995243875e+01 2.501216359410923928e+01 -3.147611474705239587e+01 -1.944680413347513337e+01 1.081243841188768506e+01 -6.180710801966720069e+00
0 1.727800684903724360e+01 -5.076762910243791893e+00 -6.780078860157543907e+00 2.651545093898395677e+01 1.937092283720637909e+01 9.009140055564273553e+00 -3.133228493703778028e+01 -2.391376625423993474e+01 1.776450872176057416e+01 -4.154878137153695405e+01 -2.766027281125047566e+01 3.308304173945381343e+00 -1.497005466682132280e+01
0 1.707934375243597103e+01 -3.024463457685246937e+00 -3.871365415569377522e+00 2.799550081948878955e+01 1.927188671782522533e+01 4.396886447300412115e+00 -3.037272167165784609e+01 -1.792124546394056850e+01 2.327564629855835676e+01 -2.701803248456038276e+01 -2.312730959895984384e+01 1.294847096819254517e+01 -6.289740477552900444e+00
0 1.729794917537548571e+01 -4.364392450395668810e+00 -4.713934709083162922e+00 2.781735099818937229e+01 2.149985864576331451e+01 1.713829995967952158e+01 -2.832621905553271091e+01 -2.522508489726291714e+01 2.695927072260728252e+01 -3.460115873827513155e+01 -2.871286616516767864e+01 9.943351283848201660e+00 -5.843986704525912401e+00
0 1.717841157929058227e+01 -3.231208156678014642e+00 -7.890243697581299287e+00 2.322496682714048433e+01 1.070128683670066927e+01 1.120306769602999530e+01 -3.469586139657444335e+01 -3.012968580877297597e+01 2.600142199680207256e+01 -3.317243687398880070e+01 -2.331986356410189387e+01 3.042637564877110901e+00 -1.451234554195016280e+01
0 1.702934069870842748e+01 -2.462070391539785241e+00 -2.811839507801352500e+00 2.724031765660649640e+01 1.685301558399830668e+01 9.129749791961694783e+00 -2.767685317773855402e+01 -2.261993930388564422e+01 2.660572772299610733e+01 -3.342034155273203311e+01 -2.950536417144329704e+01 1.924318913542469289e+01 -5.634021008111165685e+00
0 1.656204520516427436e+01 -3.095601564900548830e+00 -6.248286042127910278e+00 2.178971946609006594e+01 9.252836344029818250e+00 6.996318870708155835e+00 -2.884380377266526096e+01 -2.494711705347674169e+01 1.348049744909577718e+01 -4.032376957094376024e+01 -2.162609735617866846e+01 1.454307233901336760e+00 -1.591544008286008527e+01
0 1.631967009793057244e+01 -7.256996307155977988e+00 -3.466984560102523982e-01 3.125953582498458161e+01 2.791308692796793522e+01 1.981291152249545817e+01 -2.697997406302108558e+01 -3.594204097099473927e+01 1.517150418394569833e+01 -2.656967075860582383e+01 -2.696412809947590006e+01 8.469923064562719262e+00 -1.069018165997933423e+01
0 1.615855209591269315e+01 -5.354869298461577998e+00 -1.961774665450976007e+00 2.769963083740818988e+01 1.840967650016150969e+01 8.115308878269752668e+00 -2.167636183731913491e+01 -2.660900332747224084e+01 1.576766729564754144e+01 -2.958992868866300086e+01 -2.265324327980572505e+01 1.711503445466695528e+00 -1.410542902976256130e+01
0 1.589878235390096251e+01 -5.421305575044010894e+00 4.637774030375494405e+00 3.074366921306120304e+01 2.367684012162665752e+01 6.450412495859300321e+00 -2.912946765052214815e+01 -2.905268669125455716e+01 2.953878450920270637e+01 -2.604459231023245280e+01 -2.984237647912207336e+01 4.662208515778033302e+00 -9.731499124834394721e+00
0 1.573377468603184681e+01 -6.935299994906396925e+00 2.105690652717995714e+00 2.581808722029968806e+01 2.251840307082043680e+01 1.397316367851900587e+01 -3.281813025939429451e+01 -3.737721704341376494e+01 2.164394819683936433e+01 -1.670146623239487838e+01 -2.516790416039814104e+01 -7.991008159278822021e+00 -1.502391655885134192e+01
0 1.599960117583142249e+01 -6.746093065611835193e+00 2.244326002201721515e+00 2.351689692310810997e+01 1.520611564570286056e+01 2.111570295254182739e+01 -3.176439382834200487e+01 -3.267848197077385919e+01 2.738908829438093662e+01 -2.221453493124113621e+01 -2.060141725483792285e+01 6.594767018485798715e+00 -3.194678703582073620e+00
0 1.611846232880684582e+01 -1.244268559726925893e+01 2.172269819854779627e+00 2.818169235322575616e+01 1.878103085646644033e+01 1.484615420397012109e+01 -4.326302706503911111e+01 -4.280855395174723554e+01 2.050671913870615626e+01 -2.739176319239617641e+01 -1.785221372063007550e+01 -3.114041614015310433e+00 -1.613496908975699284e+01
0 1.526251863629770966e+01 -8.249642934571237873e+00 2.566688511960384389e+00 1.940540592527634089e+01 1.242967345171127569e+01 1.045220990308886222e+01 -2.508703633598400984e+01 -2.943644231448198312e+01 1.855210798865231681e+01 -2.062776674549591860e+01 -1.028815593024709685e+01 3.956585056337214024e+00 -1.050614893478902445e+01
0 1.483499047039193641e+01 -1.035030436537014076e+01 5.013484826760260304e+00 2.218186202727610024e+01 2.056254159140880589e+01 2.105269768399731589e+01 -1.658938689632483943e+01 -2.634364858991046177e+01 1.926967168939976460e+01 -1.963735794988655314e+01 -1.003061362736920259e+01 -3.867050352418774040e+00 -1.092452085692567643e+01
0 1.464800005723551024e+01 -1.624053721596673583e+01 3.561947317517068168e+00 2.810646090888726434e+01 2.697050618663909205e+01 1.707183166563033083e+01 -2.191452951695883300e+01 -3.275153979916865410e+01 1.728418134533499995e+01 -1.963194008785021438e+01 -9.483225968076343548e+00 1.019847972066825648e+01 -5.402368502100395320e-01
0 1.349507624557810104e+01 -1.501631574778232014e+01 7.403927282401204124e+00 6.271867149844658762e+00 2.131464815367940346e+01 1.422530028057626694e+01 -6.474911676600137334e+00 -1.590586579829016678e+01 8.639743090223008792e+00 -2.020993053872847334e+00 -1.845343151749447941e+01 -2.986390254203493555e+01 -1.146093317192194938e+01
0 1.326427720012022249e+01 -1.432307490726329213e+01 1.239628688712469007e+01 1.213626552383107970e+01 1.797741940901919833e+01 9.794438075732557536e+00 -9.836256822899800412e-01 -3.801394190277045837e+00 4.524187806416166246e+00 -3.697629661225062314e+00 5.364141760381092860e-02 5.640959546749476639e-01 6.546274767400369621e-01
0 1.339392553013910536e+01 -1.704692576251004610e+01 1.391857057668073949e+01 1.586612425225274059e+01 2.439811787400387999e+01 1.825464369925784069e+01 5.049471006925929650e+00 -2.485322596983910781e+00 1.253043495094288318e+01 1.382527294999257306e+00 2.212515303191506799e+00 1.992004266279533198e+00 6.908540204916454819e+00
0 1.413018600630921995e+01 -1.608208325034527064e+01 1.856810375950744785e+01 8.668629963918858650e+00 8.824616115435574670e+00 5.319841002615436132e+00 1.927700399931340902e+00 -1.271912117598547054e+00 7.877391705051378423e+00 -5.191584221391579490e+00 -9.228331271688746895e+00 -1.381638068077142734e+00 2.796690203476106973e+00
0 1.465418002974482192e+01 -2.085397346068647906e+01 1.433609345953863112e+01 9.589729131692839914e+00 1.001719220138720345e+01 4.964240457834994125e+00 1.361017742714902923e+01 1.119462092769121675e+01 7.149784297643876130e+00 -1.687572552944236248e+00 2.703225245141343436e+00 -3.087496454691360359e+00 -1.617403745046004371e+00
0 1.431521216260011897e+01 -1.681923912025935763e+01 1.517133991403574811e+01 1.233282594965512402e+01 1.102180269604031793e+01 1.079043534811422589e+01 1.537970814477193571e+01 2.804901884657124533e+00 1.315540985400712515e+01 -2.525378435691861601e+00 7.986292174734965776e-02 5.062107482225994382e+00 9.474044968025523872e+00
0 1.380829277047545922e+01 -1.807767967934430686e+01 2.039435746664244528e-02 -2.911034807784513845e+00 1.299853585958740076e+01 3.409584746927707499e+01 1.082148133088247377e+01 -8.496626359351775903e+00 -5.317187365977204649e+00 -6.067253517148858855e+00 1.019737191353481620e+01 -1.144703440694890828e+00 5.467651048137371461e+00
0 1.353923856816722449e+01 -1.809744281695065382e+01 -1.432373517932908014e+00 -4.664147232046635061e+00 1.284840626828106736e+01 2.969828374563061857e+01 8.100393277581639850e+00 -3.201999935599026070e+00 6.485052522755538895e+00 6.192582762831390752e+00 1.946848575569453743e+01 1.060395052311363173e+01 1.412117801468748368e+01
0 1.310012326632541146e+01 -2.560651956735319246e+01 2.611637974783868277e+00 -2.661045382736091369e+00 6.196219489910557598e+00 1.169267345941782033e+01 1.089266693346960935e+01 2.444737938435186830e+00 3.288072038970158317e+00 -7.099372670511289174e-01 8.384022182181059435e+00 1.198398862419479682e+00 2.158565557911064747e+00
0 1.322650439095664154e+01 -2.793827546790808825e+01 9.859760978891360383e-02 -6.634131487275634953e+00 1.231322462831754283e+00 1.054649144556918827e+01 7.825467283092160997e+00 -1.747781512868375131e+00 3.272962103399441158e+00 -5.980537682182497150e+00 -8.947654691797638504e-01 -1.093333601353812057e+01 -6.630476587782830222e+00
0 1.324480598300093881e+01 -2.298919795537052480e+01 5.613672911278163369e+00 1.620581194451137796e-01 1.276532081949430086e+01 1.733052974765150012e+01 9.666632620131087705e+00 3.781176363205811075e+00 1.208638679175542840e+01 -4.730277320108338124e+00 -7.014459555601887608e+00 1.607035173137756567e+00 4.235287232611613994e+00
0 1.370114785008086145e+01 -1.806645585944656673e+01 1.496049799916349166e+01 5.320689292820120819e+00 1.316685571433639801e+01 1.206087446191137680e+01 5.769586500775826465e+00 7.802337734527532431e-01 1.122870895608867414e+01 1.257094466404239608e+00 6.489569412887022937e-01 -3.143761245304075747e+00 1.215339303216771505e+01
0 1.388542421279871597e+01 -2.574966173088268562e+01 8.087064129260564727e+00 9.794883320619268474e+00 1.602208766533355089e+01 1.495946792107013934e+01 1.172202428303361899e+01 -5.682966429633822675e-03 7.614942997687575321e+00 1.033514933124904900e+01 6.330326234083027082e+00 6.810136870453359137e+00 1.136047002969050901e+01
0 1.374582323769794101e+01 -2.447222935016126399e+01 1.030123694445902949e+01 6.465714215691407141e+00 1.302885798680502560e+01 1.170547167817024814e+01 1.255624030114808853e+01 1.387922130595493186e+01 1.871402811824184198e+01 4.390902861321146489e+00 5.378321451618819360e+00 4.786761349825140677e+00 9.892299364646451210e+00
0 1.332709259354008502e+01 -2.007141233342461106e+01 1.502718489233076227e+01 4.696755792701160281e+00 1.029317457839993466e+01 9.520076644999447169e+00 1.230795069153011667e+01 4.036988660646441573e+00 6.616617732892079218e+00 -1.287553943814240043e+00 6.906900840181921630e+00 -1.902358080226473236e+00 -6.854684275886401501e+00
0 1.316762920642576695e+01 -2.121412854498518641e+01 8.367641628694141076e+00 5.178688964318120647e+00 1.200682835383186386e+01 1.005701685099997000e+01 1.055115658029214032e+01 5.124577534606869378e+00 7.286121479084959773e+00 -2.968672943101845707e+00 -1.038172619571815503e+01 -7.518469384137857148e+00 -6.286503735043088570e-01
0 1.319934450077985133e+01 -2.036844116286346207e+01 9.703664158355554292e+00 3.325287227877068652e+00 1.374863006992665149e+01 1.268807927861717033e+01 7.886264577170105206e+00 5.211212080271637959e+00 6.181990804625273839e+00 -1.220311313360471495e-01 7.375523559862847689e-01 1.009601965547630043e+00 3.730589445078858812e+00
0 1.315357029281493872e+01 -2.064777022359714920e+01 9.923117074257207904e+00 8.928772882988267767e+00 1.351057794605371498e+01 5.438163798649776837e+00 5.397829719517210911e+00 2.124344047563923699e+00 1.459650533372659886e+01 1.285387869108030401e+01 6.586053584611590850e+00 7.215914795280188976e+00 -5.297155604206099655e-01
0 1.310287481877072757e+01 -2.262329106205421425e+01 9.500406675322025762e+00 8.214950756822918976e+00 1.413956434147780250e+01 2.140476046841271440e+01 1.930320917613234144e+01 6.605237159356443399e+00 9.648800506257053655e+00 -4.345471694572841770e+00 3.494578775885576860e+00 6.647419065189763998e+00 2.681027688310651858e+00
0 1.310926921359195774e+01 -2.383530272803716343e+01 1.072388153692544321e+01 2.255726645068768299e+00 7.848918617601150949e+00 1.036207048728807401e+01 1.326110660675010244e+01 2.132894680653709241e+00 5.314186405459688345e+00 -1.769803788725119231e+00 2.743588962136770171e+00 4.994688146790133843e+00 5.341853852102829592e+00
0 1.334075119721853575e+01 -1.977653162409153254e+01 1.523240587506633226e+01 5.406731817922033834e+00 1.162624623164447968e+01 1.433814814652059866e+01 1.902114670488758108e+01 -1.242926752413072045e+00 -5.009501688307835821e+00 -5.025284608622748728e+00 -4.539537131931727032e+00 -2.723829485709357900e+00 3.316450667829983878e+00
0 1.333376448035852846e+01 -2.366795132711910199e+01 1.290800626470876011e+01 6.660671158656772839e+00 1.600924148126433266e+01 2.097737554404425353e+01 1.628020565697035948e+01 7.263691965620162172e+00 1.084821608149957939e+01 -2.502451873375377112e+00 -7.037264829795109478e+00 -1.311761962296051021e+00 3.283933599369557754e+00
0 1.330142034444214971e+01 -2.549587541531758816e+01 9.811016912023944769e+00 3.750002736687090721e+00 5.174623536976352689e+00 6.742535415735114945e+00 4.454038251154798900e+00 1.667957952955432477e+00 5.957966679398738030e+00 -3.199634296266241851e+00 -2.638990684153792010e+00 6.862393588976095637e-02 3.131365409099676089e+00
0 1.311751790053051536e+01 -2.119522967603368357e+01 8.083416186752712562e+00 3.471272115411485615e+00 1.669508417464853522e+01 1.344665338368739071e+01 6.189080451974437125e+00 5.524655670583683564e-01 8.161378815208779613e+00 7.018056941233914436e+00 7.266514636344371780e+00 3.768524843169358540e-01 3.236843171978710743e+00
0 1.322676030295426486e+01 -2.466049475345299413e+01 5.624411982090801843e+00 1.571390276158327381e+00 1.152234947450627267e+01 5.094576148676249083e+00 8.466749094053128699e-01 3.110664904467925318e+00 1.227077381163807246e+01 1.024985712229318580e+01 -2.919273206448680380e+00 -6.890814177551911612e+00 -1.080264456645840276e+01
0 1.314689974986377941e+01 -2.008925011943808414e+01 1.522597090248894069e+01 7.915963921188014396e+00 1.484400594322333689e+01 7.447926604222973701e+00 1.298687374907477476e+01 6.560340548700154706e+00 9.292385429015793008e+00 -3.744315144137843721e+00 -7.592591773334470773e+00 -2.780263891021645062e+00 -3.447277670953024842e+00
0 1.302455740192007205e+01 -2.507897116647954050e+01 8.129772536284393780e+00 1.767020162935422078e+00 6.937729049221501576e+00 7.260838422888594934e+00 1.312983858783868252e+00 -5.739552406274795793e+00 4.248288919987843748e+00 2.995472841665233421e+00 7.631658796725347971e-01 1.404224642153531821e+00 -7.021769428067035079e+00
0 1.330380800884937820e+01 -2.242260392043635164e+01 1.471851057969133514e+01 8.631246470734646792e+00 1.135065857339061957e+01 1.319759332561477727e+01 1.121395138622543364e+01 2.944097937150905064e+00 4.137599515860389765e+00 -5.097869870846183815e+00 -7.270578444641014215e+00 3.999023634123202164e-01 6.443203471378796898e+00
0 1.324185628014057770e+01 -2.185634891259532253e+01 1.390611856743590735e+01 7.444702775565177788e+00 1.239324161150162595e+01 1.202796132993882061e+01 1.009370036035157092e+01 2.313289600874430807e+00 7.877410984692751583e+00 -5.334324130144911358e+00 3.601610609465394908e-01 -2.569552885038572043e+00 -5.661038893492426283e+00
0 1.324118747057536361e+01 -2.381447785987679566e+01 1.085757709953813155e+01 2.194936282626943402e+00 7.059642767181436795e+00 1.378410204068454803e+01 1.303105842832033545e+01 7.714909279700164824e+00 1.106632028055332029e+01 6.679839510081396980e+00 1.091692952088395430e+01 1.091339067108408400e+01 6.257627683036116828e+00
0 1.312387624105700112e+01 -2.595947513273615570e+01 7.042078476892087657e+00 5.362777678452269825e+00 1.350770585258590373e+01 9.524095000201000971e+00 8.584789234719705675e+00 9.131334979116070727e+00 1.208023998141253053e+01 3.643317273032907089e+00 -1.814057790061136544e-01 -2.186613279974392476e+00 -6.345139193476081907e+00
0 1.339307636828356429e+01 -2.482497437322885503e+01 1.210848758964467287e+01 4.813134504870970609e+00 9.899698448710431364e+00 6.080822278494349753e+00 4.651655628737908721e+00 5.322234280691947816e+00 9.953197364612996978e+00 -3.677447172881173287e+00 4.559596736290296271e+00 6.976308441315937081e-01 -5.998551303771962218e+00
0 1.319434797902685652e+01 -2.406352426249689813e+01 6.922127673581445428e+00 2.951756333070778560e+00 1.928213841522585525e+01 2.256725572469702001e+01 1.801666231111549976e+01 8.516673675619504280e+00 1.033916116711533384e+01 5.086207691997154390e-01 5.020817375673141125e-01 2.945603074640658070e-01 -4.567453727409105935e-01
0 1.321348743619006783e+01 -2.245300289993690157e+01 6.295348983846253077e+00 2.493922749261556771e+00 1.274811080616227166e+01 1.442565105452266749e+01 1.588419173212677293e+01 6.021051653619644561e+00 6.974284310327042213e+00 1.432819369822669220e+00 -7.679570878155300706e-01 -3.486177478273014607e+00 2.515633234351322134e-01
0 1.308963457265279651e+01 -2.232773677314722249e+01 1.063698819818126395e+01 9.277829191253639252e+00 1.531261599193322631e+01 8.126892523633722831e+00 3.232368516160768479e+00 -9.622781976133011339e-01 7.573887993660703977e+00 -5.046481327590539578e+00 -1.627832449654357916e+01 -7.476633676957317398e+00 2.300073274810344737e-01
0 1.317804928593586666e+01 -2.564249457107023744e+01 6.545311638210960403e+00 1.107600349251581573e+00 1.145041105000952975e+01 1.348653681247191116e+01 1.737667370512680876e+01 1.021502357859137788e+01 1.400000376243200506e+01 1.902760624786678845e+00 -1.850550105226790532e+00 1.228443985515506265e+00 4.080624574335232957e+00
0 1.323924326114455141e+01 -2.461461025274020997e+01 7.214372240553363014e+00 4.877799877039954879e+00 1.208475923656478557e+01 1.105830887283809005e+01 1.385750570209135368e+01 1.237710512462387413e+01 1.081900091076493808e+01 8.481365076058139385e-02 9.063054905645465453e+00 2.625095171811071992e+00 -3.126899942362639795e-01
0 1.292694248901761256e+01 -2.382589427362992396e+01 8.122323922515461092e+00 3.094693973264673215e+00 7.122320233308029103e+00 8.665369812544089001e+00 1.513086094705889018e+01 5.784344558528649038e+00 7.259257520518856310e+00 3.077320362816833299e+00 3.264371704976551936e+00 3.013424866046965356e+00 1.368140909881250256e+00
0 1.304857750599168753e+01 -2.891679776533951340e+01 1.425864427556871705e+00 -7.677848066390077442e+00 5.542236173795873633e-01 1.932116252246951271e+00 9.699561397778090566e+00 5.419842342144600700e+00 -2.533201955405920636e+00 -4.662905823005351280e+00 -3.574266949902029200e+00 -1.069379812100508254e+01 -1.157945198846189427e+01
0 1.304188467597133005e+01 -2.875904482723178290e+01 6.097752393592418052e+00 1.824227605012688658e+00 6.997662106167764406e+00 1.381669299174366650e+01 1.331787142521737444e+01 3.514868358840729456e+00 2.066334668195398017e+00 -1.861294893589967803e+00 4.134120098278030730e-01 7.324221111648285820e-01 1.111848856890027326e+00
0 1.312286766122717907e+01 -2.717839188016939289e+01 6.560204943314427162e+00 3.107665910962431166e+00 1.410079746786418120e+01 1.404044307593928309e+01 1.268723405531656923e+01 5.816677810287751882e+00 1.780686772197619661e+01 5.255869444091380238e+00 3.896475909172512520e+00 9.063495514523587815e+00 8.068646643762630077e+00
0 1.314436772532410025e+01 -2.439743824719417020e+01 1.069728002047292748e+01 5.143227340107006107e-01 6.138400671669420383e+00 8.333610543957469474e+00 1.142266030947415345e+01 2.417114144191134351e+00 2.813140938622430198e+00 -6.423466554595164135e-01 1.001833033252756078e+00 1.089346784653585587e+01 9.478984815577650380e+00
0 1.306532186279399177e+01 -2.110120532975731322e+01 1.016162854779483382e+01 5.054065642973124994e+00 1.290702978097471210e+01 7.489849793392088451e+00 1.423398705401466735e+01 9.627470872361969967e+00 6.443679345542582482e+00 8.771194519566362757e+00 3.361155014483264925e+00 -1.298978932518574103e-01 -2.355438860596323458e+00
0 1.348659298835930009e+01 -2.733527472813091919e+01 8.787432360755611072e+00 2.398851421055887556e+00 1.516600313559559154e+01 1.193502737762861265e+01 2.052988597210883981e+01 1.792904948748678251e+01 1.586805924790994027e+01 2.389048639486214931e+00 -3.737375804466531726e-01 6.057267555768727441e+00 2.087911519379997749e+00
0 1.329924053325159328e+01 -2.609597162465760789e+01 5.034095371077331293e+00 2.485761022571526535e+00 9.336223394952995136e+00 1.152084760998861945e+01 8.356393238282791458e+00 -1.461097041748698366e+00 3.169277376668943269e+00 -6.420972575342842603e+00 -1.298251787149221181e+00 2.026629000066588304e+00 6.668756021848014193e+00
0 1.339349970348758667e+01 -2.117332431705135676e+01 1.352063647495206666e+01 4.675947325926395948e+00 9.928706633284614114e+00 8.102077792818349167e+00 9.666760430955413597e+00 6.662010583226654958e+00 1.117694261118550969e+01 1.091488111739673172e+01 1.241946579162741671e+01 7.285501614587829300e-01 -3.603790013398025405e+00
0 1.325538802517933945e+01 -2.682127508137761751e+01 9.140735317387967740e+00 -3.915698192535669975e+00 2.723531514534728970e+00 7.332545132214813854e+00 7.884772149079291914e+00 1.066130626574319118e+00 6.362778808037398370e+00 4.933858589442518650e+00 3.719582419905341109e+00 -1.737427191014560446e+00 -5.898420518924669231e+00
0 1.342271552280465663e+01 -2.700172726459307526e+01 9.404222148919011204e+00 5.725933585325834407e+00 1.519237451310438658e+01 1.930974039053839775e+01 1.720660077760646089e+01 3.878272076982884897e+00 -1.583197465368509471e+00 -7.745726322903509597e+00 -1.813935515063796355e+00 -2.565873940677665832e+00 -1.723220503988149410e+00
0 1.324547278234590486e+01 -2.498445383281794463e+01 7.519564511741513080e+00 -2.560505337114722391e-01 6.991955034648645650e+00 3.881984422272822144e+00 1.063777949392749278e+01 7.131564572962269644e+00 9.472664787915617168e+00 4.069152420212006405e+00 1.146954572208618117e+01 7.704083079126739619e+00 7.021565740722125248e+00
0 1.330623457466693971e+01 -2.000288028110124117e+01 1.473437861213564304e+01 6.541957969903283932e+00 1.361451763099493739e+01 6.723409893092798129e+00 1.143344741911606510e+00 2.969030653483538451e+00 3.553351016911806326e+00 1.999691230964560251e+00 3.362227154525660566e+00 -3.542428012560804973e+00 -2.356340278863575666e+00
0 1.348628060154706887e+01 -2.197915684720796037e+01 1.312380973123301686e+01 6.056220386001897715e+00 1.084937225538085670e+01 3.679999146198150051e+00 9.951635808217664803e+00 1.699897419823282618e+01 1.700966996252030228e+01 4.777204386188407703e+00 -1.293446152960735507e+00 -6.641968544600317159e+00 -4.935872311906257082e+00
0 1.345433004334568139e+01 -1.627458598905630183e+01 1.808937771725437571e+01 7.546348826849080815e+00 9.437632673442276854e+00 2.614501396162481672e+00 6.359568496812292082e+00 5.875933034481672479e+00 1.020148307247979425e+01 -9.651885353417980484e-01 2.321335634029645600e+00 3.451649301745879583e+00 4.183204473540830470e+00
0 1.418349911190188806e+01 -1.750126212591671404e+01 1.769582570421134093e+01 1.326319083704428792e+01 1.020340092127767484e+01 2.620873109527740219e+00 2.908877310360842294e+00 7.038925731528790308e+00 1.021154795072200017e+01 2.824007376800878322e-01 2.763922363212966804e+00 -2.536875210329851971e+00 1.950583133199582431e+00
0 1.435632590902118721e+01 -1.628408289944889731e+01 1.978053128776031855e+01 1.154605727013799310e+01 9.931142876457066393e+00 1.271446444766539763e+01 1.379811745590716399e+01 2.023912142191971686e+00 4.587704269807612256e+00 6.163582694679630158e+00 5.607023103895783400e+00 -3.209963952649774743e+00 1.248655982226936079e+00
0 1.526807694554944916e+01 -2.264542511418287773e+01 1.316972796728776629e+01 1.480466873434829012e+01 -5.203469792760446744e+00 2.081694544070856523e+01 -3.909327938137760139e+00 1.126322671800991948e+01 2.486363636536001120e+00 -6.209136990126818745e+00 1.879046320453909047e+01 -5.300917312840579543e-01 -1.731773596824702777e+00
0 1.673011472165965685e+01 -3.342793806242026022e+01 6.384141152613640458e+00 8.814027648247520830e+00 -9.748771047077424257e+00 2.538668426983968374e+01 -3.324870988074395406e+00 -9.355515549543877540e+00 1.359266889080701901e+01 1.598276933528537391e+01 -5.885673801531211780e+00 1.089395383222934477e+01 -4.451942052116955928e+00
0 1.486603483995473418e+01 -2.235852816250613628e+01 1.635257348452315895e+01 6.577853222012976175e+00 -7.487918692523401809e+00 2.423371563018865160e+01 2.097835320018171856e+01 1.060152973766086681e+01 1.315670500079295202e+01 2.504890428379078937e+00 5.600294571664596432e+00 7.210576867313762683e+00 -5.928012068325688944e+00
0 1.399297103128033015e+01 -2.108992378589300287e+01 1.448582394534878937e+01 4.917689451225738750e+00 -2.712954691569104959e+00 1.692507128135378736e+01 1.519469124151080308e+01 6.623908827353667483e+00 6.776061265031064984e+00 4.801695243688151038e+00 4.470830828918873401e+00 9.253095869445738586e+00 3.723511116063616733e+00
0 1.391234774596411583e+01 -2.904881521757960883e+01 4.763287689078673282e+00 1.519873489085519669e+00 -8.087393125085032830e-01 1.560036657894823264e+01 1.392226412965095506e+01 2.488287495092722512e+00 4.322065071482693810e+00 2.625822888368579466e+00 7.181824368336310549e+00 1.113177106473500011e+01 3.292152830896407867e+00
0 1.341990332388229135e+01 -1.524738414666628472e+01 1.755005046429269555e+01 1.325717623637880749e+01 4.879057838408635384e+00 1.038016054479992434e+01 5.197611977388544524e+00 -4.969320929009966026e-01 9.137910366517781213e+00 5.151863272707821295e+00 3.105902754775754282e+00 7.167732773600433482e+00 1.397764492980995366e+00
0 1.406259952972110838e+01 -2.460789108451718832e+01 8.273322836397351665e+00 4.253407800046988818e+00 8.157293439727407502e+00 1.486779520481037942e+01 1.582590902950884093e+01 4.953921764437353659e+00 1.481216291029349463e+01 6.654191865109781112e+00 1.724088501252196981e-01 3.549468857270321465e+00 6.747872623703047301e-01
0 1.390151452996136427e+01 -2.775407649239840424e+01 3.552790591374831219e+00 -2.027244162164507202e+00 -3.224141540849024407e-02 -4.180669275230288195e-01 1.669654532882734133e+00 -9.391482285075843706e+00 -3.748303258573104646e+00 -1.288223280120906900e+01 -1.830992010212956345e+01 -1.156064047645114989e+01 -2.951980579539965621e+00
0 1.317630765400327952e+01 -1.421688865400270352e+01 1.638071070149620212e+01 1.210783335651344039e+01 1.379497360488208813e+01 7.583735305342666599e+00 2.491972505978175878e+00 -4.239084921759686431e+00 1.055831854838247885e+01 9.301983553333489141e+00 6.394111813498650321e+00 1.526494364288246253e+00 3.920979273773856466e+00
0 1.346016340788623822e+01 -2.434245386321888560e+01 7.742107278884757804e+00 1.966943182504647725e+00 1.042083398751136158e+01 1.671376801269327572e+01 1.784604462902434818e+01 1.798980619076814591e+01 1.775460489007292253e+01 1.055870982271230041e+01 1.181672437470264470e+01 7.898581841308933704e+00 -2.990716628457223081e+00
0 1.357442640783513177e+01 -2.490904702945724125e+01 8.786031066020985492e+00 2.358492381330710153e+00 7.960060634001179025e+00 1.214629306600969905e+01 7.984555228279644368e+00 3.273138850787647325e+00 4.012101742704174079e+00 -5.451177694334892188e+00 8.559330595595360691e+00 1.075024569263288754e+01 2.331383625096461465e+00
