1 1.320943093750302744e+01 -2.564964318165000279e+01 -2.283772369488797915e-01 -1.176659967621509928e+01 -6.670278548213094183e+00 -2.489705151901007607e+00 3.104890790952855806e+00 -4.137215351789499174e+00 -5.418041257507523412e+00 -9.406947318261037694e+00 -4.448513902125369235e+00 8.144471787043050526e-01 3.728898744777429664e-01
1 1.304679059282246278e+01 -2.718878825667596999e+01 -1.484383511764085117e+00 -1.008413952502636945e+01 -9.328499799755237687e-01 1.100212583837880942e+01 1.152354251771258120e+01 -7.736206537300256869e+00 -3.730820622801715114e+00 -1.190789618843619141e-01 1.051617861749147487e+01 6.100928260956528959e+00 3.096096386457624750e+00
1 1.313759800383684961e+01 -2.705085478146010658e+01 -1.457817610918174855e+00 -8.887611654065528555e+00 3.989345372009062363e+00 1.514693282745446901e+01 1.423312341831605465e+01 1.571237033552761897e+00 5.429292677199963890e+00 4.019857986849394216e+00 1.263024441535420195e+01 9.629296972951230771e+00 1.105568598304303407e+01
1 1.322319482011769587e+01 -2.808866210168214650e+01 -1.459171807083301298e+00 -5.073324687991625837e+00 9.064653142539517816e+00 1.668974613169042343e+01 1.681331286412720516e+01 -1.669048569593603260e+00 1.462917010210546209e+00 -3.028535500582676843e+00 2.566101300997888135e+00 5.690168414767391880e+00 1.382100837363837442e+01
1 1.327676536574280952e+01 -2.912451357394925111e+01 -2.814177582629734164e+00 -8.651556674360886490e+00 2.812816097108666646e+00 1.209341235801607617e+01 1.176403266108778389e+01 -5.132712843921938273e+00 -9.835220392266368350e+00 -2.041539601129828441e+01 -9.523027865461386909e+00 1.788632650351062336e+00 4.818021788095081526e+00
1 1.315495292325563526e+01 -2.840916889854861083e+01 -5.452755362426051772e-02 -1.152045677070963237e+01 -1.500407521250596565e-01 6.051682419886269315e+00 8.410197956973677336e+00 -5.497908102281013676e+00 -3.618765387144752932e+00 -8.275560367826521713e+00 6.272596281540941676e-02 7.676039751212051954e+00 3.411018516855660376e+00
1 1.320157675646058415e+01 -2.684315244097433961e+01 -5.520175348162214002e-01 -1.470412159312389733e+01 3.331539022665716665e+00 1.215968496638041429e+01 1.340346673137006306e+01 8.839058827884586078e-01 9.342836590559967291e+00 -9.916238905108439861e-01 4.061192035789759069e-01 3.146886546659209749e+00 1.549887869242510229e-02
1 1.315086290443579387e+01 -2.778100497724603812e+01 -6.857490836125987421e+00 -1.681575786077361201e+01 4.969631783932931257e-01 1.136427287687696541e+01 1.250280470068573990e+01 -5.065619732257829355e+00 -6.668757206632758283e+00 -7.209492860736974151e+00 8.019702869115961974e+00 1.002026250378303729e+01 2.482761015634271207e+00
1 1.305857586206670895e+01 -2.514455158704280535e+01 -2.690368814769370509e+00 -1.175236471375694336e+01 1.376014816337853164e+00 9.673074075485526890e+00 1.320606270267235338e+01 -6.218257370260437539e-02 -5.037280424850750116e+00 -1.963095734522744218e+00 8.399098826377765503e-01 5.519900756732191383e+00 8.958213575889249825e+00
1 1.307582665867201577e+01 -2.488916707096689862e+01 1.579760409848796066e+00 -1.071135941804963032e+01 -3.949558589625579152e-01 1.437794302530124924e+01 1.920262179778881517e+01 3.925236479121381183e+00 -4.240076064582882331e+00 -7.172311478355447356e+00 1.814335445978907169e+00 3.038482744373931510e+00 -2.495412292035922963e+00
1 1.302525795513186679e+01 -2.763501347176018186e+01 -3.495372286056771305e+00 -1.512332814053084817e+01 2.697632792502536514e+00 1.552803122847036121e+01 1.938760521764802292e+01 7.222082181993535244e+00 9.345138658824366118e+00 2.903035475487621753e+00 9.359236133312530015e+00 1.326241507895538874e+01 7.119830240736823690e+00
1 1.311212261330885731e+01 -2.863650777778903844e+01 -3.696879705473425926e+00 -1.264178466578527171e+01 -1.445253624010399696e+00 4.279831533374427899e+00 1.264497105676937849e+01 1.988628386205420595e+00 4.400030522733289651e+00 1.455972204820057625e+00 8.216535974414169274e+00 1.514001796306705572e+01 1.226819408402116096e+01
1 1.306410527449857817e+01 -2.555417260747711339e+01 -2.655579481328723901e+00 -9.448787232783899981e+00 3.065774242406144268e+00 1.233285621531093312e+01 1.746053246150944460e+01 2.741673699757724014e-01 2.004866967918097487e+00 3.252935075232421536e+00 1.496978164677473444e+01 6.459631449121032709e+00 -4.197908849263048414e-01
1 1.313708272159825619e+01 -2.657597291626763436e+01 -7.739825143867362645e-01 -1.304499624476266639e+01 2.805062314810954582e+00 1.149518958237336186e+01 1.685995159558570933e+01 9.269400744213658339e-01 7.853590401089344253e-01 -3.285549659556705748e+00 1.546721062471526631e+00 -1.870123089641529734e+00 5.100674395754639434e+00
1 1.310265586422214312e+01 -2.723539143445449895e+01 5.035243059666058008e-01 -7.290715740499131847e+00 5.933251160937889068e+00 1.084681740969694985e+01 1.302973272920470293e+01 9.489651717907252149e+00 6.765353501622526800e+00 2.962340911027945722e+00 -1.553879912799100760e+00 3.444646438318144988e+00 1.310526127713626465e+01
1 1.307765473767846842e+01 -2.704535076749870370e+01 -4.089348706263481681e+00 -1.661530179270722485e+01 -1.640623717557803563e+00 7.676586915555719592e+00 9.825398721408811653e+00 -4.121767134792654552e+00 -2.132852518721722657e+00 -5.123821750916532025e+00 3.595321827962520089e+00 8.314097915307540276e+00 8.142913423322246658e+00
1 1.318221518437996309e+01 -3.228701337982479913e+01 -6.755278910109348445e+00 -1.716208474796567884e+01 -6.073140625826430217e+00 4.230084429621682851e+00 4.086585304622843751e+00 -1.984737370289600733e+01 -2.734742869987011460e+01 -2.109503365994879331e+01 2.084566784642937876e+00 1.092621821849329500e+01 4.396675638391679186e+00
1 1.322581957095946059e+01 -3.039572249283239103e+01 -6.519941886081484839e+00 -2.085175121279246468e+01 -5.975234145263155661e+00 6.619022225737958287e-01 9.485091141877434850e+00 -1.086000431311655312e+01 -1.687240711260451675e+01 -1.741705541097090659e+01 -1.056230863875636850e+01 8.032198005529905815e-02 -1.094036075113320905e+00
1 1.309799966151480888e+01 -2.693576404572132077e+01 -3.695565869844237850e-01 -7.254839186899871173e+00 8.847712804079447935e+00 1.944638451001920387e+01 2.211172409006720230e+01 -4.458274799818702783e-01 -3.968319765994699377e+00 -1.297639448250899274e+00 5.971009778125469403e+00 2.708113482608921707e+00 2.724346611194638612e+00
1 1.306771792850749847e+01 -2.487204753320609285e+01 2.297855031399381742e-01 -1.071430282578232074e+01 4.885041592950142508e+00 1.448921331845098770e+01 1.275783233952373230e+01 4.004771180485184878e+00 1.956178607151967563e+00 1.259666012574486960e+00 8.685478718611753024e+00 8.682106650277891191e+00 6.553390910957452853e+00
1 1.312484707929328032e+01 -3.004930351733880300e+01 -5.912288200121061266e+00 -1.707887521878874537e+01 -3.355797701682761147e+00 9.633332296984166376e+00 2.048415672704433987e+01 7.363750530398606386e+00 4.968797948003777165e+00 5.801767823856809336e+00 1.361676610098921536e+01 1.050609845660283526e+01 1.299039410435397812e+01
1 1.326507370039905709e+01 -2.504344524621669166e+01 -7.441362165042381127e-01 -1.677555528815247143e+01 -1.982979206898814573e+00 1.336808126151850828e+01 1.783412625890454350e+01 1.165470858449253466e-01 3.165986694352022734e+00 -2.293408717476097980e+00 6.262702947478749671e+00 7.032920011283136041e+00 1.673523083830068714e+01
1 1.305945445018454265e+01 -2.892739793969450446e+01 -3.058424758392971565e+00 -1.291199315545904369e+01 -1.702580889308328738e+00 8.408644814799989931e+00 1.015445519437730759e+01 -2.846110450749560705e+00 1.642337742491464914e+00 9.655346692370477157e+00 1.859628535125161619e+01 1.232705350770674535e+01 1.304085480891831494e+01
1 1.308553171204771282e+01 -2.828482281243900331e+01 -3.066392746122400759e+00 -4.846993107652506794e+00 8.171913023626011352e+00 1.096356624281950509e+01 1.496025254486081835e+01 -2.234258268959443683e+00 -2.957481307150659156e+00 7.214972408866016096e-01 9.759080666363020740e+00 1.194153276206423264e+01 2.335890456203240095e+00
1 1.311421917973811624e+01 -3.061564440013453137e+01 -4.952942477623087036e+00 -1.378199061547998561e+01 2.526427865536825745e+00 1.143106780184860050e+01 1.401284385060249171e+01 -1.598949469344761232e+00 3.112809766459534444e+00 2.828866565710387970e+00 1.607581972753077082e+01 3.402178025336680456e+00 -5.119773351191351907e+00
1 1.307161612232547299e+01 -2.633060918258504657e+01 -1.841968681705061117e+00 -9.620757769034222306e+00 6.465336566331225221e+00 2.369500121870269993e+01 1.688341027428644381e+01 -8.586183895423462609e-01 -7.333606779766690398e-01 -2.572254900612297224e+00 1.079901718770419627e+01 1.497230542633474393e+01 1.001293879672068954e+01
1 1.307052364556281177e+01 -2.963166445129860804e+01 -5.948730415907317770e+00 -1.583444075420887387e+01 -2.033998949850878812e+00 8.208591939967753603e+00 9.929565735449681796e+00 2.864778468700008407e+00 -8.489841338960559369e+00 -9.162105140611405574e+00 6.442049642166189471e+00 3.699736938927503438e+00 5.723916925576558512e+00
1 1.303454130390810484e+01 -2.697136419063133417e+01 -2.194703837547469671e+00 -1.022124597804096346e+01 7.627840319402796609e+00 1.470537794152689592e+01 1.286906166249332628e+01 2.749643706413664290e+00 -5.406921595981110329e+00 2.467514630268759390e+00 1.175290180541986373e+01 1.004963213446633219e+01 1.040179737022545048e+01
1 1.314084605763191682e+01 -2.774699076299024370e+01 -1.169709889358459654e+00 -1.217122986233393434e+01 -6.559629396045444594e+00 5.250313556792268521e+00 1.136182920589749124e+01 -1.034034192473364033e+00 -3.016511327447919832e+00 -6.389570159609553990e+00 4.090275694280917307e+00 -2.354819744192170106e+00 3.214594261245864448e+00
1 1.298837633544634151e+01 -2.899607213446546439e+01 -1.973942461697744122e+00 -1.309968611573330222e+01 -6.207713653898056627e+00 2.243590406476920762e+00 4.649027492827381813e+00 -1.315621276851661525e+00 -1.061463647437952140e+01 -1.792381423326343537e+01 1.317332364374422804e-01 9.198950280904094612e+00 9.298893309490798842e+00
1 1.306218897947474034e+01 -2.726493206975642636e+01 -3.453314226111925844e+00 -1.273196478747233407e+01 -7.417419327793075556e-01 1.032482373547846066e+01 1.363660470232342625e+01 2.863011263312369437e+00 3.928864180670774697e+00 1.346538775293727230e+00 6.855433463047417852e+00 1.355032683815801109e+00 9.421187561467167626e+00
1 1.322911787894127933e+01 -2.805681524573398633e+01 7.979269942299905827e-01 -6.307857141190824635e+00 5.728829727456162146e+00 1.459138434088599467e+01 2.039807614456854168e+01 6.774581545287772677e+00 3.468709869625249631e+00 -8.844803794062604752e+00 -2.423737567002833604e+00 -7.931536928401665687e-01 2.047920175472078164e+00
1 1.298515136883198196e+01 -2.680288895382243908e+01 -1.232586629514024423e+00 -1.211502818550255078e+01 2.702412740499275490e+00 1.727718462164668267e+01 2.347243751020570102e+01 2.123664692424613420e+00 -2.336433615994941260e+00 -8.659048979621365660e+00 2.512993535823674573e+00 5.717352418077926934e+00 4.484881592937299821e+00
1 1.304228279896256382e+01 -2.705882895753354944e+01 -3.534948580124359641e+00 -9.661921326496216267e+00 1.756563269739393585e+00 7.201202075112778545e+00 1.500965737693574198e+01 7.628716997694684032e+00 6.663869881312667331e-02 -3.630675218558962136e+00 7.782992268083465781e+00 7.826562245894532310e+00 1.383983708774486310e+01
1 1.308934755376090919e+01 -2.698430422835901865e+01 4.772031894085418946e-01 -7.507260565234899374e+00 4.128375505557560388e+00 5.163343856371406249e-01 2.195473003898590125e+00 -2.744895020115864614e+00 -2.119654697210823446e+00 -2.625453246804252849e+00 1.248945620107634014e+01 1.935613215132958231e+01 8.878505980209810744e+00
1 1.307792612458046477e+01 -2.703384438458760997e+01 -2.023587059125492971e+00 -1.075072062926900252e+01 4.433383465564968873e+00 9.541017478578940114e+00 1.424393802758881300e+01 7.345820966376799266e-01 -4.492800266020122280e+00 8.303689049615912143e-01 1.261852452804820279e+00 4.344823298464675077e+00 1.508403483388322464e+01
1 1.304618535965211024e+01 -3.104068962537953169e+01 -3.129258874109737132e+00 -7.870717717475243624e+00 2.559323888508377443e-01 9.287080843608352509e+00 1.249735620232687339e+01 6.891207376826411490e+00 4.835404703345280275e+00 1.091812253689248280e+01 8.528497138410301659e+00 2.038707850934649457e+00 3.376748346094482045e+00
1 1.305869209375176432e+01 -2.833847513478549729e+01 -4.002626012662330091e+00 -1.434727316030029876e+01 1.269969211498430228e+00 4.350945112890261868e+00 8.770998710139869203e+00 -1.451542884271656231e+00 -6.968849749872030763e+00 -7.795467011467701823e+00 2.505299992488578376e+00 6.291982304010453220e+00 6.701940871784123566e+00
1 1.310245617632368109e+01 -2.673488660908236270e+01 -2.185440519661245418e+00 -1.279614146452816748e+01 -2.835133636836116855e-01 7.010223250404815865e+00 1.353657458982822170e+01 2.354423763040419448e+00 -7.238042362749123881e-02 -2.485067018684917528e+00 3.980315262120433850e+00 3.762214157234929690e+00 2.829107744605761976e+00
1 1.303363229152841818e+01 -2.905954264689669486e+01 -3.929756074991593628e+00 -1.020966329303022668e+01 4.102348632621546365e+00 1.188980060355394563e+01 9.894063301847104697e+00 2.823188781262571112e-01 -2.491735028632263038e+00 -5.419165533990916828e+00 4.763366417870912528e+00 9.550967350829473901e+00 1.590421122417705746e+01
1 1.310052230937020923e+01 -2.522680702455244983e+01 2.541270910493605428e-01 -1.167903267481008811e+01 4.127303639709166028e+00 1.447475476006160200e+01 1.298625791772876603e+01 3.347659088759324941e+00 2.380202970373042959e+00 -3.426111254379949678e+00 -1.027431260009235903e+00 5.013834162867109256e+00 8.383199838457759512e+00
1 1.320085809143194666e+01 -2.665001532783010418e+01 -9.995441291036715192e-01 -1.140264856386068715e+01 -5.059454277687819967e+00 8.966615309818102730e+00 9.587692822138246029e+00 2.566597784789572678e+00 7.261037762302227527e+00 -9.842888388225827789e-01 3.241714341692032875e+00 3.227396369534739851e+00 1.457252582620932913e+01
1 1.313167109534592036e+01 -2.528848543486206069e+01 5.351438044799051302e-02 -1.185339673437662178e+01 -2.651083641743267716e+00 9.104489630526568789e+00 9.178354758205795605e+00 -1.141670110668769134e+01 -1.318342453221109345e+01 -6.923265304714480983e+00 5.002962968656999188e+00 1.389526619474551694e+00 -2.634148409280115732e+00
1 1.319177933030128003e+01 -2.829214827670634591e+01 3.565648672343862402e-01 -8.343605985383224066e+00 1.260712277161104122e+00 9.279446537384499649e+00 1.671980373424419142e+01 3.722588014061443129e-01 3.054337601113942924e+00 8.233251660780348757e+00 9.265535603601149361e+00 2.998020315655874235e+00 6.180228748544871031e+00
1 1.322585914627586057e+01 -2.775490005186621900e+01 -1.551269097314774470e+00 -1.141592962168446235e+01 3.572451367239591669e+00 1.312911270571557765e+01 1.568293845380693874e+01 9.798727790460193265e-01 -2.371337060038972488e+00 -5.131240725418218851e+00 1.035498517041722089e+01 1.305277651474155398e+01 1.330299584426489545e+01
1 1.324450467375575258e+01 -2.923444576436345699e+01 -3.621666735936865944e+00 -1.602417182108979077e+01 -6.463529709743111695e+00 6.221664990289530017e+00 7.532064607617897423e+00 -1.221612513689158952e+01 -1.782076431191323351e+01 -1.720514342865928725e+01 -1.057906143792629905e+01 -4.827231530507553714e+00 -2.339084489357390773e+00
1 1.317554925577037217e+01 -2.528303733572385070e+01 -3.216724810713816191e-02 -1.254897686476779839e+01 3.329081470566729317e-01 1.039540651366904100e+01 1.722415406849378172e+01 2.322006470245365328e+00 -1.833792319604041543e+00 -8.768423884807492463e-01 5.005694974856370605e-01 -8.466360666946407321e+00 5.641268395189847240e+00
1 1.307139397553367388e+01 -3.038807988384345293e+01 -3.055537057080123464e+00 -1.040490288092685311e+01 -3.912444512256480489e-01 6.386796591012150692e+00 8.071725248187584967e+00 -1.323347793653213866e+00 -1.471584620961764678e+00 -9.374980281758068301e+00 -5.521396385016885233e+00 -7.758285553656564915e+00 -2.159370912459210423e+00
1 1.316441153959003785e+01 -2.818262059308988299e+01 -1.718116012337928877e+00 -1.121891444837808827e+01 -3.772146977471028340e+00 1.306366544396650475e+01 1.618894035279029353e+01 1.454118712458990492e+00 -4.626640859439482334e+00 6.628825885074361712e-02 2.535330938263491429e+00 2.635323683077211987e-01 4.199978020615992236e+00
1 1.326347350212237863e+01 -2.746302800444458114e+01 -8.273299797594358962e-01 -1.194844376980958955e+01 2.018860187409002638e+00 1.027194144115207308e+01 1.006817828650320656e+01 -4.265599702956620831e+00 -4.547178282302757779e+00 6.834668419457967659e-01 1.151891937766147755e+01 1.073740411807072448e+01 6.766270689576256991e+00
1 1.310316801613432958e+01 -2.511716549341408466e+01 8.352921477018802054e-01 -1.044910795136859427e+01 2.724776081247839876e+00 1.571420803612059203e+01 2.325630937349847116e+01 8.431466697267348209e+00 2.489543416111790197e+00 -3.248751194142519338e+00 1.027385036512515804e+01 -7.603560489855738513e-01 -6.289074502049373905e+00
1 1.312880926903866552e+01 -2.843319207125610859e+01 -3.398002693273767694e+00 -1.320672989464871705e+01 2.862843980344182526e+00 1.911358577880159260e+01 1.665497774565478295e+01 3.118284345013479175e+00 3.072961526562623114e+00 -6.454912724115467348e+00 4.963260739136631905e+00 1.214615076410173700e+01 1.637259722369791959e+01
1 1.301962179019835730e+01 -3.177385856549057408e+01 -9.923879824734822108e+00 -1.821870881077848026e+01 -6.095238926631040499e+00 1.551454001752126333e+00 1.248810577213449413e+01 3.926915179978109460e+00 -2.483239950269855001e+00 4.058645153683603790e-01 1.228293790424908138e+01 1.977099537058792933e+01 1.825029964106226643e+01
1 1.306227303915812676e+01 -2.792044993683517973e+01 -4.302115152683471777e+00 -1.348933595425953591e+01 -2.460969503365785460e+00 1.082568535536530518e+01 1.796481938598826034e+01 9.263342795401761975e+00 -1.468071605925907797e+00 3.197738823674454167e+00 1.684718093866335309e+01 1.290201211701756279e+01 8.831341612452296985e+00
1 1.300195164098390421e+01 -2.706214733332219424e+01 -4.083324486335173198e+00 -1.367531866871005342e+01 4.396885146297925928e+00 1.687466595692826488e+01 1.677757182618782394e+01 7.641159948846613925e-02 1.315978481421232305e+00 -1.101763215544584673e+00 4.663408947969100993e+00 5.586752665633488490e+00 4.765698140547763195e+00
1 1.310972670426390962e+01 -2.942042084636416277e+01 -8.092137668367396230e+00 -1.776475060498635372e+01 2.054270191649278376e-01 7.947274107693782064e+00 1.383588301031673140e+01 -4.648917168807856548e+00 -8.387686859961865693e+00 -9.494298545125568367e+00 -4.262712781337879342e+00 -3.800856636978394043e+00 -7.725868196659990694e+00
1 1.299573095203777129e+01 -2.547095901106908045e+01 -1.924286593914688259e+00 -1.341790801081989848e+01 -3.226751416005163353e+00 1.010046748531169492e+01 1.135834665745548833e+01 -2.771451561237222361e+00 -1.296450917277422565e+00 -4.316476757069317216e+00 1.109220342319704855e+01 1.123877948482402545e+01 1.644315806240978173e+00
1 1.311054450330633436e+01 -3.126953944523875961e+01 -6.478635582409736138e+00 -1.701850771112983551e+01 -3.501169162878015939e+00 8.649101055832888463e+00 1.671819657552554972e+01 -8.014501578500801138e-01 -1.324009937826878414e+01 -1.041978441504200426e+01 2.721461625305841459e+00 6.518609431887174566e+00 3.914071585374340856e+00
1 1.310465086188273709e+01 -2.839001397254086001e+01 -2.319884677354571156e+00 -1.434297127913905179e+01 3.156838210349351304e+00 1.726398680084522042e+01 1.746158555170841353e+01 3.444322447595436376e+00 5.913323068242893221e+00 9.131304867994362695e+00 2.025600156760759774e+01 1.359098674280906494e+01 6.461153585931410426e+00
1 1.316174366367249959e+01 -3.039044888247291354e+01 -5.801472241767754667e+00 -1.114732295812246932e+01 -3.221042011492029067e-01 9.491225505569859777e+00 1.106937440164625031e+01 -1.660424085785325632e+00 -2.290847627837285128e+00 -5.564525706425924589e+00 2.475267336056599099e+00 4.045595857563561104e+00 6.180359522518740434e+00
1 1.303487290554832967e+01 -2.716997240702697169e+01 -1.041639033180979945e+00 -9.171732153326743742e+00 2.720191197525229310e+00 1.568527169314597103e+01 2.041368515250528759e+01 1.298896716257579520e+01 2.777034451715354013e+00 -3.343611754414675730e+00 6.682772211489200309e+00 2.847742569763300757e+00 -4.788930182889920673e+00
1 1.312350214572282070e+01 -2.860889825218008298e+01 -3.509297501051861001e+00 -1.766579480549106762e+01 -4.018555098065387909e+00 1.513924113204747357e+01 2.106939656234817093e+01 8.945407451166889956e+00 1.026521775944088688e+01 1.099894624382802455e+01 1.722638050530436260e+01 8.476045207634127721e+00 1.560826612418875747e+01
1 1.326716166839931255e+01 -2.643262300642173912e+01 -2.061251512493726956e+00 -9.493635460486654409e+00 4.450116080355279280e+00 1.316748457259948069e+01 1.501797675198337778e+01 9.672900623997059411e-01 -7.928961927933294795e+00 -1.290279726623228918e+01 -3.769413656651463551e+00 6.684509699325847265e+00 4.732396149490943671e+00
1 1.317554516088077499e+01 -2.441402277162613998e+01 -6.078523584089680076e-01 -1.435116444228313703e+01 1.502598177095546994e+00 1.607203429289069874e+01 1.688666031225018216e+01 1.868348949632288591e-01 -6.184304197171874851e-01 -5.899996560818649982e+00 2.902737374313701491e+00 2.442423132514846440e+00 3.448346895688572999e+00
1 1.306568580161147963e+01 -2.487514895242269475e+01 6.922648552029141422e-01 -1.210949383067505991e+01 3.533722695383979762e+00 1.364912311050090921e+01 1.345264507662395559e+01 4.961709178450295910e-01 2.110966667519233564e+00 1.961213643115592209e+00 7.186990495865871686e+00 -1.040897890535549264e+00 4.106895728293638470e+00
1 1.303586781215810397e+01 -3.002669780248040254e+01 -5.818595549952497947e+00 -1.599782843866591975e+01 7.977528198036181184e-01 7.976261516440416699e+00 1.646019664424982665e+01 7.296761675426886029e+00 5.367910840925125271e+00 6.456552137541670122e-01 1.048411460109480053e+01 7.483881762185451869e+00 9.713331050217252738e+00
1 1.314089773267567551e+01 -2.789343660367568489e+01 -1.642246004017461347e+00 -1.370653663373007092e+01 -3.503479985804325736e+00 1.293896668071480960e+01 1.650593688175928975e+01 -4.879067024186451107e+00 -8.086091968533924756e+00 -1.275721885330710625e+00 6.198642395541035910e+00 -2.635108544696261879e-01 1.374761575257163582e+00
1 1.332227456967478396e+01 -2.870498103537401846e+01 -8.719032440741916190e+00 -2.274554059087746793e+01 2.045924678826559762e-01 1.246002244293003081e+01 1.106701889692401686e+01 -6.619810007513340366e+00 -7.584441117971861601e+00 -1.130493099026601200e+01 1.464567739041567762e+01 7.286090370595694310e+00 1.029876008943124699e+00
1 1.307908641723610366e+01 -2.821520460388505924e+01 -4.671116111126361048e+00 -1.500012469149587879e+01 -2.807649402524539983e+00 1.230583743456140944e+01 1.462443783506514983e+01 -3.331718166876541432e+00 -3.206128720860537573e+00 2.620717906118689378e+00 8.872654086659311545e+00 1.202473527821828814e+00 5.967486265930730838e+00
1 1.309102963505337058e+01 -2.702135733061635037e+01 -1.178351140129671792e+00 -1.324156381065628629e+01 -3.156528900507806767e+00 1.399717330143172767e+01 1.983678111557980728e+01 -1.230621265967765998e+00 2.390339111447869591e+00 5.641835213858395370e+00 1.226498141715081580e+01 4.573445982464266812e+00 8.292139186992925071e-01
1 1.305272399282103102e+01 -2.631129221591123724e+01 -1.940915801615981318e+00 -1.427640568833816914e+01 -1.593485690254645260e+00 1.184230320226186883e+01 1.660076508748819890e+01 -7.107855960352234881e+00 -8.720680402660663688e+00 -2.934721174092631113e+00 1.666399458401771128e+01 1.526528885407441827e+01 1.287322915150603597e+00
1 1.299066866962009925e+01 -2.875239145647743655e+01 -8.034142110306280671e+00 -2.039114840287178865e+01 -1.456722597124881169e+00 1.966088799221304484e+01 2.247300197809509115e+01 6.991264297454511834e+00 5.675672413177250242e+00 -2.416047471461851615e+00 5.627822271654328468e+00 5.788064042753935379e-01 5.474413926565717681e-01
1 1.303755785870069239e+01 -2.699955747937104533e+01 -1.995494435205160233e+00 -1.228590888834673400e+01 -3.149081760944566710e+00 1.268059887502364269e+01 1.479316478743079344e+01 -2.466766671730776572e+00 -5.811882378506147973e+00 -8.116723620380891902e+00 8.186623712853039692e+00 1.421284289225312669e+01 8.132237170534823534e+00
1 1.301124711244927568e+01 -2.632003667217330189e+01 1.740474392271753601e-01 -8.888375073995030462e+00 2.283193384722493890e-01 8.644438316812310674e+00 1.065120569816491702e+01 -2.232000901426138828e-01 1.877628394197820683e+00 -9.612271860086171182e-01 8.076931916978066894e+00 8.011090265498641116e+00 9.184487434490231195e+00
1 1.319414047751955721e+01 -2.804082380287135479e+01 7.609325595632683292e-01 -7.080798783117660200e+00 4.220727826687909356e+00 6.780337306089421645e+00 1.046786091775913974e+01 1.467937152204203954e+00 1.085165795516899845e+00 6.468760029609044171e-01 9.252265192440500385e+00 1.024200680310032752e+00 5.159217118440437844e+00
1 1.300322210760883479e+01 -2.765205464985207229e+01 -5.568067809333273388e+00 -8.935238368117234486e+00 3.124990195203916077e+00 3.248952407255355279e+00 1.263914587324621230e+01 -2.466282337089451104e+00 -7.952321689709837216e+00 -1.050671772674010995e+01 1.380750362403791176e-01 9.764684972888935111e-01 1.209277675804828922e+00
1 1.304235748273928586e+01 -2.640742101151871779e+01 -1.379182129867165152e+00 -1.403156714576025266e+01 -4.412045142377555962e+00 9.055642557516213387e+00 1.364090728665250118e+01 -2.193936335861154774e+00 -7.279065224053434591e+00 -4.116096463223709812e+00 3.876333457145882289e+00 8.344450041454521738e+00 1.059695101857868416e+01
1 1.309176242368410037e+01 -3.226130297920267509e+01 -7.032082696180935955e+00 -1.750911265453150989e+01 -7.768448920635236732e+00 6.355152537023061932e+00 6.227696462514974662e+00 2.872704897338734797e-01 3.582334369630153503e+00 5.026831507591709602e+00 9.421688337760443233e+00 8.495925054806461318e+00 1.285254767365247375e+01
1 1.319402086631124860e+01 -2.918312523857783347e+01 -1.193498078432958659e-01 -1.092691107791830696e+01 -5.166643068191192789e+00 -4.870408528132567638e-01 1.357423933404012795e+00 -7.528603718973692516e+00 -3.272180950764364216e+00 -7.333600102378826868e+00 -5.298879084662194927e+00 -9.713141575742490375e+00 -5.471705255924559808e+00
1 1.304341775207545950e+01 -2.833831696024259017e+01 -3.048856122490241294e+00 -1.339072607102243317e+01 -2.536734362977905555e+00 6.859074053400356696e+00 1.298170618864526560e+01 3.546816855054560347e-01 -2.363596116472534148e-01 6.371832639805906418e+00 2.142091696716925497e+01 1.019560789519824517e+01 8.813983876813850316e+00
1 1.311334449156860060e+01 -2.838765967400650325e+01 -4.729224454522136689e+00 -1.299081333475903932e+01 -4.676720185014330511e+00 6.973801487099703600e+00 1.800097419324844594e+01 2.762673740017030699e+00 2.111563112348665339e+00 3.511000510397108254e+00 1.204926898948888692e+01 9.971991949316723947e+00 1.213358010225062600e+01
1 1.327838683261161989e+01 -2.675102133077223598e+01 -6.634429425499717148e-01 -1.044128041315938837e+01 2.193034846025398998e+00 1.209858507175709086e+01 1.268567825998999865e+01 -5.220013651776794106e+00 -2.863341838653541416e+00 -2.328264230834218573e-01 9.267772888703690981e+00 9.908273773503388782e+00 1.288560933725185009e+01
1 1.301881260455778033e+01 -2.757026076801789927e+01 3.901022972560420077e-01 -3.602469389135606992e+00 5.925806538007002189e+00 8.280505617247895245e+00 6.949759585585960409e+00 -1.608322944034900503e+00 -1.837689724893208087e-01 9.071680272321664962e-01 8.115944949290467392e+00 9.319251037043690289e+00 1.339689067652815879e+01
1 1.316451631390810562e+01 -2.932697993341671250e+01 -6.163811993556322477e+00 -1.565170613643874375e+01 -9.766188230298007422e-01 3.726641586763464797e+00 1.170624535608286187e+01 -5.072875034420387230e+00 -1.002566048335244986e+01 -3.955539336405818895e-01 1.156473607858258568e+01 4.179571220552222854e+00 1.225741231883383797e+01
1 1.302743139684740115e+01 -2.799637932987771904e+01 -2.605644527206946393e+00 -1.090111787516429942e+01 -3.901503990694553670e-01 1.167722550439959761e+01 1.566757548938225852e+01 2.573021254452728113e-01 -7.142671233267790853e+00 -3.261046210498762310e+00 1.448948005201235922e+01 9.940982179759053849e+00 1.088239137978089488e+01
1 1.312051902916739188e+01 -2.859003072453938188e+01 -6.114574431758679651e+00 -1.480639015607505904e+01 5.623378978320696220e+00 1.886589328597686333e+01 1.947154605803735095e+01 2.168729633036801996e+00 -4.991369452207756297e+00 -3.751863726995606552e+00 7.959204012250559401e+00 5.290938097885613089e+00 1.327015605177632018e+01
1 1.313430697131672709e+01 -2.637834334857595309e+01 -2.343775117994875590e+00 -1.600301623824503494e+01 -8.242051329441865803e+00 2.382382492869867807e+00 9.514739389412460113e+00 3.094033544752525344e+00 4.746210394223316698e+00 -3.328439570884664800e+00 1.161285235718714048e+01 1.224778278910506657e+01 8.403557411497317275e+00
1 1.323069123581855067e+01 -2.879810883914699815e+01 -4.579525031444847016e+00 -1.814370748043303294e+01 -4.516414147477011198e+00 5.427681117389212773e+00 6.063667542113719833e+00 -3.540474220051787135e+00 -2.795710211514874199e+00 2.981881796566006493e+00 1.099113314524985086e+01 9.886587364158925695e+00 5.483139113392932806e+00
1 1.314430124233631147e+01 -2.683548210337158935e+01 3.830653096404459390e-01 -1.202271583829199564e+01 -3.022703670361167383e+00 3.752485225225361987e+00 9.212524285321245898e+00 -4.550329219390441438e+00 -4.547684538843426161e+00 -4.633241130179877598e-01 6.040537871070810638e+00 1.354793839173816039e+01 8.281820305309194552e+00
1 1.313770644900582596e+01 -2.636162561824210115e+01 -2.381501328358351266e+00 -1.211672438344612601e+01 2.214871848793867337e-01 1.304507025892662320e+01 1.604203160052603749e+01 -2.562690468082228890e+00 6.021976481694524264e-01 -4.165880487411670607e-01 9.001073049396195458e+00 4.892749152678197433e+00 3.505176992724582163e+00
1 1.307843787946048586e+01 -2.852688155553658689e+01 -4.622914435495235175e+00 -1.081020634932335689e+01 7.724130479195473242e+00 1.791140397915470217e+01 1.232110007084626879e+01 -9.267670035317003396e+00 -1.612191370733770412e+01 -7.201159618010469998e+00 1.240979019281646067e+01 1.727198878043869357e+01 1.275124651665271536e+01
1 1.305331802820716014e+01 -2.462582757113512599e+01 1.242787215399797862e+00 -1.067091805283049410e+01 -7.495963164888694852e-01 1.745864073783829440e+01 2.355180781223972630e+01 6.313994462158110998e+00 -1.548627463531115911e+00 -4.051832148564617597e+00 1.038128985802834414e+01 6.783738197509103784e+00 5.538798038337499285e+00
1 1.297166061633336831e+01 -2.922913437697033245e+01 -4.148656821398298611e+00 -1.662119182546529572e+01 -7.978203621356188435e+00 5.491853874575681083e+00 1.601027411908394882e+01 3.710125384549201932e+00 3.583053420846478598e+00 2.993371768951504364e-01 9.834126513949820847e+00 1.254515251445015878e+01 5.824953538053509128e+00
1 1.303778071346098066e+01 -2.725332940035815454e+01 -2.853265211146815972e+00 -1.508100796334089644e+01 -6.600583409258602430e+00 8.187955867678033073e+00 1.465553244565603386e+01 2.396814467882560695e+00 3.450614077927528278e+00 7.269346137861338875e+00 2.092826334460269422e+01 2.016018852681251161e+01 2.064265471475126290e+01
1 1.307857986878411083e+01 -2.987903855407575548e+01 -6.459663721561801353e+00 -1.647180448335612013e+01 -7.927415160536559036e+00 -2.398982186995803900e+00 5.766844392387280749e+00 -4.630552611033516897e+00 -6.648597982521707195e+00 -4.362277120920937890e+00 1.530266586065878176e+00 -2.555656478342691607e+00 6.934806694343872424e-01
1 1.311141321049930220e+01 -2.913606232223218484e+01 -4.711887430778939567e+00 -1.342616038552585955e+01 -2.119081411695558970e+00 6.063738380322229560e+00 6.283348039703509080e+00 -5.220034547598118913e+00 -4.297544046643809068e+00 4.528822183600944018e-01 9.465827015290575019e+00 6.654228080370854670e+00 1.326234975705201435e+01
1 1.315194972367263127e+01 -2.677840408567020347e+01 -3.610342697077441043e-01 -1.097081549673356626e+01 -3.876121006558230775e+00 8.162985645173122862e+00 1.665506395944583318e+01 -6.905448572428757315e-02 -1.616808554408223797e+00 3.029675975108295227e-01 8.216852313409404474e+00 1.076331457285020932e+01 1.426636921547702919e+01
1 1.313243925665149270e+01 -2.677987421030327653e+01 -1.892859048445225678e+00 -9.404851826343433530e+00 -2.219997506549359123e+00 4.090386164929316060e+00 8.300753793137390701e+00 3.007785154813893858e+00 2.472456195350676289e+00 6.591089782012812037e+00 2.026870503497787190e+00 1.004314467318556003e+00 7.241926132148603479e+00
1 1.312525950378546113e+01 -2.728701746128196604e+01 -3.332756518089037723e+00 -1.207666002563605900e+01 2.432586264953781274e+00 1.778282309020361751e+01 1.038443440858417155e+01 -1.851374572851154587e+00 -9.341231088351475975e+00 -8.763884947304964257e+00 5.799013922700970269e+00 8.780068028269123914e+00 4.092358107273753376e+00
1 1.313783977198256281e+01 -2.594259916768931973e+01 -1.873598850207549349e+00 -1.651132504413132907e+01 -1.525570067830706700e+00 9.337334085023783814e+00 1.166632940424961085e+01 6.751471827334634135e+00 6.271069566204232615e+00 -3.153640436627621391e+00 5.545976321897741812e+00 1.227408319986741603e+01 6.702942983944320865e+00
1 1.309852067471594772e+01 -2.590643251387281865e+01 -7.632202370267321401e-01 -1.159366868172641674e+01 3.598702371722560578e+00 1.073572965171994298e+01 1.213054542911248568e+01 -4.956186917692724792e-01 8.107979170449187700e-01 1.784978065937074421e+00 4.990732484711637440e+00 1.256408463242760476e+01 1.483554808068540432e+01
1 1.311555258339065766e+01 -2.452616085765751208e+01 3.172079881393282119e-01 -1.408208673301305680e+01 1.848017473441035285e+00 1.358474419258630839e+01 9.453172644373365685e+00 -1.051225414558941829e+01 -1.304457385644445111e+01 -5.476829901038687609e+00 8.304183106062936304e+00 1.205290782180655285e+01 1.969033747447084437e+01
1 1.314327668252126990e+01 -2.746992242789825056e+01 -2.644492650638799791e+00 -1.191828354266489143e+01 4.014546838611756208e+00 1.378488728136682084e+01 1.476745457436011399e+01 -2.950522521162813661e+00 -5.992474332100569789e+00 -6.885351028303027476e+00 2.184143875362699827e+00 4.039246559631618716e+00 4.745160497180032522e+00
1 1.306626464894769946e+01 -2.538384106881943580e+01 -4.355306892537059715e-01 -9.360586872003144876e+00 3.210264593922850018e+00 9.259486116651631349e+00 1.609869600279078483e+01 -3.558687231694011022e+00 -3.117163711688454963e+00 -3.222598271680154447e+00 8.593204416457105310e+00 6.568027881174684168e+00 4.129466165845933290e+00
1 1.308515912027364614e+01 -2.726364907214177791e+01 -9.315004648816381794e-01 -1.068768762986348264e+01 -2.512090650104100931e+00 3.491883793836322081e+00 1.451448720853710128e+01 9.162713205923600057e+00 9.530212339574962499e+00 3.990747536719616129e+00 4.367279505660911276e+00 8.757555260845109601e-02 7.893213771403549295e+00
1 1.324433963171160933e+01 -2.833644794385111965e+01 -4.308488740424779806e+00 -1.893422018088811498e+01 1.178368378135483674e-01 1.608918112779072018e+01 1.442729370514312137e+01 5.630881376876890165e+00 2.978460732820785495e+00 1.093030325712199824e+00 1.018904649428112030e+01 1.490805408141742205e+01 1.123559526000943087e+01
1 1.332455985713793822e+01 -2.798589117747213706e+01 -3.642244479252470413e+00 -1.438148173476329283e+01 -4.057674676929545754e+00 1.324559679150553393e+01 1.459636930050538339e+01 2.501813120430253612e+00 -2.652475498027086598e+00 -1.126009474553122658e+01 5.490048793629601853e+00 1.904257553836371297e+00 2.445781930069809429e-01
1 1.305836599460540981e+01 -2.718344562097671258e+01 -1.604559054186736944e+00 -1.428859311728807491e+01 -7.278733695762977796e+00 4.363217674839731330e+00 1.018462548880203045e+01 5.958224323154399649e-01 -1.750168264651286609e+00 -7.888773387021665862e+00 3.435622753058401369e+00 1.370519425216855858e+01 5.420133746975002609e+00
1 1.306068764859238307e+01 -3.001415172295834211e+01 -5.479444610903008162e+00 -1.314506292721521774e+01 -5.882192704548354634e-01 4.730326960566124228e+00 3.350237710846577510e+00 -1.220946776615308593e+00 -3.603102874727331706e+00 -1.066464692663246794e+01 -2.653615950474674801e+00 1.309452609651690080e+00 -9.516743950213022440e-01
1 1.328074224661183678e+01 -2.798642145882392285e+01 1.641502836680585720e+00 -8.121320325040377597e+00 1.670578939362013626e+00 4.195613170616343091e+00 1.281491989808218257e+01 1.253125656625291207e+01 9.696999303765158729e+00 2.800970790651272413e+00 -7.467364292036447748e-02 -2.997501147337383598e-01 2.125968188839842288e+00
1 1.308692050396013329e+01 -2.613865625654720048e+01 2.642304252433685385e-01 -5.135423804915228096e+00 5.810618002806050342e+00 7.175201301656659147e+00 1.071308443354477724e+01 3.643272588771322873e+00 3.776176792441803265e+00 1.513325898857295959e+00 1.264540868556748165e+01 1.220200346363825972e+01 8.875606570066549850e+00
1 1.309717589095386003e+01 -2.670998091169030886e+01 -1.314005873805731195e+00 -1.232004851323426742e+01 -6.016669840068871178e-01 1.325705233803822303e+01 1.689159245234130324e+01 -4.142945618964646748e+00 -9.435596878633724316e+00 -5.797665330112676152e+00 1.695953006105818561e+00 4.228571633954103959e+00 1.111802301377268520e+01
1 1.317086231476547198e+01 -2.793440578489531845e+01 -3.819659205373946875e+00 -1.102242423948977468e+01 7.871452177711455889e+00 2.485251241026737645e+01 2.326854530266697552e+01 1.018590791035800969e+00 4.813922793373701658e+00 -1.373548951575120913e+00 5.680400740978658547e+00 8.547774923310425876e+00 6.144937400883955014e+00
1 1.312731074697198075e+01 -2.979436039587332630e+01 -3.020352959635874690e+00 -1.095629008016456218e+01 3.977875668877707271e-01 1.650735450149358741e+01 1.950916831447944944e+01 1.965458391012161687e+00 1.827170907312686055e+00 5.732150976576595447e+00 1.612542701715928573e+01 7.812649237798810375e+00 7.935344338978577383e+00
1 1.302106273419989257e+01 -2.737961070010678455e+01 -2.678263058296881827e+00 -1.415918619477812612e+01 -4.045468184397866374e+00 8.938208399935287929e+00 1.216496205666913966e+01 4.355200286359187878e+00 1.036909869447197430e+00 -3.362266613420238581e+00 5.489039569480076430e+00 -1.484421089682917305e+00 3.784966099300534736e+00
1 1.306187829540615475e+01 -2.734157508809348158e+01 -4.426881766857143852e+00 -1.816611510038710620e+01 -6.365852897643418551e+00 8.172602061065856738e-01 7.805229599816247976e+00 -8.422659562918088483e+00 -8.537511045488681560e+00 -1.097061376198329974e+01 6.299888558515331916e+00 6.832405601407078422e+00 4.131783815325450249e+00
1 1.315397629415856606e+01 -2.526599380487067492e+01 2.966934732848604650e+00 -8.660533415620205844e+00 2.789018447146540680e-01 9.059973707098258444e+00 1.482682869826554750e+01 -1.691052683078710039e+00 -6.469000747662189132e-01 -8.549899532846068073e-01 7.401749214740212857e+00 4.697577839025436575e+00 4.433438171939875438e+00
1 1.322559415735436161e+01 -3.045008133834186026e+01 -4.732873621097311023e+00 -1.793777797898770743e+01 -8.281787531774273958e+00 1.525817644812563101e+00 8.752603660593095469e+00 -7.072574434809423494e+00 -8.159708821881743290e+00 -8.850074845517852395e+00 2.276570653273819023e+00 7.638243365282401776e+00 1.251575338504697399e+01
1 1.294264100459367484e+01 -2.848239937373941189e+01 -2.514405444661653277e+00 -1.123067707142461913e+01 8.246976984934545341e-01 6.830364463404205999e+00 5.321511412699091004e+00 -3.686254033811170672e+00 -2.346094822614780639e+00 -3.298170227898566509e+00 -4.158246300365086690e+00 2.328414235026453394e+00 4.577497454182671177e+00
1 1.314907571967186861e+01 -2.763680651645942632e+01 -1.272114268572805740e+00 -1.382854058083335680e+01 -4.347408835525151893e+00 4.627340342601150347e+00 7.251393502453539419e+00 -4.452477699769618269e+00 3.426299380190734212e+00 1.478781733843448798e+01 2.031011731882990645e+01 8.988095287608523165e+00 1.410228821246958919e+00
1 1.306524998645510927e+01 -2.510238982774506056e+01 -3.568690068708249896e+00 -1.226424693237406416e+01 4.801700130427850599e-01 9.492367646818205884e+00 1.071568946502412878e+01 -2.236261433466232074e+00 2.822214062571149373e+00 9.301452391921470664e+00 9.974495571113223491e+00 1.072938624483813541e+01 4.644582210914539822e+00
1 1.324737700871051871e+01 -2.618366625109774404e+01 -1.093050284488382928e+00 -1.449703390095129762e+01 -1.476669454125495717e-01 1.455486259538392524e+01 1.437265036649582761e+01 1.901639835536467205e+00 1.082829531265550749e+01 8.913297199521142744e+00 1.682000097405074612e+01 1.785829174813869713e+01 1.089365667855432562e+01
1 1.306779787493268685e+01 -2.820648054342402489e+01 -2.990890057696024229e+00 -1.198938836355735305e+01 1.050981548866899873e+00 1.011661122422852799e+01 9.851590824999060914e+00 3.565960848227666680e-01 7.533314571248732605e+00 1.449096854970721004e+01 2.619993541304633311e+01 2.279027092206598581e+01 1.579695873170578935e+01
1 1.315828380730515335e+01 -2.576359777644317717e+01 -2.283595518621991616e+00 -1.176623687601467516e+01 1.695772329541757717e+00 9.464151023795889017e+00 1.569463620679428395e+01 9.119296325416341276e+00 4.882641249787060822e+00 8.768032148902753065e+00 2.326028323365438411e+01 1.811124097610601069e+01 1.338866585026328337e+01
1 1.315194664261766277e+01 -2.503937471367722978e+01 1.088547093017850687e+00 -9.770484909422028963e+00 3.127995260948426282e+00 1.025528554043708240e+01 1.400212582797477978e+01 1.195384130469459016e+00 -1.523631363957346219e-01 5.505945545674810759e+00 5.311776125378490754e+00 4.685877093193971277e+00 1.028816596733481248e+01
1 1.314183723102686407e+01 -3.039637282808767083e+01 -5.224738304089357577e+00 -1.892651141712411444e+01 -8.285619684044583266e+00 6.835775050312194345e+00 8.581231243496313610e+00 -9.129028902861671568e+00 -1.263954636910477269e+01 -1.603568846815270987e+01 -1.199583066685036137e+01 -1.730785106258088035e+01 -7.938788968659921785e+00
1 1.318379095920914956e+01 -2.741125632171474891e+01 -3.465700634208730424e+00 -1.789955211847416905e+01 -3.833746501681359664e+00 5.329766271147730272e+00 1.592507093301068544e+01 9.092246460401683938e-01 -1.047887549243363692e+00 5.135808673109680811e+00 9.183848839591993496e+00 8.574746177082307241e+00 1.597194305264085834e+01
1 1.317809832487124133e+01 -3.077388885365124693e+01 -4.881151965951536553e+00 -1.473955567505336006e+01 -5.957864406716083749e+00 2.895002905812410710e+00 1.155348923841185815e+01 1.257693948228051362e+00 5.644150198436016730e+00 -6.399013338386100314e-01 -1.594379503160706202e+00 1.872603917034752818e+00 -1.744735564652534876e+00
1 1.317085437205470022e+01 -3.067559496430011734e+01 -8.106687777103513071e+00 -2.431445720788152798e+01 -1.253340593182267959e+01 -7.249290277992552767e+00 5.375652121302477937e+00 -6.066701631179014953e+00 -1.171481408677228764e+01 -7.331417741457181947e+00 3.950916738501993208e+00 1.526538806533509529e+01 1.543854999018819996e+01
1 1.635416768894762996e+01 -4.329093399334652759e+01 5.745595492194888187e+00 -7.523009622776715588e+00 -1.608175051003139799e+01 2.900341881946246758e+01 -3.632252586741065326e+00 6.941031313576901951e+00 -5.412684237240265261e+00 3.315030344273496965e+00 -1.233447712502811155e+00 1.552479366120968152e+01 3.664819938930399257e+00
1 1.481080338934387086e+01 -3.123101293954940871e+01 -1.115663883869107487e+01 -1.182944769848984556e+01 -1.633162950526143931e+01 2.133870352470847109e+01 -5.681367885184697819e+00 -4.388738468838476514e+00 -1.816243069552597289e+00 -5.729904946170866431e+00 1.505393961610899467e+01 1.942415991107491635e+01 1.407991261235413383e+01
1 1.356870289039455102e+01 -3.246837986567779666e+01 -3.710454003501018505e+00 -7.227535874283637973e+00 5.340134424585761153e+00 2.164488037827333500e+01 1.177387146348478097e+01 1.471528492045333358e+01 9.081974987125200016e+00 8.639169789753792017e+00 1.471624001927611758e+01 1.212066259245171373e+01 4.844214180401506198e+00
1 1.348787764929282673e+01 -2.987735743288554247e+01 -1.137941220257561170e+00 -1.153707623125579929e+01 1.813926779102911446e+00 1.728585041847534853e+01 1.337472663880698676e+01 1.254519423882023421e-01 -1.194451562750677986e+01 -6.699571659000001844e+00 -4.718333339343973698e+00 -5.043897467714998584e+00 7.723560857943234659e+00
1 1.318755293268206330e+01 -2.713593489279658755e+01 -8.380478569964431301e-01 -1.032365292411251367e+01 1.469241428176634390e+00 5.235316134251499776e+00 1.547819724109310791e+01 1.115677255892914665e+01 -2.576866766470802261e+00 6.221210390019387582e+00 1.481573537839585519e+01 1.811369125483152764e+00 9.627272808490016098e-01
1 1.315598481030938238e+01 -2.838933446154456774e+01 -2.124653061807435073e+00 -1.606271775524607648e+01 -7.089892904871370582e+00 1.138498323396071044e+00 -1.432227173315896884e+00 -1.290213831615581874e+01 -1.194429457539218120e+01 -1.885070734001578430e+01 -1.006230597595639509e+01 -4.133261177014540877e+00 -1.884002526274600298e+00
1 1.318388911242128536e+01 -2.808211181590328209e+01 1.544587605186919399e+00 -3.834515946300854683e+00 7.000595398836936489e+00 1.135097821316621847e+01 1.545522619556366095e+01 9.393772461813922448e+00 5.220811837676583522e+00 6.196057029806057770e+00 9.106056414978574765e+00 -9.806933638570143330e-01 -3.484312950073022996e+00
1 1.309152551441538037e+01 -2.702192482511660288e+01 -2.296206728875200387e+00 -9.222991659760511496e+00 4.394730598895061568e+00 1.007674636732886775e+01 1.046567240602264093e+01 1.339831359084262985e+00 1.685937032362358146e+00 -6.496682617479065946e+00 4.190612028312702186e+00 4.563690822694853599e-01 -4.801712115209047838e+00
1 1.325403875758948402e+01 -2.924870931566836063e+01 -3.638651907689171683e+00 -1.423583486943334364e+01 -2.013721461521699396e+00 6.832627381487362150e+00 9.737232198381075676e+00 3.155494589176235820e+00 7.649402127513823757e+00 8.102292505994378169e-02 5.974834268311271401e+00 1.449340176067677533e+01 1.617061931683634768e+01
1 1.323100710107829237e+01 -2.760220946001014752e+01 -1.846979021925543307e+00 -1.106760892875166391e+01 1.342470462081673643e+00 4.356995205120133718e+00 7.714434599904382850e+00 -1.203974284076860712e+01 -8.232021637885804211e+00 3.106452968114932656e+00 7.002613665493901074e+00 6.197223892828903402e+00 -1.504325357181928391e+00
1 1.334029022939703601e+01 -2.683501219793776471e+01 -7.897606364056465322e-01 -1.074887801675695265e+01 2.327063455748572984e+00 7.581348532785876060e+00 9.577650790714882234e+00 6.261465356610533828e-01 3.542382433867766522e+00 4.137250309973171447e+00 1.299832965118012318e+01 1.399317391529229226e+01 1.234144582615900454e+01
1 1.399807933901366575e+01 -2.340529377593344762e+01 -1.597470278427093859e+01 -1.049043500499543669e+01 2.161119773488639950e+01 9.002980973913441431e+00 -1.041040873054256011e+01 -2.162209293918668784e+00 1.570256780976881039e+01 -4.916170487910833664e+00 -9.457619225618829617e+00 -1.274731772951897568e+01 -8.268776435542839920e+00
1 1.432026687206133708e+01 -2.332578219507525930e+01 -2.008269809132495354e+01 -1.474807971434145237e+01 1.502854857127259081e+01 2.476585001016694321e+00 -3.256386608177984954e+01 -1.277633973727942163e+01 1.290203301656952384e+01 -1.000194877676139571e+00 5.973768499583131941e+00 9.441224574943241521e+00 4.088823394612355333e-01
1 1.360081840384033747e+01 -2.496139363085373475e+01 -8.877632608481450305e+00 -8.589252302643908266e+00 1.393079942184417419e+01 1.133506389119600222e+01 -6.789466201474367857e+00 3.985539837701198351e+00 2.093624605610361655e+01 1.097447865996192995e+01 1.162129018676005288e+01 1.634586858068792381e+01 1.024746067367677682e+01
1 1.378377410633155797e+01 -2.763243421572463276e+01 -1.338529549726517587e+01 -6.417493036500146353e+00 1.694158335989375175e+01 2.065368786467526974e+01 -1.267621914155174956e+01 -4.839971566304921424e+00 1.625159696095814610e+01 -2.636410925236952085e+00 5.970109712182259720e+00 5.299523184079439453e+00 -1.549603232322196877e+00
1 1.503895497638620604e+01 -3.112319875156180160e+01 -1.218621341978636075e+01 3.776409755855285155e+00 9.826907418362203828e+00 3.129571986149559848e+01 -1.998178400379689279e+01 -9.274389170972235918e-01 2.246213052332543825e+01 -1.028413509260316516e+01 5.737898959198751037e+00 1.034587257460682963e+01 2.265370541061421328e+00
1 1.492900312998693479e+01 -3.219013966288441253e+01 -1.483434659277580003e+01 -2.941277021481220721e+00 8.812364287721635492e+00 2.358686434525839104e+01 -2.404113355414849096e+01 -7.891160486089642490e+00 4.710406493078514778e+00 -3.094428572485657281e+00 -4.640315848899107642e+00 -3.399170048655773879e+00 1.031544666245162167e+00
1 1.448741972146902057e+01 -2.614673173548921170e+01 -9.829524760123934612e+00 6.162513158307723060e+00 2.024318609187543672e+01 2.302223082131516563e+01 -2.008743444837001491e+01 -4.732632383590909875e+00 1.447666547264207537e+01 -7.538437325887636931e+00 1.071453431805086814e-01 3.660110513323221682e+00 -1.236874343463227444e+00
1 1.458478818164424240e+01 -2.228289213741074093e+01 -8.435201047680955355e+00 1.125058334691677331e+01 2.350277667915183599e+01 1.537139642310043897e+01 -3.183032021093320552e+01 -5.957006282050735457e+00 1.476461048470087611e+01 -5.905143173113737376e+00 -1.055845724546306208e+01 -1.005322136912023012e+01 -1.116668928670130079e+01
1 1.565800876714524037e+01 -6.261147300228163459e+00 -1.054452772947513317e+01 -7.214147913203738938e+00 2.192418900856427655e+01 1.437048380387716229e+01 -3.569663330292299008e+01 -1.807301243457858320e+01 1.548688975536713741e+01 4.079898642002469877e+00 1.826601338950874787e-01 -3.247515787788016972e+00 3.175762161420666363e+00
1 1.785652027147948928e+01 -1.284228435880964581e+00 -2.181570018072856598e+01 -2.120340273137873321e+00 2.465882722363501856e+01 4.569367698372367670e+00 -5.314736561436016160e+01 -8.609537584657665832e+00 -4.921904879522440268e+00 -1.185204045575062004e+01 2.417008303395801860e+00 -1.061354843023784866e+01 -1.146025960060926607e+00
1 1.715520139666988797e+01 1.233182684302523757e+00 -1.620603420668103922e+01 -1.046407266956158821e+01 1.736836459934473353e+01 1.036190501664315455e+01 -4.678485096449817604e+01 -1.169320608893044167e+01 -1.197288419624765954e+00 -5.525281758367355245e+00 1.441204991567538407e+01 -7.227011453569405219e+00 3.180736713212629407e+00
1 1.705396765797841496e+01 1.190893257328123678e+00 -1.546788053479501102e+01 -1.190175128489122436e+01 1.316624029981123378e+01 -6.120876530856251829e-01 -5.564627534515972229e+01 -2.544380332895637054e+01 -8.893610066656417956e+00 -3.977055501470097898e+00 9.205107872425994486e+00 -1.699140643881485602e+01 -6.627723372756108233e+00
1 1.716769254415840606e+01 1.554647709098874842e+00 -1.238378096032641729e+01 -1.556800887560266800e+00 1.981422215926563268e+01 3.316245052215805789e+00 -6.004282661898621143e+01 -2.025926996646416001e+01 -7.927835839804695084e+00 -4.540056245597541840e-01 2.092159721645676385e+01 -6.864251542400493733e+00 1.183544254490272785e+01
1 1.705079348659692684e+01 2.774752507304611537e+00 -1.254822512665922041e+01 -8.749337753092365944e+00 1.706186319945880214e+01 -3.099283884938840217e+00 -5.182740054564630583e+01 -1.087384119895486023e+01 -9.312662690207767824e+00 -3.524584311322944696e+00 1.088458962529099772e+01 -1.349528480214472026e+01 7.712073664636796444e+00
1 1.693992728779785395e+01 1.889242401689156914e+00 -1.283356214242101956e+01 -4.208635723854116328e+00 1.771245202814139219e+01 -2.509509823949715446e-01 -4.640724725788692950e+01 -5.628164855330231475e+00 7.922412662447636755e+00 -2.673091708405043398e+00 5.958175574414909192e+00 -1.348770971626317206e+01 2.326660061315282135e+00
1 1.641195634925851365e+01 -1.961182088269494583e+00 -1.030990514076251863e+01 3.062737599814220779e+00 2.216047395543673204e+01 4.858010796901172768e+00 -4.907166105502091824e+01 -1.320191721279741870e+01 1.095767619647068791e+01 -1.467548829380240960e+01 1.187991576124904292e+01 -1.287105169900387835e+01 -7.809009899219669038e+00
1 1.637548787433457420e+01 -4.629468721159927469e+00 -9.169015679294066246e+00 6.116015687302798653e+00 2.967267194282737464e+01 4.650640715103709688e+00 -5.495547582076093107e+01 -1.975638598684300717e+01 -2.191571654670359415e+00 -1.414665911960859646e+01 1.193072906250604248e+01 -1.127343490321477759e+01 4.398461825959971705e+00
1 1.637859833272830912e+01 -2.327747611938288497e+00 -8.660613762988875308e+00 8.259155031354762144e+00 2.701782267921712233e+01 -1.989825465164488438e+00 -4.953145946259365928e+01 -1.943626951744998621e+01 7.171665110118010666e+00 -6.777091806747765901e+00 4.064529735605747263e+00 -6.865188731536370881e+00 3.070030076610856806e+00
1 1.618964768213372807e+01 -4.589121078669789355e+00 -9.093669085436323130e+00 1.236452089064670901e+01 2.985381896979311733e+01 4.839782880412630384e+00 -4.559353192688034540e+01 -2.827690600016421740e+01 4.519098902290076936e+00 -1.318155089160018356e+01 -2.779519675652148081e+00 -1.107148320571565669e+01 -4.382294108589135817e+00
1 1.604912885297836667e+01 -5.077970524165198007e+00 -7.587866627025207755e+00 4.262101693693302273e+00 2.755148099595860955e+01 1.483595485694782212e+01 -4.665603310177375818e+01 -2.387100018043711813e+01 1.027653235436354429e+01 -1.339895312912406133e+01 -1.235110789083064375e+01 -1.406709090020863684e+01 -1.744637895150677354e+00
1 1.563653766338132201e+01 -6.660474460655827933e+00 -6.340214113803653184e+00 2.533433879568586899e+00 2.477919739551690981e+01 1.581615592405932702e+01 -4.309906003938282737e+01 -2.067711709235791417e+01 8.192103514722610669e+00 -1.677385586242188253e+01 -8.540443564727826953e+00 -1.444549442476436951e+01 2.424492872206462035e+00
1 1.520752600438116175e+01 -9.419789303619840126e+00 -1.735203572150933182e-01 1.253599648132303557e+01 3.114743147102900167e+01 2.051005995039170315e+01 -3.145336179701060075e+01 -2.211750729688943196e+01 1.772464494193292595e+01 -1.193743559188511227e+01 -1.175176869892766085e+01 -7.822812478204044240e+00 1.196859409193262280e+01
1 1.468863142218677886e+01 -1.170975560789176662e+01 3.747911222463272019e+00 1.029794137951682842e+01 2.557815473241971205e+01 2.212054972630512140e+01 -2.794540670899491630e+01 -2.340290114660686882e+01 9.312518284738157348e+00 -1.255420739171996480e+01 -7.559106555861738741e+00 -1.533575138629704782e+01 2.291048984810533096e+00
1 1.442533546920372167e+01 -1.180418171373900549e+01 6.974406116592458460e+00 4.498559392994109452e+00 1.866977685435390555e+01 2.152293133847496875e+01 -2.371356381268508429e+01 -2.188048285251263891e+01 1.067377296409161858e+01 -1.561901033936321292e+00 -4.855452039142146070e+00 -1.070261605149671169e+01 4.105102138651726129e+00
1 1.423846476849242038e+01 -1.476764964117736589e+01 9.149529167247054673e+00 7.693771880024224963e+00 2.455125161678410706e+01 2.251367343827144296e+01 -2.241689722024491616e+01 -2.144917191041528426e+01 1.477221888357916901e+00 -1.259673973063089036e+00 3.438334856243546178e-01 -4.156949774723775803e+00 9.938721318351207756e+00
1 1.362286066838876941e+01 -1.215330946706169257e+01 6.817405287268685221e+00 2.621465498112983905e+00 1.758657246011387798e+01 1.921417184580256787e+01 -8.857537757851979165e+00 -9.606444207142816438e+00 1.196758497016651113e+01 -2.997592663115189460e+00 -7.486520370403442648e+00 -6.538189434711078718e+00 3.572090919149548682e+00
1 1.393720969790007658e+01 -1.501970576531574331e+01 5.780555860370496291e+00 1.125398740105549633e+00 2.381039519842962449e+01 2.264598627659842478e+01 -1.144091754439708630e+01 -1.714185415031440129e+01 6.681622213946316613e-01 -1.197334776696039960e+01 -1.087764837084591996e+01 -7.231880152774674997e+00 4.250767819515244739e+00
1 1.419779648816584228e+01 -2.048437706145488590e+01 -2.807852487095819249e+00 -2.773760578831280910e+00 1.880963656649134208e+01 1.199676648300510884e+01 -6.826468834955877973e+00 -8.025357087791116228e+00 1.756402446422620756e+01 1.744181857526292845e+01 -8.655251159330743960e+00 -1.159163914171236698e+01 1.508490050868361010e+01
1 1.391668520227445605e+01 -1.675546961805489588e+01 8.624873873250106016e+00 9.528441509373454243e-01 1.387184697153371538e+01 1.623347552364533897e+01 3.533737815871984544e+00 -1.400773828759466078e+01 6.028183955116157566e-01 4.823562073927999627e+00 7.289562507413410719e-01 -6.055096807330578201e+00 2.384889392399972774e+00
1 1.337840645658530470e+01 -1.478078544539545369e+01 9.697192568343661279e+00 -1.969925714823679508e+00 1.163116103709797855e+01 1.660970095706818839e+01 3.073010691615693624e+00 -8.547853196264028952e+00 9.151030892467792555e+00 9.207915102480422220e+00 6.564946926921727544e-01 -6.525568855496518550e-01 9.788626348781248154e+00
1 1.319561571956516133e+01 -1.848201449229950910e+01 1.027194356652627505e+01 1.711671640490100232e+00 1.197817724568914421e+01 1.601991885652168435e+01 1.751493039082586378e+01 8.395365082187801420e+00 1.098015015949227369e+01 9.940236845029202684e+00 8.590225019298999953e+00 -2.306210162819509080e+00 -9.135887863775304929e-01
1 1.356831054544378290e+01 -2.252077437275454841e+01 4.802206512933549831e+00 -1.635661153288879399e+00 9.962047338674215879e+00 1.809321280813282939e+01 2.131044026628601529e+01 5.730418200864514588e+00 -1.116045447458117040e-01 2.621767109449821387e+00 9.235962627366756106e-01 -8.862245368365031517e-01 2.423354203656831629e+00
1 1.371936812225195723e+01 -2.380493564858241129e+01 2.978816653002442916e+00 -9.391604272347523263e+00 2.915271595449121733e+00 1.529162264555301398e+01 1.667166647836671345e+01 4.223430926192759394e+00 -4.676821612343661450e+00 -6.526518848592898436e+00 -5.750406904825100529e-01 6.067589569557689799e+00 9.173176968273407894e+00
1 1.368779438076451349e+01 -2.454635367364056719e+01 5.805831706297368555e+00 -3.910877085880030801e+00 7.900737057231382643e+00 1.553394878141507540e+01 1.192026726524653846e+01 1.313168516283141685e+00 3.166727978783492325e+00 -5.625931040512167414e+00 9.196254295863921513e+00 7.468231572249174555e+00 8.402497956652727140e+00
1 1.353989008187386212e+01 -2.096056415944374507e+01 6.564084602548918568e+00 -3.368898852603796179e+00 6.879801493344072760e+00 1.190598874007370789e+01 1.215104599654158690e+01 2.933300962222657127e+00 -3.831398017914115606e+00 -1.013428103169192518e+01 4.753037664932658224e+00 8.391879390530665006e+00 -1.125669942321159134e+00
1 1.318843971712413499e+01 -2.146387005532042735e+01 6.250948329890234412e+00 -4.522660130162739378e+00 9.187129739876297663e+00 1.969222721783336283e+01 1.233234957645634999e+01 5.910132560821145242e-01 2.914225665573314306e+00 6.358730879422187954e+00 1.341574936944636853e+01 1.497457957510097026e+00 1.584238093743489006e+00
1 1.315480437772231070e+01 -2.272929455219386341e+01 3.714640289750954061e+00 -9.493634192101083613e+00 -4.287530102795929499e-01 1.221656604389004208e+01 1.037304908409151594e+01 -6.320140192735562046e+00 -7.708870632481420238e+00 8.851824909228758642e+00 2.269522549755107477e+01 1.102539627102276398e+01 7.082051363478807815e+00
1 1.332752556495368879e+01 -2.280769264071490809e+01 4.427865810227000765e+00 -7.180928383362965128e+00 4.960341799110070227e+00 1.410789976179802707e+01 1.250343262390983945e+01 -4.287571906299723956e+00 -7.160969928865068113e+00 -1.421937175721290458e+01 4.258205055406022232e+00 7.074642162725937489e+00 7.692916976814893282e+00
1 1.336141503193410074e+01 -2.479105853608320587e+01 -8.067385321325681868e-01 -1.388996159774043448e+01 -4.742437983820986247e+00 8.150343226000440922e+00 1.269915553603202696e+01 -5.741546350685704070e+00 -1.708763371473439818e+00 -3.842684855561163459e+00 6.790261646488839453e+00 6.743760935880923846e+00 -4.114240152626941899e-02
1 1.340396583709379996e+01 -2.549643501799663170e+01 1.524836353244088061e+00 -7.061604458362249481e+00 8.650378639669434877e-01 9.013223428568087670e+00 1.291859061448827539e+01 5.879226312545759114e+00 7.192551626943950005e+00 6.852095441315908531e+00 1.613652947287441464e+01 8.509379968015515772e+00 5.260449957926479847e+00
1 1.327165066920229286e+01 -2.213782646615203475e+01 4.918833335852935029e+00 -4.878899512350560741e+00 8.571761849174393433e+00 1.843369910917091303e+01 2.354180904189381707e+01 2.553964075308595483e+00 -1.563379337177204231e+00 -1.750098681834689085e+00 5.301040780187545209e+00 5.426664217177025407e+00 3.482092740818033327e+00
1 1.309495924389584154e+01 -2.189817682194514603e+01 3.185393109188459526e+00 -6.311442634807680641e+00 1.117742281163088691e+01 2.454448131041974079e+01 1.696079241758709699e+01 -1.135470357683285858e+00 -5.459082988692108174e+00 1.212543942216656401e+00 5.584583928354468263e+00 7.401695543779246433e-01 6.042195047401825114e+00
1 1.326894256521933180e+01 -2.208227195690425759e+01 4.193549119203316522e+00 -5.294275695131776871e+00 3.323226151534862005e+00 1.368434117361339197e+01 1.769552982570924726e+01 3.830978610902665782e+00 8.032278118530232547e+00 4.425256109547007100e+00 1.257976930403537708e+01 9.176479722349506929e+00 7.136732630832729463e+00
1 1.353764765854171692e+01 -2.431152809735714015e+01 7.971163857527885366e-01 -1.202139240594435954e+01 -1.289664826335902570e-01 7.533850506203736863e+00 1.681761809906279481e+01 4.651411747587757439e+00 -5.293318921914503816e-01 -2.850158602988413836e+00 6.410934202625452549e+00 6.513977029858034840e+00 -5.325385172037595538e+00
1 1.353889750509474688e+01 -2.864381773665125053e+01 -5.378695694232953350e+00 -1.818793130936327529e+01 -8.665350723697905488e-01 6.182318212441605176e+00 1.395090767330781389e+01 5.204182838083571738e+00 1.073707680545944232e+00 -1.893234973823973433e-02 8.503628640944636885e+00 1.061149135540563471e+01 1.663394676144663009e+01
1 1.349616739959263079e+01 -2.176891009551006562e+01 6.907476065986758229e+00 -6.380069991052135236e+00 6.381508627017091762e+00 1.910071827256970423e+01 2.223509354594390430e+01 9.333017099085511248e+00 5.170589600178508327e+00 -4.770336312589833483e+00 7.187203016953036538e+00 8.772420637929915443e+00 1.918174949194165091e+00
1 1.315492823359194041e+01 -2.249638702170268445e+01 4.034530701864367686e+00 -4.784415316961664111e+00 7.300718469223664187e+00 1.753928169076856491e+01 2.143342479883269291e+01 4.444165197186819682e+00 -9.018665450959224561e-01 -7.119410698163670226e+00 3.882767736631402844e+00 1.946546790673859828e+00 -3.309885910770417272e+00
1 1.317109562732421857e+01 -2.407793626927169939e+01 9.014491872122367688e-01 -6.292780280072141075e+00 1.183859160142974964e+01 1.708582218745180370e+01 2.357515033612201449e+01 6.227338856296112723e+00 -5.846462112366883623e+00 -1.264605111389207892e-01 1.096868990590833626e+01 1.053208030942061235e+01 9.687705979996348304e+00
1 1.341626980307075812e+01 -2.402556013071002283e+01 1.914969516416572315e+00 -5.848822798323388916e+00 1.160172610638378465e+01 2.256698013057183871e+01 1.747882597288900897e+01 5.580867418600041319e+00 7.205117499637810674e+00 1.032029375612285804e+00 2.964258725697018204e-01 -2.447777833427981609e+00 -4.112694149337316141e+00
1 1.341524525474515883e+01 -2.719938909985397757e+01 -5.660246321388630042e-01 -9.371588906298990551e+00 4.885931722224827745e+00 9.672450158131217890e+00 9.693640478176456909e+00 -3.365923901608141033e+00 2.347114631252248618e+00 -2.716479382456826741e+00 -1.125330048534730620e+00 -4.053933184735030615e+00 -1.721721323247292323e+00
1 1.325508639849901371e+01 -2.278123306554967797e+01 5.072688077161854991e+00 -3.043627671712645366e+00 5.207449156862411499e+00 8.175311288187479875e+00 2.173788075193995084e+01 8.567710457333431506e+00 4.278389215843033888e+00 9.221975327804087241e-01 7.284988112555546458e+00 1.696723547984939273e+01 1.026288050367826266e+01
1 1.315261810597665004e+01 -2.375516663274436979e+01 4.226692575104633309e-02 -4.807694314981467265e+00 7.382190533192542148e+00 1.175665315846149284e+01 2.397142085045626558e+01 9.566707010127831978e+00 -1.639912173863378841e+00 -3.251013453656407481e+00 1.523474300809713000e+01 7.693725660591535842e+00 1.197105326486515298e-01
1 1.323545163315232820e+01 -2.498803462361428274e+01 -6.367390426471598586e-01 -1.617025177987575546e+01 2.456410156323135752e+00 1.470008211232974737e+01 1.486680054986534216e+01 5.583101813431653682e+00 6.725860532734981412e+00 4.819042086874360642e+00 7.417261927288024026e+00 1.119306984363242208e+01 7.990819644645487330e+00
1 1.322799797492961638e+01 -2.723145698830510852e+01 -1.308376448327341901e+00 -1.022736056674715854e+01 4.518362404166324175e+00 1.277801966979319559e+01 1.245743012868608979e+01 5.170722414770783537e+00 7.323675980897234039e-01 -2.521167559663979874e-01 8.868434586119425589e+00 9.782949935425607535e+00 1.397949292423724543e+01
1 1.323611913799793172e+01 -2.622938816768886383e+01 -7.352266216130457499e-01 -1.046075666720837738e+01 2.552826216329329156e+00 1.179528749322237502e+01 1.865937832189975509e+01 2.819520655093950889e+00 -9.453053657441505830e-01 1.110616672962807971e+00 5.737445516174767057e+00 3.689620298340554605e+00 2.582676569758409979e+00
1 1.307421183756996363e+01 -2.923798281590629600e+01 -3.927947558704231845e+00 -1.684627942339259121e+01 -4.512598320862847068e+00 1.424302587881708604e+01 8.276950879767865032e+00 -3.328266185556226997e+00 5.617816036621293918e+00 3.625331565631986219e+00 1.446296703392984995e+01 1.972111423507434580e+01 1.308599255437166242e+01
1 1.314956919404924207e+01 -2.735441760734267191e+01 -1.106441183482896662e+00 -1.024138077666556867e+01 2.831121038810902046e+00 1.100887850814812552e+01 1.408786856964710843e+01 4.108308312730791556e+00 8.684657720930613056e-01 -2.500041870471640060e+00 1.837313452844585138e+00 -5.381540873112776735e-01 -3.157083989931399604e+00
1 1.306893298519920421e+01 -2.495947303184271604e+01 -1.164938683266336206e+00 -1.339259988781530453e+01 -3.415102619276810358e+00 5.141828187028633756e+00 1.067683309827901361e+01 -4.401780074730704762e+00 2.922155565010336797e+00 5.913317602503479264e+00 9.233849431638910588e+00 9.380632982791016872e+00 1.257337485329043325e+01
1 1.305989363935565883e+01 -2.581949210041440779e+01 1.201223034507597903e-01 -1.321893274261691609e+01 -6.819699317584975162e+00 5.032933512902629580e+00 1.141572409266141896e+01 1.851711918091626830e+00 1.649846947719203927e+00 -1.618209712426522451e+00 3.078015726039470934e+00 2.486569772678232315e+00 5.416104157207498382e+00
1 1.299610221183649372e+01 -2.425867178401782454e+01 3.176254461630832360e+00 -7.882737735933988077e+00 -9.228869829873813657e-01 9.757401049807208793e+00 1.222481438159597644e+01 -4.992161639536220719e+00 -1.116567311835772003e+01 -6.082855433694123626e+00 7.002059034929681403e+00 1.079304508150465525e+00 -1.253719978910994570e-01
1 1.315015573341868738e+01 -2.727784465114863011e+01 -6.893127767255410321e-01 -8.793304648924475941e+00 1.599533680438145922e+00 8.196479205251629097e+00 1.256720629641023912e+01 -1.317529492934894852e+00 -4.152593426861225012e+00 9.621394131046142606e-01 2.466607750019122136e+00 4.663355154573039840e+00 9.686940082059141588e+00
1 1.319510630154676711e+01 -2.649764509373216370e+01 -2.059354772915932941e+00 -1.337304005483429314e+01 3.073942106684522280e+00 1.676489230499210237e+01 2.234320602675525791e+01 4.677134743456822008e+00 -1.826721229942129376e+00 4.014413455542659825e+00 1.492164696376235256e+01 7.527758646759995287e+00 7.383879394026729770e+00
1 1.325878396968495210e+01 -2.493051452459564032e+01 3.618985142402134092e-01 -1.337684553236595519e+01 4.686103502772054341e+00 1.608952094157011814e+01 1.814966610830073179e+01 2.715869603449245773e+00 -1.384224930204601467e+00 -2.576141476010204379e+00 8.123187902690212070e+00 1.842838368572108365e+01 6.440574068450023226e+00
1 1.322561884873267246e+01 -2.682044093387210282e+01 2.981189153819221005e+00 -4.986351155881600938e+00 6.815829027909973803e+00 1.499586063141325809e+01 1.987153729358005450e+01 4.351007845594555001e-01 -1.152390107159638077e+00 7.411646763347794931e+00 9.863608395567320386e+00 6.357641379147690230e+00 3.753910595797444572e+00
1 1.302570526088072711e+01 -2.563480693229239193e+01 -3.710276050088728628e+00 -1.850466172699355383e+01 -5.173201188706049614e+00 1.387461065587277886e+00 6.570403670069484114e+00 -5.564966778002921721e+00 -9.584699243178866013e+00 -4.035898398408502175e+00 6.188893665609397132e+00 -1.735410829965120971e+00 4.945635501507253950e-01
1 1.310532567753519650e+01 -2.701874413047678303e+01 -1.824629837924869991e+00 -1.140738673072956999e+01 2.695201714825512518e+00 1.105950905805509699e+01 1.686997021256918217e+01 2.723689641579425835e+00 -1.909590981549031286e+00 -4.591533002214553405e-01 1.410459162594310278e+01 6.218320766280477585e+00 1.077727189948549480e+01
1 1.310057599528380656e+01 -2.872257261786111115e+01 -6.461871734944945267e+00 -1.369205094458803806e+01 -2.835062424285994975e+00 1.076242047288208070e+01 1.712117141762741568e+01 2.098316540608410996e+00 -4.807299776066396468e+00 -8.313956159594686923e+00 6.462502938386512241e+00 7.492018557437212234e-01 1.942631026624216828e+00
1 1.355097681330485315e+01 -2.785092951401139416e+01 6.284688159320973577e-01 -8.214205513613540788e+00 -1.104524312351734139e+01 9.571446367093692231e+00 1.077711294825963328e+01 -6.813630698401800245e+00 1.688595831628364186e-01 5.641779662138870499e+00 6.732662809627147915e+00 7.122913650779764794e+00 2.391777832932897141e+00
1 1.352084056183865890e+01 -2.697288470777213831e+01 -4.070293357878875362e+00 -1.598108826462668652e+01 -1.758438448698792200e+01 2.321890261959391299e+00 8.835075795042330427e+00 -7.637134126965147374e+00 8.067761628454358513e-01 3.952671591921154803e+00 8.598411220414245548e+00 1.897570308964485530e+00 4.023307925974291877e+00
1 1.342095301972627119e+01 -2.390119642901256825e+01 -3.972320087454227711e+00 -1.697627386635012314e+01 -1.327891533990923634e+01 5.356196279344672462e+00 1.769655267099414431e+01 -3.246221957175331241e+00 -5.552290017919355947e+00 9.751514155430953679e+00 1.203494462438555246e+01 9.591474162765514677e+00 4.595818268913071103e-01
1 1.299686359420377002e+01 -2.430303811963432281e+01 -3.487839769322182981e+00 -1.275988586224308463e+01 8.234791344749459174e-01 1.716955530732503732e+01 1.561301501182644991e+01 3.047491761384822251e+00 1.440006074549000736e+01 4.228806763764803023e+00 8.231829651422934546e+00 8.790660095042147404e+00 1.090642822020661029e+01
1 1.310720486725821843e+01 -2.422596216191655216e+01 -1.158964354071823744e+00 -1.459749383330191108e+01 -5.799241716427639304e+00 1.048382681130238581e+01 1.778695215767637450e+01 5.674501643056889755e+00 8.113007695559534938e+00 1.338611199208102320e+01 1.160545461195346739e+01 3.742737844841507844e+00 1.113059110239568206e+01
1 1.322087325503420807e+01 -2.657739901913208769e+01 -1.703920525115915741e+00 -1.720239085692703540e+01 -6.191195191087381922e+00 9.127298301588874452e+00 1.002962181453439250e+01 -2.172514092214959280e+00 -2.921193615746586758e+00 -4.309405897254029227e+00 8.114226695512924969e-01 3.271103014527705355e+00 9.443258983595084644e+00
1 1.334662515575083042e+01 -2.555331644466176044e+01 9.483912917888505378e-02 -1.343767489143218086e+01 -9.017667940454625608e-01 1.385434449392946199e+01 2.239746196646815335e+01 1.594671740381111569e+01 1.502025718274228616e+01 6.496980360553075151e+00 1.320219909217345311e+01 6.727764222506738889e+00 7.432585155398806209e-02
1 1.323147390731208972e+01 -3.135117376887211549e+01 -6.427118886443071943e+00 -1.890576757655459517e+01 -9.330238055145036569e+00 4.429918972754419926e+00 7.722964376111536744e+00 -1.159939860043522675e+00 -2.640095345625865786e+00 -6.739057711347430590e+00 6.954396956344638170e+00 3.919175358008954113e+00 6.817848325404740617e-01
1 1.297948411024952975e+01 -2.749534940936897698e+01 -5.038945685287473886e+00 -1.174298127118763446e+01 -5.676574994518394313e+00 6.846276768574404592e+00 1.269671133522770923e+01 3.809937911219557272e+00 1.494612508636701875e+01 1.437334559606935613e+01 1.534397296825731161e+01 1.194785050318861863e+01 7.691232002436153792e+00
1 1.305543116615592503e+01 -2.363737171784090663e+01 -1.439749544295644057e+00 -7.425222982492693191e+00 3.234342232723503407e+00 1.598449864100760820e+01 2.255070784351671875e+01 5.691354138487767500e+00 4.140414443877639350e+00 3.410955667153586113e+00 1.765815365422244554e+01 1.632121419442601251e+01 6.821761819397750060e+00
1 1.308599491462142872e+01 -3.112862084156837739e+01 -6.674237575110981702e+00 -1.466450583440590982e+01 -6.349871154412157992e+00 -1.248320935075823757e+00 -4.103513186693279913e+00 -1.448745853836625308e+01 -1.539411381308767446e+01 -2.086028829116254713e+01 -4.147030136177763282e+00 -1.324775062184613494e+00 -1.537952904015744249e+00
1 1.308658893124809453e+01 -2.885532226163380543e+01 -2.918942722535307954e+00 -1.228736892926290203e+01 -4.164451198967127787e+00 9.882661273201351904e+00 1.468399092489428703e+01 -4.543856697050341342e-01 -1.345146712239314546e+01 -1.539365590678766793e+01 -6.727320695890260716e+00 -7.622204376278864046e+00 -7.934817278602322332e+00
1 1.313045919537661277e+01 -2.673501653797925925e+01 -1.324068585139231757e+00 -9.748309848304272052e+00 -8.744130731766192044e-01 7.495842071231868076e+00 1.484185267701199251e+01 3.575497840556545182e-01 -1.267097722586684183e+00 -6.223137756504043772e+00 5.703746870404636127e+00 1.227704678502859892e+01 5.707867315950013065e+00
1 1.315324366171807213e+01 -3.183905159495193615e+01 -7.804721107482059494e+00 -1.539327763913691349e+01 -4.090064703540207347e+00 4.211945215015942878e+00 5.790864726810192487e+00 1.611386684437963623e+00 6.237791790636319611e+00 7.709998109254620147e+00 2.023222207483927448e+01 1.438432730097867029e+01 6.783871045985342185e+00
1 1.314741459595047424e+01 -2.709036608603745577e+01 -3.342623148171279368e+00 -1.363505500872298626e+01 -4.024296733351346855e-01 9.899029496922443272e+00 1.254302609318182427e+01 4.874359923815099194e+00 7.903208396018628790e+00 1.060754473106792695e+01 1.558477798123531599e+01 1.486663926279988246e+01 9.871300132137914574e+00
1 1.315320720847303093e+01 -2.656743442764107144e+01 1.096067085631751370e+00 -9.527360037990176167e+00 3.687211556486316155e-01 1.075395464424050829e+01 1.773265125858089775e+01 -4.872104311133792720e+00 -4.904491701174908513e+00 3.079790169913559250e+00 1.064144317363923165e+01 8.059008728951379652e+00 1.853415505168880983e+01
1 1.315614103927245537e+01 -2.920452967930819099e+01 -5.233190575215023621e+00 -1.510145286874993431e+01 -2.630481967611634442e+00 1.001892150643029034e+01 1.691905122005113782e+01 5.377708674917997200e+00 6.307358008584092346e+00 -1.277258168262030535e+00 -1.392689334585980321e+00 4.293173675875879169e+00 1.197252398518639005e+01
1 1.323783756436971792e+01 -2.803373462351523671e+01 -1.095964685280989448e+00 -1.206796071123846659e+01 5.077555458534822597e-01 1.524626280599854056e+01 1.886370579286572990e+01 2.291210679578050691e-01 -6.566987445787867195e+00 -4.728752198809372587e+00 -4.189262821484352806e+00 9.696582335017431831e-01 -1.152354648665645076e+00
1 1.311846695669318485e+01 -2.840977939566537813e+01 -2.449320053337288083e+00 -1.277400097358449749e+01 -1.375242255271139191e+00 1.297464568890328351e+01 1.378050728156044080e+01 -3.912762261113286399e+00 -2.932919746352606882e+00 -6.950726684707677627e+00 1.796595222274741888e+00 3.309308466033336948e+00 4.485858649023877653e+00
1 1.304569442462099360e+01 -2.598721522207625867e+01 -1.455792954336191825e+00 -9.208805080437597823e+00 1.514546318288282345e+00 8.670251817297941699e+00 1.611951345147419445e+01 -2.444416528849633341e+00 -3.116312204798771912e+00 -6.139545078019443380e+00 3.529987967419632611e+00 -5.103225813364800079e-01 -1.361389762229445299e+00
1 1.312158771889418674e+01 -2.594673369185453282e+01 -1.444400226943328480e+00 -1.101985138098505601e+01 1.761628615721141600e+00 1.298262224897591111e+01 1.917125950671023205e+01 1.733501393318336525e+00 -4.245364715239124287e+00 -4.254138625218264025e+00 9.217408391705250281e+00 6.000204401527453157e+00 -2.737683097497022544e+00
1 1.313054676383101871e+01 -2.706078409036627974e+01 -8.975579244734560591e-01 -1.274555902111580430e+01 7.094320575974094600e-02 1.325874253958584426e+01 1.707333068116798458e+01 -1.247965843911194861e-01 -8.136689492468585527e+00 2.719305804826828599e+00 1.006552054014838049e+01 8.809673476583284923e+00 1.097824918651291348e+01
1 1.304072719003228187e+01 -3.110824668519446945e+01 -7.454242938263791807e+00 -1.620289662303755307e+01 -1.991882681369397945e+00 8.137009071611197797e+00 1.571147304644613918e+01 -3.862074031456186329e+00 -4.150006526154965236e+00 1.102114256939871773e+01 2.726367974894944624e+01 1.927076919302192337e+01 6.966368993591816938e+00
1 1.314804242957754710e+01 -2.654869995011768324e+01 -2.555056296622045586e+00 -1.580087281053508796e+01 -6.000292744173339798e+00 4.736745113918154892e+00 5.503961142633839287e+00 -4.899923539916701820e+00 -3.056855479805897335e+00 1.455729768226450005e-01 1.851065217357021675e+00 -2.792129211207565298e+00 2.447170447714248187e+00
1 1.304614718440255139e+01 -2.619562493542960979e+01 -2.810923100382921813e+00 -1.572146964466710806e+01 -5.629763367499662330e+00 1.848313783120700604e+00 9.006781656292652372e+00 1.313859217278410796e+01 8.706042464665271652e+00 4.827170272099646553e+00 1.566368060461479850e+01 1.680577059598415701e+01 1.180214834684933756e+01
1 1.316328189273404980e+01 -2.815578243501065003e+01 -3.154092420157343923e+00 -1.349084002789744119e+01 -1.817096551132179050e+00 9.243247362285856639e+00 1.000452833558177623e+01 -2.439380719959324539e-01 -1.789622962853899324e+00 -5.350510488805125142e+00 2.544349713598550000e+00 7.194516287651682163e+00 1.373704253306012468e+01
1 1.319015541177777529e+01 -2.440720142847046148e+01 5.744911047730169251e+00 -4.909750709151927239e+00 4.546249700507935643e+00 1.396302173849547401e+01 1.391437480353433465e+01 -7.117209390823188153e-01 -3.775081420637282914e+00 2.966131074157585257e+00 1.297137940335189477e+01 5.724105765083084663e+00 5.961402002055989691e+00
1 1.323420644011412151e+01 -2.666499090627324264e+01 2.537460484429918228e+00 -8.840895497041413975e+00 -7.226608500944209368e-02 3.909806889908675309e+00 7.775588886118373289e+00 -3.270468852965285667e+00 -3.892267123415090180e-01 -6.540477622124513779e+00 9.630590328761474694e+00 1.529808688311975118e+01 1.308927819253194436e+01
1 1.320381682881729724e+01 -2.387352091012880706e+01 4.427494208115090757e+00 -1.148315763340557005e+01 6.383389592903200294e-01 1.088864726111092729e+01 1.421742266490164042e+01 -8.941929895179464571e-01 -7.712699418679089813e-01 5.288874329184022116e+00 1.350881094010218675e+01 1.068941225845504661e+01 5.763902949845518542e+00
1 1.312617332861912267e+01 -2.771814063085327362e+01 -2.170362719543707186e+00 -1.333520911899492489e+01 -1.357311984263014581e+00 6.855853214789924266e+00 6.987203696725971191e+00 -4.783202435164269239e+00 -5.885439422060930070e+00 -5.624647659361679430e+00 2.708096295288835886e+00 -4.210592265427320235e+00 -3.289967609017325767e+00
1 1.319270335264434912e+01 -2.886355598078072049e+01 -5.026861413970340919e+00 -1.617774713875633452e+01 -7.721120243681057538e+00 -1.521057950211614607e+00 3.021106989371242779e+00 -3.562398308906476352e+00 6.397090895757719942e-01 3.594376059374233545e+00 7.120869663497646052e+00 9.959702147385142368e+00 1.088702003416624287e+01
1 1.310706471528012962e+01 -2.814406748757035714e+01 -2.410875710489044366e+00 -1.318646243323422063e+01 3.254508586494452516e+00 1.314512958569370404e+01 1.911729634939620937e+01 6.016546519477632415e+00 9.046069168116257941e+00 1.477466722624299011e+00 4.877525985497118022e+00 -2.534521319410904194e+00 -6.948964052867446561e+00
1 1.316675514885423048e+01 -2.816971611004042941e+01 -3.911873856090319457e+00 -2.026461953791617887e+01 -2.403937183951714296e+00 1.265975957128428142e+01 1.231057930534915279e+01 -1.336059264957563553e+00 -7.406628828070374482e+00 -8.086650914433164417e+00 -2.824690824869943828e+00 2.637803427623572006e+00 1.088864788049752619e+01
1 1.312159286664065228e+01 -2.584007746566939900e+01 -5.138324886974548339e-02 -1.219408972337240726e+01 2.666377287175555333e-01 9.221963733322430912e+00 1.636398102857040726e+01 2.240122217756679746e+00 -4.438812424458862260e+00 -5.064685381709943535e+00 1.077174308783827250e+01 1.600312995171342578e+01 1.015196946824960200e+01
1 1.303085509962315136e+01 -2.616721402287473808e+01 1.586317030946323259e+00 -6.202047500116433909e+00 6.913839830117042951e+00 1.476139948002958846e+01 1.187347412679030256e+01 -1.050995993805255102e+00 -5.296868055386996232e+00 -1.380916036404409475e+01 6.661825596114829828e-01 9.355904004679388208e+00 2.629989039173588061e+00
1 1.319779773112525589e+01 -2.927000073513690026e+01 -7.279613559807233791e+00 -1.789368525848107083e+01 -5.315238720304891196e+00 6.697767025018315223e+00 9.892598591310576950e+00 1.758263285565530909e+00 -2.588628321984337788e+00 -7.192410297647449102e-01 1.128496640889877689e+01 9.106993172033483575e+00 1.557125066106801548e+01
1 1.301841070280820745e+01 -2.607400396773461893e+01 1.828857294794935529e-01 -6.840044228616823929e+00 6.827297093626850000e+00 1.651825941302475087e+01 1.474672237363610527e+01 4.691648962688790281e-01 3.152526159745554946e+00 6.793760901040753808e+00 1.325920861110764903e+01 1.374264782187630374e+01 2.940949635291452147e+00
1 1.300222831870440388e+01 -2.799702609449480306e+01 -4.178925477671528554e+00 -1.275092382209798458e+01 1.755404632192824055e+00 8.953756407917857985e+00 8.872287309331216676e+00 -5.269481654119454461e+00 -3.248482680595062178e+00 -4.716642593559821073e+00 7.481378191184344217e+00 1.254188774104040860e+01 1.965305184561735885e+01
1 1.306932841382148069e+01 -2.680627505365844598e+01 -4.232630099981252947e+00 -7.659023301294751285e+00 7.772270054468830125e+00 9.868332001010021060e+00 2.024685298610957318e+01 8.978682850119842129e+00 2.633455570454977135e+00 -9.025082184249463069e+00 -3.451046829517304904e+00 1.858810032657677747e+00 3.023149854043563511e+00
1 1.303845551236142164e+01 -2.940132655086206981e+01 -7.011410911635860721e+00 -1.659304845948223672e+01 -5.936420881938592409e+00 -1.732725927777945818e-01 7.445360198837433607e+00 -5.921839860721996196e+00 -6.968140347154453629e+00 -3.603697242690191871e+00 -1.517541375197649423e+00 1.102015310328707587e+00 1.099076071249291253e+01
1 1.300653043579830914e+01 -2.933427254242644722e+01 -5.603066950724977957e+00 -1.010203940512489496e+01 1.015110248926717773e+01 1.936777272295684327e+01 1.782829241947643695e+01 3.272011974365452769e+00 -4.985004270391006909e-01 -1.913266938602758316e+00 4.094816362262432285e+00 5.126362497254053352e+00 7.850912415086115814e+00
1 1.295382680750516435e+01 -2.534780988256605028e+01 -2.971411855553217407e+00 -1.379525818780860646e+01 5.896200762241121662e-01 1.228417755707042680e+01 1.255691247732914384e+01 -1.179998252334670816e+00 -6.374789255514000885e+00 -4.379511792040700513e+00 7.145470727146946643e+00 1.084386367594814615e+01 1.017231994709709397e+01
1 1.311601585462667963e+01 -2.415560092130391823e+01 3.903256555041808351e+00 -8.889988983249578425e+00 -5.621630331424432470e+00 1.279943277138299962e+01 1.494044354439646050e+01 -2.434597660938371266e+00 -8.936185155292856175e-01 -2.613209804898569910e+00 6.549724248827915041e+00 1.072143539475001539e+01 1.082588245072444977e+01
1 1.606881015286114689e+01 -4.266630297620937284e+01 1.859630828881607245e+00 -3.854273185746976527e+00 -1.649144716972618951e+01 7.424867237803897346e+00 4.766077596490076118e+00 -9.844537002338897835e+00 -4.414354903527165419e+00 6.132462569127775431e+00 -7.004659044951790925e+00 1.757957324556562639e+01 -6.320408794252604379e-01
1 1.456184753332445325e+01 -3.071363214661996466e+01 1.229082624081645897e-01 4.736992558224743632e+00 -7.316611274240676366e+00 1.847690215646888134e+01 7.843425781472261882e+00 -1.857430814253921625e+01 -1.295846228919763021e+01 -8.111113110370242296e+00 4.563440208710239254e+00 1.203808538105347914e+01 3.197472369326909813e+00
1 1.393261405610138937e+01 -2.874283007666207368e+01 4.998223324223741715e-01 -5.279180143173134887e+00 -2.552896939076861216e+00 2.267843380384475438e+01 1.005213236587780479e+01 -2.375892939993367037e-01 4.079638335967348262e+00 2.902645019929409820e+00 1.538025847825135273e+01 1.422848726670643948e+01 4.232677403839430141e+00
1 1.357946072214583388e+01 -3.070574578676503918e+01 -2.997597443035953102e+00 -1.245503654161799290e+01 -5.935655316957153538e+00 1.444273591742086538e+01 1.132650462480687992e+01 -7.889171907678629303e+00 2.412769309215231139e+00 1.139033894509074685e+01 1.250760867397443654e+01 1.442680234735013656e+01 1.129465866441272226e+01
1 1.336023667792084701e+01 -3.028408117086723550e+01 4.750768229662134523e-01 -4.758371731224851686e+00 1.123002599062465690e+00 1.623367251027067582e+01 1.308170666142721750e+01 -1.623752256719962705e+00 -6.245845879822029545e+00 -1.168612751731593669e+01 -3.976998322230543170e+00 4.164034702016617295e+00 -1.327528580969551397e+00
1 1.314722413606810392e+01 -2.566804605419735807e+01 -1.711515730665799540e+00 -1.265043535116268458e+01 -7.225415037522528117e+00 7.910281813555441133e+00 1.364746003288876608e+01 3.164345771414572628e+00 1.980226461472351041e+00 -9.152085655789984342e-01 9.097051134121414862e+00 1.204525898120796512e+01 9.956490766719426233e+00
1 1.326483335393886165e+01 -3.101734058420354501e+01 -6.973028225985594908e+00 -1.398543421090006511e+01 -3.719210508696519923e+00 1.334773855562243483e+01 1.109147378611534940e+01 -4.579736268164891655e+00 -2.723206154925082778e+00 -1.644350030656061445e+00 1.615205898217742586e+01 1.596386590656787696e+01 1.590390284105817642e+01
1 1.307867339699705767e+01 -2.767771411494355505e+01 -2.068800426065286135e+00 -1.003110613180366606e+01 -1.028620450443165968e+00 7.929768158035852998e+00 1.742759496473543024e+01 4.855524658425034445e+00 1.282399354126372071e+00 1.345531048083989045e+00 3.284340834668448394e+00 1.354241119089002687e+00 5.580545707474918515e+00
1 1.304101500953521331e+01 -2.691245943931718898e+01 -3.658943263426632786e+00 -1.503929124006649687e+01 -3.672521494896037186e+00 4.205667665928697119e+00 6.977470523920691114e+00 -4.025643938905018260e+00 -1.934423930232229916e+00 -7.454788597188521937e-01 1.220705560938290013e+01 7.710801226797311614e+00 1.208906022778998945e+01
1 1.320766230409727982e+01 -2.888250938469432683e+01 -2.939348967405652324e+00 -1.244504654281070266e+01 -6.142241913004427012e+00 7.278971256113600852e+00 5.636660822088535916e+00 8.438483087562468343e-01 2.528202870589081108e+00 -5.000997275155280697e+00 1.079938640702025276e+00 4.346689942217299318e+00 1.360575513925835978e+01
1 1.316122890313093130e+01 -2.686103404320073551e+01 -1.041959996103192898e+00 -8.673870615891047464e+00 5.487498271518852277e+00 1.222413517294151397e+01 1.496719123458739276e+01 -2.136869766765926659e+00 -1.638789010907842902e+00 -4.742254276716047379e+00 -5.959586266686287104e+00 -1.764958752112263607e+00 1.121310009349667736e+00
1 1.618201598801416452e+01 -4.265438526334826719e+01 3.427002643208897581e+00 7.561010651896890700e+00 -2.094723787434737616e+01 1.983904230102698207e+01 1.365681427014199834e+01 -1.516906104994859916e+01 -4.848183088306896593e+00 -3.003334194584019290e+00 -9.037039975702850114e+00 1.309446517143144284e+01 6.819444631236392773e+00
1 1.426762087405378665e+01 -2.968593744398788203e+01 5.248885909196173927e+00 5.936123188820456420e+00 -5.714374439139231043e+00 1.793015741150614772e+01 7.808350182554050001e+00 -2.592397885854310857e+00 1.260626354634701229e+01 -7.217600227727456463e-01 1.011184918178140268e+00 -2.814955351970384712e+00 1.730875848790162541e+00
