1 1.308715130975447494e+01 -2.476591074195157560e+01 1.386427728474044718e+00 -9.289732746913411887e+00 6.985920373600029265e+00 1.691503217102837553e+01 1.332914100036424188e+01 8.582541171268903923e+00 5.498158663243346567e+00 -5.290622368258073749e+00 3.786617752048191399e+00 1.807487874153765883e+00 -1.304080834068957140e+00
1 1.318408625652162236e+01 -2.954443274783131912e+01 -1.834279755856409011e+00 -1.291608323269665348e+01 -5.221025928079758849e+00 1.885324261466077900e+00 5.311324158746179691e+00 -1.293166750189438474e+01 -9.561687273895339345e+00 -4.446643667961716950e+00 8.974517253622446233e+00 8.633374782346116660e+00 6.455451424875520594e+00
1 1.319571665614112277e+01 -3.043284857637328145e+01 -5.958548442975893700e+00 -1.443392931707896842e+01 -8.477489132051138077e-01 9.399718847323981663e+00 8.237890182471527822e+00 -7.575113014372487186e+00 -1.711160317079368109e+00 1.018214379598251718e+01 2.222079216187660222e+01 1.366422220738374982e+01 7.539453427757452530e+00
1 1.313264829200351436e+01 -2.773274447107264606e+01 -3.245596023245758133e+00 -1.201783275842092280e+01 -3.474928606489359861e+00 2.773474902064346104e+00 9.100598907669388282e+00 -4.097077768699987743e+00 -5.208216965407895138e+00 -5.023254820087078576e-01 5.067483153028161880e+00 9.127768625946131920e+00 1.104674688273201966e+01
1 1.317069058639455292e+01 -3.147548213418217955e+01 -5.242732127754146099e+00 -1.737495471603990538e+01 -6.458136780001760613e+00 -4.177912263922222702e-01 -1.152942699237935048e-01 -8.099682429508684223e+00 -5.441457007212116892e+00 1.467369248693050521e+00 3.797795366292112007e+00 5.474305700357371407e+00 4.477621346067546249e+00
1 1.321717346637903390e+01 -2.882728684529536167e+01 -2.308330770013211186e+00 -1.181479611995810863e+01 5.444705397602894514e+00 1.380337011595691621e+01 1.599168520788178149e+01 6.101552021814117488e+00 9.846314273315497800e+00 1.513063066765627074e+00 -3.041592593841188630e-01 3.363285543581640891e+00 8.106764209448479974e+00
1 1.314614795727580976e+01 -2.911535329837439434e+01 1.001360536564443321e-01 -1.267637553240240678e+01 5.218566491799117024e-01 8.698240376266349827e+00 1.565942450609338721e+01 6.635682720271256940e+00 5.593252184415285377e+00 -2.185629062760868990e+00 -3.488630172489153303e+00 8.002069865983572061e-01 2.659287051852236683e+00
1 1.314795148165746852e+01 -2.813736295891362715e+01 -3.832184933100330149e+00 -1.521008887743148108e+01 6.494108412151831100e-01 1.994836036950915314e+01 1.896583924727897497e+01 2.547120173714696456e+00 -1.280177292048401805e+00 -8.163863625091154930e+00 1.474130307381946947e+00 8.455861172594817177e+00 6.892722059652153455e+00
1 1.309493329888449864e+01 -2.777319721760597915e+01 -3.700443220619965334e+00 -1.052770635094790208e+01 7.719857621970029449e+00 1.738057719368248755e+01 1.680892848443412646e+01 -4.892835218383954299e+00 -6.806810382288393413e+00 -5.555803600885212745e+00 6.960851212074750549e+00 5.170042424306870110e+00 9.337507184353821543e+00
1 1.302842808031600264e+01 -2.743300291856411732e+01 -1.847047318832673257e+00 -1.022910236117140137e+01 5.811852567316493356e+00 1.759597708936617977e+01 1.917928052637257252e+01 4.562028049120471884e+00 -7.343831145796209547e+00 -1.244014623339942283e+01 8.670176273261683164e+00 2.166738223568752630e+01 1.958363650018187485e+01
1 1.315647275834789731e+01 -2.727566510440571790e+01 -1.959115905846477768e+00 -1.360570144401305370e+01 1.249283601676148825e+00 1.265088482605308862e+01 2.106218476564568221e+01 1.437522360895167495e+01 1.331346486243499072e+01 1.101214672139462714e+01 1.277573054272146180e+01 9.025517498884145340e+00 6.445345632669958746e+00
1 1.313092564588983535e+01 -2.370577768406567643e+01 -9.361260236996038486e-02 -1.232723952324476890e+01 4.934720618203574105e+00 1.409671287130132811e+01 2.015735005714984496e+01 6.730230765419308092e+00 2.077777104286351317e+00 2.641811911749517794e+00 2.555681665791771362e+00 3.980725056706400089e+00 4.076745241756364990e+00
1 1.304195894237002662e+01 -2.884332828007680760e+01 -3.144497448282521201e+00 -1.501568489240418813e+01 -1.533844726593785179e-01 8.928218481344766033e+00 1.502173875159927796e+01 8.473173621032915603e-01 -9.028469762658984266e+00 -2.295377138721675703e+00 1.923546871592563545e-01 -5.053123277132224311e-01 1.330438732104641986e+01
1 1.313908640122011384e+01 -2.941177226599284822e+01 -4.427224784378668510e+00 -9.570868345282399048e+00 9.341143099620792256e+00 1.862716318039079866e+01 2.325552821769183964e+01 2.836924406448750435e+00 -7.213933002390380267e+00 -1.978729618285162140e+00 8.506697197461802418e+00 -6.253917729750792631e+00 -3.836225621084834891e+00
1 1.319321009280893620e+01 -2.942268326839966264e+01 -2.563075769898488510e+00 -1.218188028828234515e+01 9.265651421703068991e+00 2.108277821761380721e+01 1.491891507856990096e+01 2.184507667297233002e+00 -1.832442133847720589e+00 -3.121431946101083987e+00 1.454804304057179287e+01 9.068119955615937755e+00 5.361020794871715012e+00
1 1.324173913582914075e+01 -2.735793046159456665e+01 1.752586179315864134e+00 -9.783958556814575047e+00 3.643541299320014915e+00 1.394637687514432223e+01 2.493189595777164058e+01 6.948497746058168723e+00 1.934254567845634876e+00 -1.352281146620105012e+00 5.276763602499319639e+00 3.228189818844171111e+00 -2.677781689239619123e+00
1 1.330622159241615066e+01 -2.715544840704654206e+01 -9.436439008886091662e-01 -1.728294850508703107e+01 -1.707726123206787516e+00 7.708333222362329984e+00 1.216718525360755621e+01 -3.333361413185860211e+00 -4.678298321175209828e+00 -4.257705453084775549e+00 5.609850558793844755e+00 1.108644787795214803e+00 3.311698224208339258e+00
1 1.305212573286575939e+01 -2.779412142871057512e+01 -4.413144308416811157e+00 -1.447835749817850726e+01 -7.995442184218568560e-01 1.021999686077384872e+01 1.643445482234050203e+01 5.668388517095751311e+00 8.112734127710915288e+00 6.967186564995017095e-01 9.336797064859382544e+00 1.359494813464779917e+01 9.928923156748506784e+00
1 1.310976692919846620e+01 -2.938518405100238340e+01 -4.355516012469223597e+00 -9.897102484303845316e+00 6.782032338023824547e-01 8.350332814366618450e+00 1.100300802045791038e+01 6.864266676908830078e+00 4.691925410845223521e-01 -3.206343302868400968e+00 1.499626088152151837e+01 1.156877082067171436e+01 9.594713880759291769e+00
1 1.306762388832913047e+01 -2.943244362344091414e+01 -7.106054914790307819e+00 -1.938671798782415223e+01 -3.368839566037711730e+00 9.392062423536971849e+00 1.388441443100187378e+01 3.083547776004439189e+00 2.011028329402402282e+00 6.315899856833311343e-01 1.514134761967795306e+01 1.187176852667076687e+01 9.078913724362532633e+00
1 1.304424297241275887e+01 -2.866945398432957148e+01 -2.298355094901555429e+00 -1.273267913177165411e+01 4.232024266464399886e+00 1.463023042065632850e+01 1.912186016774720088e+01 -4.952693122763514921e+00 -1.371096941451606277e+01 -8.116910498383669292e+00 1.843602962986977234e+00 5.851988673938770980e+00 3.351365758350108859e+00
1 1.297905656568995525e+01 -2.560663398868855722e+01 -3.038519964396617201e+00 -1.443820555761576152e+01 4.360835291890999277e-02 1.371488439728292796e+01 1.890195545198577065e+01 3.682472890899808338e-01 2.308182027039963558e+00 3.050579862391521235e+00 2.173178583345139192e-01 1.175172326203745143e+01 8.544854293354065433e+00
1 1.311463242839506016e+01 -2.711824740283590884e+01 -8.503294090087375467e-01 -1.431119606728263527e+01 -3.264531664040533521e+00 7.695624911024849801e+00 1.535211632470008958e+01 2.031802881450926357e+00 4.832320419820208990e+00 4.729145645784996077e+00 1.398811846493235933e+01 2.319881419693392388e+01 1.747868727060092198e+01
1 1.308982448454002778e+01 -2.640515372775251279e+01 -3.294299166861247130e+00 -1.751384488023266783e+01 -4.537095514034159116e+00 6.741065628829731260e+00 1.761824302767815098e+01 5.294731522287518644e+00 6.227255810698156813e-01 1.308189948462055163e-01 6.261329873986427152e+00 4.475727755469161906e+00 4.639334272496343559e+00
1 1.310955682401037237e+01 -2.900661372495254753e+01 -2.239999094238040556e+00 -1.145306268592177723e+01 2.855435375198020598e+00 1.502818968950599832e+01 1.441112391240716128e+01 -8.135916293628272511e-01 -3.698440800003769624e+00 1.834883857762663162e+00 5.968594255910670832e+00 6.289403342716243905e+00 5.790337912814592869e+00
1 1.320921039350173665e+01 -2.894768401727641915e+01 -4.034494464649800882e+00 -1.736868587866095481e+01 -3.849332518924849289e+00 9.834777715796272801e+00 1.242522897773196178e+01 -7.131941834884242049e+00 -2.287841795901737640e+00 1.173359442593236324e+00 6.511236338294008164e+00 7.012631201020893101e+00 5.452842786916819229e+00
1 1.310741671039729717e+01 -2.570254179899873748e+01 -1.479512766182568884e+00 -1.572112430492626878e+01 -7.646847491315551970e+00 5.918654100073261759e+00 7.362245304968377368e+00 -2.707097335475765032e+00 7.607804212621812390e+00 6.097947799535247349e+00 1.080939136578262172e+01 1.844252794022566633e+01 1.206184182492227031e+01
1 1.318248527147434324e+01 -2.724436323209041078e+01 -1.511528915007029239e+00 -7.377920748717267330e+00 -1.625827438815133086e-01 2.556084347143376068e+00 7.671068298516387607e+00 -5.318082736108982189e+00 -5.547913888249280667e+00 -1.974340203632406920e+00 -8.285461726960662299e-01 -1.786822270510379340e+00 -8.167599527912297930e+00
1 1.317631589440133766e+01 -2.913225631013560246e+01 -7.277465292457249824e+00 -1.907543766728200296e+01 -5.657133441153957776e+00 4.942733310645309075e+00 1.562698650688280466e+01 -4.503992888721705667e-01 -6.491187582868313655e+00 2.754462988178978833e+00 1.006221084244639741e+01 1.117113633525553951e+01 7.951720872822359176e+00
1 1.307327901019152350e+01 -2.460806594774540557e+01 -1.826823052875056197e-01 -1.105263085425064062e+01 7.663952605059118905e-01 1.881220241805104010e+01 1.896731399447920197e+01 4.865654247104772345e+00 1.609757977909431759e+00 3.069129197230253236e+00 9.090706596653097549e+00 1.211999644671234400e+01 1.303844853003472259e+01
1 1.311239869314777629e+01 -2.889346461370138286e+01 -3.082051580295346760e+00 -8.487692538459354452e+00 6.754025928732206197e+00 1.346783937550798171e+01 1.515199524948390852e+01 4.744362741539555617e-01 -3.836601416008607490e+00 -5.441372208764609475e+00 9.837091083653898282e-01 9.833962715767023965e-01 3.598694114238256692e+00
1 1.303187660288112859e+01 -2.770291825326454926e+01 -2.129596708435376851e+00 -9.188251336175477846e+00 1.800800291849921964e+00 1.338185397292206247e+01 1.820486004355104015e+01 -3.783282438917133228e-01 4.279741170822842222e-01 -5.344464219119520187e+00 3.794590659756485795e+00 8.600093260621044067e+00 4.405737830782091358e+00
1 1.315235714309456583e+01 -2.601655271908324707e+01 8.202740868202343938e-01 -7.693304600689864436e+00 4.806937538722741543e+00 1.489981113332950180e+01 2.102075194762175769e+01 2.738183278607170035e+00 -2.149745792780636044e+00 -3.301041592682533832e+00 -3.741296304103804538e+00 -3.473184181174380214e+00 -5.276530975308835192e-02
1 1.312141818402516158e+01 -2.658425496254497133e+01 8.631807655503023202e-01 -7.549154579144722099e+00 7.352050153592092130e+00 1.591059750503557524e+01 2.390872489875803453e+01 7.695948282991909473e+00 6.309442269355418631e+00 7.369135937645618029e+00 1.204741747648249550e+01 4.621400322424667806e+00 -6.873522849210275787e+00
1 1.323014011948719570e+01 -3.282255871665984870e+01 -5.995096734010023631e+00 -1.822882098900433689e+01 -2.462392140764074089e+00 4.427679436168127758e+00 2.601308941200032532e+00 -1.060366574741234302e+01 -8.713050768064725560e+00 -4.409317275145903103e+00 2.619496367855249197e+00 -2.907156696843400390e+00 -3.301652699152995307e+00
1 1.313939721479152745e+01 -2.736635559827825759e+01 -1.123243362919253086e+00 -1.090943456426201053e+01 -3.251742922201384389e-01 5.537147277524677058e+00 4.622552620887092623e+00 -6.050013936598202413e+00 -9.349247404531030980e+00 -9.387496704522305890e+00 1.911957915620489112e+00 7.672820468391547521e+00 6.434909967439432776e+00
1 1.307710336949609697e+01 -2.662397428405770583e+01 -2.739634772375944272e-02 -9.906993744662372592e+00 -5.362012710582968883e-02 1.933954795009521943e+00 1.730003978562150735e+01 8.120991545932943367e+00 -3.845366799631403598e+00 -9.119433389660878575e+00 -5.468957435561838665e-01 -3.023224606560796168e+00 -1.871021196042369050e+00
1 1.312611694685606878e+01 -2.467977579554654000e+01 3.167058001931505995e+00 -9.002944741974616250e+00 9.306079100920637615e+00 1.803670729937297779e+01 1.385771353974084619e+01 -7.480395684976404169e+00 1.413076600961517215e+00 -1.230395642824141156e+01 -9.637486175383431330e+00 1.602762106645288842e+00 1.284954788429533323e+01
1 1.316161567031775270e+01 -2.713605015540340659e+01 -2.634202099681944187e+00 -1.093778897589767318e+01 2.850709944272922680e+00 8.144073684640716237e+00 4.403824812127032473e+00 -8.506920482229036296e+00 -2.835941211357543956e+00 2.157165235464469699e+00 8.857187643418198419e+00 4.239284755063448706e+00 7.222162096579284096e+00
1 1.316789910169365463e+01 -2.921582292851141105e+01 -1.496401548478789034e-01 -7.774260271347110063e+00 4.372460458818458129e+00 9.090932356854485974e+00 1.449027240433420971e+01 2.085827455713467948e+00 -1.944471985186479568e+00 -1.566569895058215067e+01 3.802503283307443915e+00 1.601394272269694952e+01 1.716342334428615501e+01
1 1.307468553777495934e+01 -2.645839778323427893e+01 -9.044202029448477065e-01 -8.833390044094693749e+00 2.047728572790382451e+00 1.192449570879690413e+01 1.847718817652945589e+01 5.555545597097920840e+00 2.936381353898382507e+00 -4.414959249664144103e+00 2.678749869412347717e+00 7.379960980961049799e+00 1.011002559271679502e+01
1 1.314384654778657158e+01 -2.785222577929154397e+01 -2.987799777617473396e+00 -1.077130215669373747e+01 4.856737459246279975e+00 1.306363648131861943e+01 1.713155458997943370e+01 5.013178832878111280e+00 -2.709502047178042328e-01 -1.132503732898653581e+01 5.496465391776629295e-01 1.936838273183475012e+00 2.146723837722481487e-01
1 1.323867746677957413e+01 -3.182445504459007068e+01 -2.658047016262128803e+00 -1.385786421204125496e+01 -2.367954241244110136e+00 3.578965718050890032e+00 7.677357690104648746e+00 -3.254420885041736433e+00 -9.762056707943465028e+00 -5.238715185548122655e+00 6.756875014619375897e+00 8.217851244024188873e+00 9.575793914153537756e+00
1 1.300043255712527390e+01 -2.578291965915261130e+01 4.914553886386930359e-01 -9.371203204426784339e+00 2.653747853690858083e+00 1.643844469217276583e+01 1.174141523688703614e+01 2.254579227414342135e+00 1.213996221279895371e+00 -7.248785731989235259e+00 -6.894667857140647227e-01 -5.162380857904691922e+00 1.611010823392437397e+00
1 1.310060613397953766e+01 -3.034818169972019675e+01 -3.833558947869172950e+00 -1.302820591873738820e+01 2.804152606151414595e+00 1.301435491787871968e+01 1.025342150278664377e+01 4.842033413687169663e+00 6.898450780967682050e+00 -3.765356764557010183e-01 1.088671631878712809e+01 1.279158277510148523e+01 1.790016691773381297e+01
1 1.317928228647790867e+01 -2.831327525090099684e+01 -3.596109072807742724e+00 -1.567178781164413692e+01 -4.730655323181485739e-01 1.365278923726450344e+01 1.472132534609206012e+01 -7.154000850438761105e+00 3.137262843857341554e+00 1.339362852839384166e+00 8.771413423878927418e+00 1.275464067032659798e+00 4.054230481889069537e+00
1 1.326406929998726092e+01 -2.864726810978022797e+01 -1.854466210400578907e+00 -1.648066529979575279e+01 -1.116250735623780521e+00 8.717009478006843892e+00 1.210692418832334560e+01 9.321048345385936351e-02 -1.927164172840105216e+00 3.822690361531405401e+00 1.421909604832560348e+01 3.196070059118563567e+00 4.514302258518667621e+00
1 1.305556521302023931e+01 -2.848492606857936238e+01 -4.743651924716165702e+00 -1.454101221548484801e+01 3.282047128058915852e+00 1.186999081939301171e+01 1.271143670465811226e+01 4.868029189869128359e+00 -5.612669679784307419e+00 -8.813937023960244588e+00 2.002159167593255962e+00 -4.405229450048206985e+00 3.709935702315954043e+00
1 1.311462811640712012e+01 -2.644021635606630127e+01 3.619801797004221555e+00 -3.583440146983262853e+00 1.442346018469719127e+01 2.525755933395208430e+01 1.794180550822148135e+01 -1.643546746802251324e+00 -3.513853863721138282e+00 -8.151904245686113271e+00 2.109523194117352229e+00 5.400432069859959938e+00 5.316487806674934369e+00
1 1.318828131853143937e+01 -2.561544336212833883e+01 -6.370760142518386293e-02 -9.525324045005213236e+00 5.205980920954150548e+00 1.513289134209655806e+01 2.066755919726788804e+01 9.200234910509308861e+00 7.279145387338036066e+00 -8.661018864515034332e-01 2.633016446334552008e+00 1.176231744992622508e+00 -8.698048790048092727e+00
1 1.323552748168431314e+01 -2.808668403686202808e+01 -1.022824865415073781e+00 -1.118763894005471471e+01 2.441635813538305833e+00 1.384686393380810543e+01 1.407878125081659171e+01 -2.749898905486351186e+00 -4.864870932881951049e+00 -6.348361822547527566e+00 3.244145915040011374e+00 -3.715991807550468984e+00 -1.148158710787936077e+00
1 1.312300656437031599e+01 -2.900966675442381515e+01 -5.607220044517196023e+00 -1.446452317315354463e+01 4.847149533212197214e-01 1.167255260584659027e+01 8.020780674482566042e+00 -1.062192047483679502e+01 -2.519868820220172889e+00 -1.666391307946714084e+00 2.207031724647007254e-01 -8.954729527012187162e+00 -8.032252889722705902e+00
1 1.311205099086003756e+01 -2.696153248620149157e+01 -1.816638216786392812e+00 -9.541206934611031087e+00 2.554311061183660136e+00 9.053741459114760914e+00 1.209072682306833535e+01 1.984162031222598044e+00 8.052537405161350748e+00 1.351464568074042205e+01 1.806971315490160634e+01 1.406971421569892655e+01 1.413049754106416600e+01
1 1.317895048537616098e+01 -2.739192915134407258e+01 -1.277803574948369381e+00 -1.168999171730844999e+01 3.898758793517602683e+00 1.417656044857711706e+01 1.531923283596519703e+01 9.858459843793331290e-01 4.018467686817420059e+00 5.498293533229838381e+00 9.584736364939447029e+00 3.455052739875435819e+00 6.659475227957463161e+00
1 1.311848054723544266e+01 -2.558197346102374681e+01 -1.197704410246367868e+00 -1.279713201812048773e+01 -3.246187855493272156e-01 6.378853740784538928e+00 1.066340893159114778e+01 -5.783011909386941152e-02 -4.622916719223679749e+00 -5.751187061536215950e+00 -7.275500347005482205e+00 4.052052981984441082e+00 1.263185258436582181e+01
1 1.305599259538986523e+01 -2.736562910369381640e+01 -3.736142008340292531e+00 -1.550782786299921057e+01 -1.565542002567821722e+00 1.884520640995438612e+01 2.023489932478304709e+01 -9.948043305467519914e-01 -1.172711637619135105e+00 8.072849082842392221e+00 1.388383317229833303e+01 4.079800989828980207e+00 6.964172138000249035e+00
1 1.316162104018220624e+01 -2.993744356474989132e+01 -2.722432108598621170e+00 -1.074984917354937330e+01 -2.510061011881356663e+00 4.314215939667347399e+00 2.765376660609316417e+00 -8.110206785290955622e+00 -5.691918660583735523e+00 -4.417223472726870881e+00 1.214495683437183970e+01 1.312889682186790452e+01 4.530616554055356460e+00
1 1.333318574620407837e+01 -2.483087832021099217e+01 4.146525518324769344e+00 -7.828493087277606399e+00 -2.953664062590434236e-01 5.214943065689399582e+00 1.518447335751600136e+01 7.487179084309357080e+00 2.720245781304776234e+00 4.137394825720389413e+00 8.915526751034336783e+00 1.476676315844135345e+01 9.076200028066576664e+00
1 1.315315522205408705e+01 -2.840062066002192864e+01 -8.401437596937051389e-01 -1.043084700468152271e+01 8.758339218659248360e+00 2.181433170504931951e+01 1.733514880717730477e+01 -2.778705759986528356e+00 -9.013756802304108362e+00 -8.935496988585446942e+00 -2.723778437809432962e+00 9.013356767165518590e+00 1.291296718660159293e+01
1 1.315341518125137732e+01 -2.661315918279735726e+01 -2.027627790277474418e+00 -1.037667436416695921e+01 7.385175511693443440e+00 1.559217012500376320e+01 1.817194244241799339e+01 6.487610138481911370e+00 4.265808384150781229e+00 8.309729669424850584e+00 1.627806148817227339e+01 9.582693865388330678e+00 1.302427952031003855e+01
1 1.306785899576671106e+01 -2.568171009504251856e+01 1.039084646353549246e+00 -8.569635286012694309e+00 5.170308918896799000e+00 1.590499186046260327e+01 1.805495709533965609e+01 1.895682164179780749e+00 -1.630071764926090960e+00 2.214563685880307720e+00 1.303355166394690556e+01 1.920570762327079350e+00 8.471971742842210773e+00
1 1.310112864608139915e+01 -2.423929435028380652e+01 2.522914429367074884e+00 -6.196070302386272211e+00 8.025587154693006653e+00 1.444343935266942935e+01 1.149435065042668924e+01 1.164757831203788507e+00 4.809900984237090782e+00 -2.110874717524424682e+00 8.853380706863946514e+00 1.176645118841763349e+01 8.632629392863865547e+00
1 1.313704301844876454e+01 -2.877293053992787364e+01 -2.015222269195969140e+00 -1.172286715873417684e+01 -7.879770038648687969e-01 7.769189588370046806e+00 1.874341273815165465e+01 6.149446825284449858e+00 -3.587693253065988852e+00 -1.414843808580454620e+01 2.717651040650597150e+00 1.171361546406006404e+01 9.899423739323658822e+00
1 1.324330585514540815e+01 -2.766417110468036000e+01 -1.995562684025452116e+00 -1.217548586112913966e+01 -1.285972755058317762e+00 7.740058292930819484e+00 1.592245792884378908e+01 4.360925076631525066e+00 5.059311866220434162e+00 2.145425088996939511e+00 2.044205496697006463e+00 -6.002745697302920569e-02 -1.721499779868031821e+00
1 1.324715065496542543e+01 -2.827184264633673649e+01 1.296613568496139512e+00 -6.787163502363337209e+00 6.278775647083742584e+00 1.502098105085771529e+01 2.052546387347115342e+01 7.535717084794770315e+00 7.852145289083007462e+00 -6.504121877743029856e+00 1.467397846876141942e+00 4.777771226801948323e+00 9.047394387768634694e-01
1 1.316308503096297322e+01 -2.740233666237214649e+01 -2.149394672181399013e+00 -1.530319756675146436e+01 -3.517976114555551703e+00 8.144995779832008509e+00 1.012150497438592467e+01 -7.916381137986697070e+00 -3.166803562840983410e+00 -8.623015179502987237e+00 -1.717996113839983297e+00 1.387540042462469980e+00 4.630086395932630161e+00
1 1.310136373257579478e+01 -2.961051279084409416e+01 -6.820844172097641156e+00 -1.668780251928427560e+01 -3.819810014019801248e+00 5.818606849429735384e+00 4.315234155237495095e+00 -9.762923481053494612e+00 -2.248214212948592472e+00 5.582474020759404798e-01 4.884963086953852063e+00 1.445113585875225581e+01 1.013776715026458142e+01
1 1.307903331242924949e+01 -2.909089772091780546e+01 -3.478899478690517633e+00 -1.059140609535990230e+01 1.096808058267080499e+00 6.226596994545441355e+00 2.687680468594614513e+00 -8.316342179586378336e+00 -1.198198518476508667e+01 -1.279690803516827380e+01 -5.063966515154966430e+00 -2.640190308352131865e+00 -1.664521770037313164e+00
1 1.304991523786808294e+01 -2.883210380044033272e+01 -5.088072511949789600e+00 -1.548018476402467591e+01 2.960882000646321011e-01 7.313041629793933573e+00 1.300679396412732025e+01 -3.860990317839728458e+00 -2.991821177906573315e+00 -2.711663706463261825e+00 1.146582509019036777e+01 8.522242544937650877e+00 4.795209528290273471e-01
1 1.311704011344270704e+01 -2.729425005433434492e+01 1.291617904996137600e+00 -1.009901204096689753e+01 1.726485176147486422e+00 1.361699584018245268e+01 2.078367150563355281e+01 7.746487329228948227e+00 -1.574631068437867931e+00 -1.806391852871838788e+00 1.061702263192928442e+01 7.012394006249495604e+00 6.289781615112564950e+00
1 1.327387281275171027e+01 -2.929939976264529022e+01 -5.415623413711988299e+00 -1.446097047420382964e+01 -1.416388937559809325e-01 8.676058131900838077e+00 2.035036116677632378e+01 2.809328528863849872e+00 3.421230516403526156e-01 1.150579310959103652e-01 1.108068927668885095e+01 4.229478070094468301e+00 3.558014593235220069e+00
1 1.311430519423477570e+01 -2.594759562610739678e+01 7.555755506254812071e-01 -1.017414902012679434e+01 2.961564178626897803e+00 2.379938133260849575e+00 5.605699352878707131e+00 5.961739187024479136e+00 4.312514290838580955e+00 -5.339309931977997969e+00 8.434133925505189922e+00 8.472208265099670399e+00 6.343825268646448023e+00
1 1.303019536990614391e+01 -2.699998603453023449e+01 -5.858816400107640376e+00 -1.826840992947219888e+01 1.070430828227816766e+00 1.084750105822723043e+01 1.385305875974499479e+01 3.692731251776269819e+00 2.010582195367956349e+00 3.202319525495958441e+00 1.176991505566582674e+01 9.713117467609361455e+00 1.585606532728773166e+00
1 1.303214597798520202e+01 -2.652698569123995398e+01 -2.577226905918568622e+00 -1.350795321927271431e+01 -2.540469088013813881e+00 1.484339645438391031e+00 7.439022677491586855e+00 -2.666365395875533562e+00 -1.542855164177434846e+00 -4.161884655301751224e+00 2.615440017608977818e+00 2.944737023173932933e+00 -6.415212188736488130e+00
1 1.304428511126149282e+01 -3.272270976078411309e+01 -9.373199923777107756e+00 -2.039105898181925269e+01 -8.402480629913107180e+00 -1.286713069976357149e+00 6.661454734752521034e-01 -4.483710570993073574e+00 -1.455864783699173381e+00 5.228897638341128307e+00 1.608631079639501493e+01 5.234054887450950488e+00 9.083779119333398100e+00
1 1.300159189603630772e+01 -2.581012067599668924e+01 -3.343169412125980955e+00 -1.499753979513572233e+01 1.175970590688919737e+00 1.524953296507691114e+01 1.149630230401518460e+01 -1.136822640818232255e+00 -5.287628567031472659e-01 -4.278320902857233321e+00 1.196279547600306614e+01 8.668469607122400333e+00 2.979611914974970854e-03
1 1.309302764548692188e+01 -2.913157416154883350e+01 -2.236068140354498635e+00 -1.108544687478578261e+01 1.002631804901096491e+00 1.166450730330266161e+01 1.349445904072304536e+01 4.655824778706547207e+00 3.150947525099278224e+00 -1.318469898949405028e+00 4.482280672377641828e+00 7.753780032727906502e+00 2.700525068137547002e+00
1 1.313530007058864157e+01 -2.789044353679264887e+01 -1.009677392375542659e+00 -1.099811966170120847e+01 3.437474791810746222e+00 1.434545961153438576e+01 2.105587665575979628e+01 9.308912816140436419e+00 8.995510202160124535e+00 5.118507375590098718e+00 1.432532042472681511e+01 6.505547345242646884e+00 -2.782811839344221383e+00
1 1.303499814257519240e+01 -2.706862966285081384e+01 -2.894290548317195011e+00 -1.053104667290346974e+01 1.474203010901684596e+00 1.166414569434731519e+01 1.854852162607847887e+01 6.378173959869856802e+00 6.942944547545778278e+00 6.507981093738627543e+00 1.265004905581730554e+01 1.029998084695187544e+01 9.469935048463648641e+00
1 1.305822406592406182e+01 -2.755605176109897059e+01 -2.288430622335487996e+00 -1.494347157672713955e+01 -2.954478548635525392e+00 1.299024522886143984e+01 2.058910708029389625e+01 3.496727808903510315e+00 8.145306807971460117e+00 1.180623823115979576e+00 -1.848057861091272791e+00 5.822569564447122481e+00 7.658297569732579468e+00
1 1.308129976911651937e+01 -2.498343320447866844e+01 1.813791293084858092e+00 -1.168458510902888747e+01 6.701497377452421134e-01 8.792814855950670250e+00 1.273444870970525677e+01 2.816646271230409670e-01 5.251271076339738553e-01 -5.200866343958780114e+00 -5.119740180271911134e-01 7.445350856833297115e+00 4.614537783147392602e+00
1 1.325356944877426102e+01 -2.510342150843391096e+01 4.377768028454894988e+00 -7.435926391079878961e+00 6.536517776403146129e+00 1.396314367255292588e+01 1.521661571793599244e+01 4.073273410887534141e+00 1.048518612703976416e+01 6.416404101470215338e+00 1.382916668303015584e+01 2.119576032747209737e+00 -4.174881986422314561e+00
1 1.319669684060831116e+01 -2.739627935569212269e+01 -1.359104755880170545e-01 -1.251097155109024328e+01 -3.258856497291527710e+00 7.207320767182055832e+00 1.266397809079622760e+01 8.912059871082143037e-01 -2.455242535251730196e+00 4.567457702047929974e-02 8.042691285847876514e+00 7.432058399926342318e+00 1.579839181969944439e+00
1 1.312022937220790553e+01 -3.099018759097323539e+01 -7.616083504614851840e+00 -1.700659172636085259e+01 -7.119760516587696486e+00 -3.306354263447012887e+00 -4.177964117216725448e+00 -1.446559151151880940e+01 -1.761326214454600958e+01 -1.719065563630028137e+01 -4.543834124620816262e+00 -1.077336157667638616e+01 -1.303582196549282024e+01
1 1.311404543190918659e+01 -2.734949279377622489e+01 -4.237868388965275734e+00 -1.581160078923535472e+01 -2.326898722993929525e+00 9.086778450758169257e+00 1.144573206592009917e+01 -3.505395409726141054e+00 -7.422180985313312718e+00 -1.207156567222511079e+01 -4.265048818168720501e+00 3.620002147420702698e+00 -6.900943953443029466e-01
1 1.299126276341717379e+01 -2.624610088940004360e+01 -6.783541897796526721e-01 -7.557195701095121620e+00 6.507169811576595464e+00 1.894349752460817982e+01 1.038968768566217094e+01 -8.171220177209155722e+00 -1.585680794442107988e+01 -1.144761519847025788e+01 4.574936129078987612e+00 4.425832157394218314e+00 5.537829901606971639e+00
1 1.315967882316959781e+01 -2.794217485548582047e+01 -2.633488272916378214e+00 -1.284923903001925360e+01 1.074501361250142617e+00 1.652717916354192695e+01 1.592913830706800304e+01 -1.342436006031977991e+00 -3.189955271977845452e+00 -6.628538456394585943e+00 2.542807263778085414e+00 7.206657735505247464e-01 6.734151425070384889e+00
1 1.322254312837986490e+01 -3.317681115333652997e+01 -7.327397026417336257e+00 -1.759829812630398393e+01 -5.356769376822656525e+00 4.161022859465074220e+00 8.829233562374954047e+00 -8.496594057142264234e+00 -7.946588014898880559e+00 -1.156442258278660518e+01 -5.986899942598374658e+00 -1.844857235563079678e+00 1.697143713127382769e+00
1 1.299082765145145935e+01 -2.637638513407836882e+01 8.625656444957044977e-01 -9.484086546737735546e+00 2.671895837444223432e+00 9.063091399154089345e+00 1.039739702699612067e+01 7.136695177348560293e+00 1.252774023073187237e+01 4.205319075953108943e+00 1.370536972770239004e+01 1.104728834717568375e+01 2.226821615165118562e+00
1 1.325192217068916811e+01 -2.619842727271784000e+01 -8.367375729962639452e-01 -1.075334774354582024e+01 3.383378313667352089e+00 1.271856391147052889e+01 1.259793537573220057e+01 -1.407580026886005475e+00 7.469306303952505388e+00 1.130332002250201562e+01 9.404868682028272531e+00 1.158771450774373690e+01 4.304151509802354170e+00
1 1.309789493363134838e+01 -3.004936670142569710e+01 -4.863602214227801035e+00 -1.425920066335346981e+01 -6.535183389704781742e-01 6.700650094103909105e+00 1.249264109577322301e+01 5.196141809360112163e+00 6.631780740937667673e+00 5.698624519118179244e+00 9.559528040282975425e+00 1.649933684272779288e+01 2.267934648156483846e+01
1 1.311186632370093186e+01 -2.757822207851465279e+01 -1.998353020985978779e+00 -1.176975757915104737e+01 1.445874406418411695e+00 9.699745362795667347e+00 1.362003974378729332e+01 3.945259369883908018e+00 4.892641801503471832e+00 4.092338847903586263e+00 1.141782489876112905e+01 7.469831651872823386e+00 2.850846144182912489e+00
1 1.312799529338607307e+01 -2.604384257265859759e+01 -2.161068940517461012e+00 -1.208569538971486956e+01 5.066947067867872967e+00 9.466941497228035018e+00 1.154558316609388946e+01 3.541431020115097805e+00 4.776076989939551432e+00 9.296219421316397558e+00 1.070295077060530886e+01 9.492255150453683399e-01 -1.251908175062725093e+01
1 1.312123811476224233e+01 -3.074773049603926367e+01 -8.279381847343390888e+00 -1.689702494201326388e+01 9.899146672502236177e-02 1.678047875009044887e+01 1.739499058151567112e+01 2.361020695228585264e+00 -1.854214372204721073e+00 -2.685407329069848803e+00 9.514050075424140829e+00 2.974880410439899592e+00 -4.297807413745573513e+00
1 1.309851850049486721e+01 -2.755980463937592262e+01 -1.868982992494195194e+00 -1.449676086551574983e+01 -8.330562541136191657e-01 7.402464220088048386e+00 1.329582581811789055e+01 9.952546907950296173e+00 8.934806385664801454e+00 7.062380990313140927e+00 1.367581475654505319e+01 1.012131243862376451e+01 8.633970286314132991e+00
1 1.318073367260286233e+01 -2.631221404848487566e+01 -2.095086652461722210e+00 -1.152269248729720985e+01 4.528689688752291609e+00 1.118865939730237535e+01 2.252747985770405137e+01 5.438870057326635532e+00 6.418053975724661520e+00 6.884810024934654216e+00 1.446846997508862920e+01 1.211804688388762230e+01 9.200192778671336669e+00
1 1.318784245072302852e+01 -2.732399159251803411e+01 2.599037306018701976e+00 -1.854622183227497167e+00 1.162828704839971472e+01 2.096404802377785614e+01 1.689591662742738976e+01 -6.337415081384216442e-02 -2.405207853910017235e+00 -8.887847325821667255e+00 9.386433964359105486e-01 1.639336474330146176e+00 5.375796178293883898e+00
1 1.298614729622678077e+01 -2.708699398201400399e+01 -3.482341653243589796e+00 -1.452526031551228058e+01 -3.797534979669035859e+00 1.440003403087278144e+01 2.050326898049155488e+01 3.939289315458367469e+00 3.721760180243144589e+00 -2.733650639857297282e+00 1.462181990510909380e+01 8.753563250331918510e+00 2.141247659832332673e-01
1 1.325322682253564999e+01 -2.563854948622270769e+01 -1.074572294530718786e+00 -9.415737212107201159e+00 6.314880286532742026e+00 2.011567433095587987e+01 2.293127484674388938e+01 2.639714222073816341e+00 2.692129290050292223e+00 1.814979663456153802e-01 1.392610816280853214e+01 1.487678185285995092e+01 7.986157564538777232e-01
1 1.319535151896032055e+01 -2.875659773985223921e+01 -1.599525143198327753e-02 -6.642968220601693119e+00 1.338203180288964056e+01 2.009443453834924753e+01 2.733322748473444008e+01 1.298978596727121904e+01 -3.428088188404506131e-01 -2.841708925548709797e+00 9.027072585783704195e-01 5.439229456814784758e-01 1.041842264297926368e+00
1 1.316844432962055933e+01 -2.924096497995863331e+01 -3.194319378661858444e+00 -1.141290130063084085e+01 2.560825988919543050e+00 1.258996735455474614e+01 2.208227471689951571e+01 1.158437595995107117e+01 4.408729416200307227e+00 1.827992477580789421e+00 2.688853618369099863e+00 7.335518226820614274e+00 9.156328292837340399e+00
1 1.317300945269765400e+01 -2.558717468341505707e+01 2.391555099183152233e+00 -6.363666684156130238e+00 6.936273246507183465e+00 1.109481363854336955e+01 2.051024218329318316e+01 1.066458179350502178e+01 -6.684043451867877295e+00 -6.009634706469988430e+00 1.053888842587747732e+01 1.601751879912819376e+01 6.336930348679496561e+00
1 1.308357874771039420e+01 -2.884920522858476843e+01 -4.311187890664895939e+00 -1.568791337297666466e+01 -2.386399052700355128e+00 6.991940137482276718e+00 1.029349721416969388e+01 3.171124592265150977e+00 -8.791788034221020842e-01 1.206348046365392834e+00 1.539105167671701579e+01 1.756042542378461491e+01 1.680588965984286176e+01
1 1.315183264644569228e+01 -2.709771844089758730e+01 -1.820297467141502645e+00 -1.660147602917350795e+01 -4.986221718298111227e+00 9.887588632053532223e+00 1.780192016299943347e+01 6.688545354008973431e-01 3.574484858054239877e-01 -6.021431294343143392e+00 4.525465537203271715e+00 1.223856864321730409e-01 -3.563111231331072659e+00
1 1.294751810900259770e+01 -2.784571198887502064e+01 -3.583572415660866817e+00 -1.097014906949709889e+01 -2.919864689876510599e+00 6.134072363020907304e+00 1.115754954171666036e+01 4.022330265083330914e-01 -8.864451100174207676e-01 8.045763806673414953e-01 1.231842490239139565e+01 9.058611261488579203e+00 2.472619686348578316e+00
1 1.309963723537584990e+01 -2.748967208582660149e+01 -1.285525214638944425e+00 -8.794491921935033929e+00 6.506639191800710265e+00 1.435181285133396045e+01 1.712658990574367834e+01 -5.314914097856729747e+00 -3.299486299429172931e+00 -4.928297572490229150e+00 6.983636266342326815e-01 3.505813764819571965e+00 1.081736633020275562e+01
1 1.314493894499295301e+01 -2.760109955926606418e+01 -2.901464477174616960e-03 -1.241074790850476717e+01 -1.264967430508309176e+00 1.002146469269355400e+01 1.308230410676831212e+01 8.862919029396250092e-01 -1.883611800554280791e+00 2.238411753192850462e+00 7.049884028835077032e+00 5.725577619461997614e+00 3.944982916289891062e+00
1 1.322167415638990562e+01 -2.642215606143729545e+01 -1.356026017258060046e+00 -1.219140935638482937e+01 2.402531471721529588e+00 1.418905408428080328e+01 1.969915413363297674e+01 4.924050758835036845e+00 4.574599577594256949e+00 3.085826934104761499e+00 8.661163836282801398e+00 2.985730818896009886e+00 3.227900761046870404e+00
1 1.314225121551121767e+01 -2.812073119324963955e+01 -2.922128286744784642e+00 -1.168469592586466987e+01 -1.035428399174461278e+00 8.225465092805979594e+00 9.524690923363438699e+00 -7.115966994959251224e+00 -9.528401216499997162e+00 -1.274484550920971238e+01 -9.917334708014234890e-01 4.713502311986884075e-01 -4.716009047560803524e-01
1 1.313311449735041059e+01 -2.775792476524657104e+01 -2.153110600390299556e+00 -1.052537744531607800e+01 3.400898299132120162e+00 1.437615044556996047e+01 2.345037915128867922e+01 4.916569782235556296e+00 -1.755084649990400480e+00 5.517586152788524601e+00 1.348962053028545149e+01 7.300903919723918278e+00 1.959661979659756748e+00
1 1.307301397957674816e+01 -2.782179109112589543e+01 -2.018909064728102720e+00 -1.052934029604107380e+01 1.429231559956766651e+00 1.068970243056921809e+01 2.128630568452503979e+01 8.918995421398506096e+00 5.279144250348274170e+00 8.725748989893313379e+00 1.560104103727251257e+01 1.425902098619296154e+01 1.825339188334217866e+01
1 1.323818254805137151e+01 -2.625790198395581498e+01 -2.405466459659592049e-01 -1.219801599660499924e+01 3.513783660245871854e+00 9.204600320987502471e+00 8.720998359965062008e+00 -3.642508756695510108e+00 -8.603050231496227607e-01 3.388602692986097953e+00 7.504739050059002992e+00 7.757485686611984121e+00 1.111514923360915574e+01
1 1.305981617096337111e+01 -2.504744505364998375e+01 -2.806552105663472574e+00 -1.226438537215628877e+01 -9.117065946420259415e-02 1.316761678172736083e+01 1.555791260789672847e+01 -5.336692487530048545e+00 -4.881876886338650579e+00 -9.631195795795776116e-01 6.328719321627730432e-01 1.114791844947307237e-01 7.070543816036473084e-01
1 1.300397380699546446e+01 -2.812494116484252871e+01 -5.405822422712458497e+00 -1.497688581139156661e+01 -3.518330360259758205e+00 1.307966219883664571e+01 1.335083963174497690e+01 -5.263798435845120416e+00 4.032120113531844297e+00 2.025609268324843448e+00 1.297801925129772016e+01 1.288634181948451563e+01 1.265579255496655620e+01
1 1.324725111684854006e+01 -2.648864455374596361e+01 4.306159007904224456e-01 -1.033254908418391871e+01 2.877793880661164705e-01 9.409734304989923359e+00 1.860961941266751651e+01 3.188172921283559669e-01 -8.452375676968465479e-01 5.755395887422044332e+00 1.358606412795367113e+01 1.106374015474303540e+01 9.381908872463078808e+00
1 1.320755224021245589e+01 -2.835751156471713230e+01 -2.656866571456584669e+00 -1.432179626756012070e+01 3.004718890806621356e+00 1.308207564474560947e+01 1.192065639952810940e+01 -1.802737456713077169e-01 -5.177688166601880582e+00 -3.283904709014514811e+00 1.153041744680139047e+01 1.733208115883427070e+01 1.165709784887240019e+01
1 1.328633951311263495e+01 -2.957994402326502836e+01 -4.297799823898537319e+00 -1.606286240890836936e+01 -2.229017926544455630e+00 1.087243950391841985e+01 9.251095846654749266e+00 -1.247130775639113942e+01 -1.571874886371622360e+01 -1.663442904431051517e+01 -2.019750850248271057e+00 3.509895502096878062e+00 8.466091534293422594e-02
1 1.329542688558506747e+01 -3.069158100209126872e+01 -5.337643274633999901e+00 -1.582801301318619558e+01 -5.879227440304418018e+00 4.574191662378994216e+00 1.161518683486083425e+01 4.761379898408962252e-01 5.256182735377019632e+00 5.352762583621293313e-01 1.338625943646889738e+01 1.494929964078893470e+01 1.289296375265926820e+01
1 1.330902858776280695e+01 -2.850337239681044110e+01 -2.841867936678531326e+00 -9.427080054649660923e+00 5.372195598669177841e+00 1.504866168331070853e+01 1.649931203384016243e+01 -3.374566997637604704e+00 -4.235519500448828190e+00 -3.861610200821290473e+00 5.922859535533286923e+00 1.428226263247280414e+01 1.694623499741840433e+01
1 1.324648497089268950e+01 -2.936132008701313012e+01 -4.284211915508663537e+00 -1.724879806139678351e+01 -5.619399131591644725e+00 8.164973575746936163e+00 1.458783421647306611e+01 -3.534114237831436967e+00 -1.070292574004465003e+01 -1.337415247637343541e+01 -1.756646603721629063e+00 5.078647417742534476e-01 9.132943035234950102e+00
1 1.320816725048088891e+01 -2.648928932940814107e+01 -1.873448382851178873e-01 -8.566879032031017971e+00 2.646674804527678226e+00 1.027461172618675356e+01 1.079069581943463874e+01 -1.052495636409949364e+00 1.231518687004813817e+00 4.386156984293239636e-01 1.100079985662255311e+01 1.035393106092124427e+01 -1.596722305306852163e-01
1 1.315972937625102723e+01 -2.645786524175164089e+01 4.137961564238283318e-01 -1.005680270657548370e+01 1.245910648337130056e+00 9.817446648140796484e+00 1.504124671089418541e+01 2.179029925061171102e+00 2.864173271429239165e+00 -1.157357783464263656e+00 1.384511242387364760e+01 1.292512121474975473e+01 8.749250519374204060e+00
1 1.318403939430604588e+01 -2.598963967037350642e+01 -1.218119964662116583e+00 -1.408835885917246777e+01 1.693171433474896848e+00 1.427604742687020156e+01 1.898568615677218929e+01 7.079271184254182003e+00 2.541026303484472226e+00 8.767806990343840923e+00 2.232112535964827416e+01 2.139721290814514987e+01 1.515030995389013846e+01
1 1.322761754245916066e+01 -2.892257443739298850e+01 -1.326913094144332783e+00 -1.313445429955300803e+01 -1.947635969350703267e+00 8.981277621003226130e+00 1.551350364765182022e+01 -1.215119368836617975e+00 2.158480667971600209e+00 7.133467073346602128e+00 1.161040065012965528e+01 4.036540215855504599e+00 9.335936954032245438e+00
1 1.315812504571868047e+01 -3.037891693328447928e+01 -5.018905850705592364e+00 -1.226085983420505343e+01 1.967312777318508621e+00 6.680697174835764862e+00 8.604322741673017916e+00 -4.412878296366667286e+00 -5.380319523511659652e-01 5.555756654121995375e+00 1.583682697992856170e+01 1.328480556589804706e+01 1.905649638891510023e+01
1 1.314431302605399843e+01 -2.632192380964056611e+01 -4.045927806313954100e+00 -1.349136660848954072e+01 -3.787027781136978355e+00 -3.222067763217890124e-01 1.238909806337503028e+01 -3.986468068343552051e+00 -2.744441494137088711e+00 -8.326355939380363225e+00 4.228317859450162253e+00 7.341508617934607850e-01 -4.980846079711470864e+00
1 1.314109193525161956e+01 -2.701063548202982645e+01 -4.995965020982298554e+00 -1.890353251171697124e+01 -7.421138878596631905e+00 1.566755108430316401e+00 1.008627808594570574e+01 -3.344799332317942020e-01 2.483502512815209951e+00 9.079135653167804687e-01 2.399035338395899331e+00 -2.779293125564505029e+00 -3.342830828913029961e+00
1 1.310150297987402546e+01 -2.985106405071667979e+01 -7.138451726737808478e+00 -1.698339941166696931e+01 -2.090837154652824381e+00 6.047252495476551637e+00 9.936298541716302779e+00 -1.920385338200624181e+00 4.341457019909126025e+00 2.323907025842737895e+00 1.087590325685894399e+01 1.224566959756121243e+01 7.900267642335049523e+00
1 1.307595997737537452e+01 -2.781469469596674315e+01 -4.108975144760755427e+00 -1.574987069250909144e+01 -3.782517139696255359e+00 4.611869736182208968e+00 1.764461946672201620e+01 1.321886218693847503e+01 2.089851270406715589e+00 -4.486744113476802909e+00 1.139245706279983139e+01 5.287025105990379892e+00 1.048772336702857189e+01
1 1.610982404816721214e+01 -2.272146792342493882e+01 -2.972251116498578938e+01 -7.763593856202390064e+00 2.522172688701823873e+01 1.110882975532319605e+01 -4.091547093604614105e+01 -3.131693767930985750e+00 1.942313126929008149e+01 -9.714115763838572448e+00 2.242684317643283620e+01 1.840617757627920525e+01 7.267943944989045946e+00
1 1.800725700958784614e+01 -2.018499511359768572e+00 -2.800210036827460769e+01 -7.417562093761382869e+00 2.112932235750739451e+01 -1.046318922788049610e+00 -5.088368276738387408e+01 -1.184588184557805768e+01 1.272303284909878229e+01 -2.031131307925352658e+01 2.734909353007464006e+01 2.015546565828336512e+01 -8.952969103879061308e+00
1 1.894260881517347883e+01 1.062492058445302368e-01 -2.604275759280431046e+01 -1.939137047765702726e-01 2.148053024395825972e+01 -2.147718806152159488e+00 -5.064176576030823895e+01 5.343006818768039068e+00 9.786199081169831615e+00 -1.568444991259621801e+01 2.308840570607583587e+01 1.781333088604321091e+01 1.680222803760124950e-01
1 1.777688022841707394e+01 5.687440864910762173e+00 -1.822079583073637110e+01 -1.263575817194530515e+01 1.808714688287157912e+01 7.097214538412311313e+00 -5.247516518255913098e+01 -1.904525728766533632e+01 1.014620813614400241e+01 -6.615740520114616885e+00 2.226769442550907385e+01 1.434854001889042330e+01 -3.136941751916877852e+00
1 1.743001344909629324e+01 3.442919714926160335e+00 -1.367246471856922518e+01 -1.238554202517093294e+01 9.971122326148320170e+00 1.869109262700002816e+01 -4.604415511215629664e+01 -1.531823677620825208e+01 6.204939670179950184e+00 -1.750591804878395408e+01 1.358972052674682196e+01 4.562765609786902932e-01 -1.032637208312999277e+01
1 1.805048320597407496e+01 5.262096820626966043e+00 -2.056343692906908061e+01 -1.139215649079684312e+01 1.236029087088806833e+01 7.168512362015085237e+00 -5.730210455745929465e+01 -1.393809340980175016e+01 1.554905387079959178e+00 -1.982213035643901122e+01 2.780009864400940245e+01 8.543218725512392808e+00 -6.182846836325106565e+00
1 1.867849724819592794e+01 3.856366864552907003e+00 -2.423233386242889509e+01 -1.730293742229576548e+00 2.049046635722801923e+01 9.574781606308104820e-01 -6.048944812843120644e+01 -1.798141398197985552e+01 1.628152949410714090e+00 -1.308843574495745798e+01 2.150436760150637383e+01 1.782066391520202586e+01 -4.620848135313812222e+00
1 1.794095232547320506e+01 3.313832182441082796e+00 -2.363661976662050535e+01 -1.020210292555228371e+01 6.713548293643697207e+00 -8.681722677772780727e+00 -5.313641709959947690e+01 -2.374438596346097441e+01 1.008366232917337513e+00 -1.134535217410792285e+01 9.242409821186246432e+00 1.355607955797129449e+01 6.066530607487646831e-01
1 1.734641400381345377e+01 -2.810647930631018809e+00 -1.971404651400790797e+01 -3.722092559298225689e-01 5.798365165519563824e+00 1.658280625866885627e+00 -5.158284139915915034e+01 -3.046631745208179964e+01 3.675357999612174353e+00 -1.660970884360355626e+01 1.560165654232276822e+00 5.731479656540168222e+00 -6.974582860706711074e+00
1 1.769535980493616023e+01 -6.064971634354014540e+00 -2.108836700851337653e+01 6.748202447372084301e+00 1.506670611312564034e+01 8.323618498485474859e+00 -5.003667496473251219e+01 -3.393948467154378079e+01 -2.517956681797285157e+00 -2.793282600950431771e+01 -7.788180101770895369e+00 2.483973430640640689e+00 2.134202626936037905e+00
1 1.776034370201629997e+01 -4.098600833438796442e+00 -2.064722091686081740e+01 4.464094156028821203e+00 2.649802863757244609e+00 4.633264808542259416e+00 -5.387239994281807043e+01 -3.056420700860970285e+01 6.640825178077709445e+00 -2.052911949807821657e+01 -5.515628321255073629e+00 1.926921849359276129e+00 6.350834274125090495e+00
1 1.687109808259934596e+01 -6.130904993836791661e+00 -1.344453556716704767e+01 1.315146608324268129e+01 1.227107457173007177e+01 6.595511990402495250e+00 -5.368593665128276626e+01 -2.730228910349587679e+01 1.128320103491691206e+01 -1.986340690393598862e+01 -1.819395221907555316e+00 -5.329523829501725984e+00 -9.806119946144885802e+00
1 1.650666837204720494e+01 -7.582193271250780242e+00 -1.316968703427500564e+01 6.535424060927804923e+00 5.726144863899035542e+00 1.058525817025538451e+01 -4.846631399361331205e+01 -3.898541079763781880e+01 1.161054912719377086e+01 -2.718572483817420959e+01 -8.319136519241547845e+00 3.366217522915752269e+00 -5.850704207847105209e+00
1 1.585949006254776350e+01 -1.167906847662193748e+01 -1.242327704731792792e+01 5.339159992557727108e+00 1.103525753976985868e+01 5.298385692805722691e+00 -4.620505038431663536e+01 -3.879770989700440964e+01 5.499440845319872651e+00 -3.005923070090092963e+01 -1.964294119913094505e+01 -8.719728487088861613e+00 -2.109203165692905202e+01
1 1.538111777173001293e+01 -7.568357808213721505e+00 -5.718641135416451249e+00 1.386860958356319706e+01 1.895796107446605916e+01 5.380088842231045554e+00 -3.889380161577752659e+01 -2.101864318605876747e+01 7.766574404686658717e+00 -1.984507451366314257e+01 -1.762990872496287054e+01 -8.612676982985078666e+00 -1.058295734640208963e+01
1 1.493777474621558632e+01 -8.938938167750034580e+00 -8.501208173165381021e-01 5.266194963152985409e+00 1.697810879790786842e+01 5.623795889840924822e+00 -4.697513246404619736e+01 -3.931595148073582635e+01 1.265894724532775850e+00 -2.091660259656549670e+01 -2.527858648301582889e+01 -8.978975932298316920e+00 -8.665157079170283438e+00
1 1.452641808963965708e+01 -9.077082413423067209e+00 7.961401744495629762e-01 1.554478511959207943e+00 1.720877588250105816e+01 8.099202652792376611e+00 -4.061264620022170391e+01 -4.366216358789834828e+01 -8.958814148894861162e+00 -2.581017878149106792e+01 -3.007070603558750221e+01 -1.123084913699195653e+01 -1.343699512338990543e+00
1 1.424038077575491279e+01 -9.895017384262128957e+00 1.400459488597798563e+00 8.447664863322509987e+00 2.083371146899690274e+01 2.093196243371850951e+00 -4.260231605215443551e+01 -3.810767949647741659e+01 -6.605014166439760359e+00 -3.093173353718680474e+01 -2.682296972776188326e+01 -8.480436485484627696e+00 -6.871563682169702370e-01
1 1.396765747885852527e+01 -9.818417863087653075e+00 7.476987638082191800e+00 8.145515947418983771e+00 1.096932132480241862e+01 2.650252518562659532e+00 -2.653088459051505765e+01 -3.598369037007729077e+01 -1.559675657869908072e+01 -2.500913332386452836e+01 -1.494455766268469965e+01 -4.628868782542757465e+00 -3.461624754570141071e+00
1 1.395984895287283045e+01 -1.254036993219827956e+01 5.918395887849170478e+00 5.453879424650303065e+00 1.315867827877620577e+01 6.402672615468843809e+00 -2.872901131686753473e+01 -3.075515060568299575e+01 -1.247591745796009910e+01 -4.190763183539043979e+01 -3.187533156890335917e+01 -1.656524647486062918e+01 -1.483181872248311883e+01
1 1.389531761626692585e+01 -1.117791943156104750e+01 5.107429409865352987e+00 7.554220393412044210e+00 1.664122438156400818e+01 9.322591734121184359e+00 -2.849820671138931161e+01 -3.726525659912961430e+01 -6.727714926572456733e+00 -2.153826841953004134e+01 -2.297469254620841994e+01 -5.126362760684069819e+00 -4.913490012047622812e+00
1 1.375913865250940304e+01 -1.249232230227016416e+01 6.100220041853151365e+00 3.080877510562216148e+00 1.201802071880694278e+01 3.517788398263504757e+00 -2.650576143924270056e+01 -2.962017536351915226e+01 -1.237998078531087032e+01 -3.411560160662409658e+01 -1.872850456637360494e+01 -2.051972178299131588e+00 -1.124420165995001719e+00
1 1.349871927754628409e+01 -1.247519675845274634e+01 9.884800214108532046e+00 2.122138764480988038e-01 8.562008105214280462e+00 4.672368989844187581e+00 -2.175134743618879085e+01 -2.685008094267106316e+01 1.765287906051227207e+00 -9.267566720838832595e+00 -7.559725491021940691e+00 -1.118450108206396010e+00 6.050546826910554010e+00
1 1.340572728588514728e+01 -1.694949423820719403e+01 4.587031261028010398e+00 5.066160194466047706e+00 1.767820241669325299e+01 1.562328155218395409e+01 -9.801758608400040984e+00 -1.847274116230171614e+01 -3.561970390551308707e+00 -1.587373442948750224e+01 -6.922912417367314220e+00 -6.031746433919039418e+00 2.891732445793166129e+00
1 1.343267431420810532e+01 -1.876975659336608970e+01 7.847090515638053709e+00 6.108158260016319119e+00 1.855362601049093030e+01 1.895722410682547121e+01 -1.683028893710261098e+00 -1.131611879376265151e+01 -9.693163789468272284e+00 -1.741414734031529932e+01 -5.532238501123725172e+00 2.227060441580809069e+00 4.779510691208489703e+00
1 1.332735622247495400e+01 -1.465634320399498058e+01 1.162861648087833544e+01 5.938798464371724428e+00 1.225879528017412134e+01 1.434593457209476597e+01 2.616880251634568832e+00 -4.700772650919954110e+00 2.555643349403857179e-01 -1.165986938030322229e+01 -1.267962222308923259e+01 -4.915297236739209374e+00 -2.268304871478560969e+00
1 1.331298732960079256e+01 -1.995140726890131333e+01 6.188562798055566638e+00 -1.009139912190732735e+00 9.070891941091646871e+00 1.163476695217473456e+01 -4.765781235548208095e+00 -1.371352364547942315e+01 -1.724408979177421486e+01 -2.009272483425571210e+01 -8.631710242584313519e+00 -6.014145390968857363e+00 -1.982205200605932971e+00
1 1.403672349398577346e+01 -2.631608837861949368e+01 4.710286388013304126e+00 -5.135702453974515969e+00 -5.392914867609639451e+00 1.498529367022677761e+01 -7.226632066216287065e+00 -4.865002025707613420e+00 -7.329733586814038304e+00 -1.666727747753891009e+01 3.290217837269374002e+00 -2.055711818425247195e+00 -4.860164355993824792e+00
1 1.314386291890972203e+01 -2.440036831587385535e+01 1.347062941701098415e+00 -5.066960643162318867e+00 9.300826159272395088e+00 1.786698466289529108e+01 1.914493874792774264e+01 -2.806956289014864492e+00 -2.470313708844231293e+00 -7.337002305871361152e+00 -6.433872942627344438e-01 -2.975734635299629893e+00 -1.171176493339169955e+00
1 1.309730425578996638e+01 -2.393495435129749538e+01 2.387390420773981337e+00 -7.230684538523433957e+00 9.361187530253724631e+00 1.450881689703838795e+01 1.128868854835124935e+01 -7.193871415749067744e+00 -1.020871043002506617e+01 -1.039026111408926134e+01 7.405536049861153325e-01 5.112233234434495621e+00 9.609845433963483785e+00
1 1.306035427619361045e+01 -2.322883662840197871e+01 2.608756328809369585e+00 -4.765846527980229119e+00 5.277795740294209281e+00 7.749442526594138236e+00 1.074640295297240122e+01 -2.278890483325052063e+00 -3.108039093084461690e+00 -3.517378969616166362e+00 2.543994764876317038e+00 -7.982545617186102005e-01 7.076310954627881067e+00
1 1.313538553951255672e+01 -2.388696345137068278e+01 1.221285326582273845e+00 -9.082435353891064267e+00 4.240632914491449662e-02 8.629695859653706336e+00 1.663456650806447712e+01 7.725045167027494664e+00 1.305306254555661072e+00 2.947661726365168877e-01 1.191811313564901020e+01 1.437266412266467519e+01 1.179844006714934146e+01
1 1.312585532077119588e+01 -2.349050444542031713e+01 4.751548883195299666e+00 -6.623745607825951787e+00 2.708516727037431515e+00 1.546170297953622885e+01 2.335747501964397088e+01 1.046797216600428371e+01 -1.337317233699668595e+00 -4.103804549280798852e+00 1.322885517668060196e+01 9.762273334892677568e+00 2.518569574063887373e+00
1 1.314530955241066579e+01 -2.476382098538974930e+01 -1.825231193639694771e+00 -1.612342851620837081e+01 -8.684440165280392643e-01 1.281134071635078975e+01 1.618391971169556953e+01 7.350862628826346779e+00 3.623033935173230802e+00 1.010250584873425517e+01 1.390112141820155323e+01 1.061906183222562028e+01 9.425153186077473322e+00
1 1.307177707531554312e+01 -2.146433547018892085e+01 1.194018434086788982e+00 -1.434916804066963358e+01 -4.023756341434919115e+00 6.208901779757489692e+00 1.045575374128052992e+01 7.270096951350224490e-01 3.211623741425827516e-01 -4.612535878341064155e-01 1.557010026813805581e+01 5.528445926168694236e+00 3.312216014826911969e+00
1 1.313071721341515463e+01 -2.872305414854458050e+01 -3.128299153970430790e+00 -1.223078417209463531e+01 -2.441804951895439224e+00 7.524761076816179894e+00 1.694131685561397305e+01 -4.479412291065021368e-01 -2.556274881815186362e+00 7.112249204413889636e-01 7.391466394093149539e+00 1.287979473192172364e+01 8.136185566474930297e+00
1 1.319294220092586123e+01 -2.916085548964041152e+01 -1.218181500750958213e+00 -1.621669815736803599e+01 -7.201630954829624010e+00 -1.435426203506425136e+00 5.128970259067457960e+00 1.145266730099308905e+00 -5.003097904114159000e+00 -3.607887759793694027e+00 6.569346149652560918e+00 6.802405186287572292e+00 1.316029622174686686e+01
1 1.307782102323856321e+01 -2.786458058395177062e+01 -2.222776817122006143e+00 -1.333860640437488598e+01 -5.118650380558288360e-01 1.352824778103619430e+01 1.672605361504614052e+01 1.295497426212145475e+00 2.063586730469594066e+00 1.101928722639290648e+01 1.914914461113203004e+01 1.564353050964144565e+01 1.465322539642097155e+01
1 1.317989048004774588e+01 -3.148117129772017009e+01 -8.988900524280191817e+00 -1.889046299598339473e+01 -8.691510797755400475e+00 2.569337156273963529e+00 1.215732741697349084e+01 -4.576255483510415445e+00 -9.557964691176875860e+00 -1.402176149593713639e+01 6.044268450369722601e+00 9.543215808852700377e+00 6.411466957011298540e+00
1 1.313823120515673537e+01 -2.744521356373408238e+01 2.324010777898798175e+00 -8.295358085990573116e+00 1.835732465690817605e+00 1.566213668885916732e+01 2.170196685291184480e+01 1.472868883687355890e+01 9.502354579252880740e+00 6.057451429588728509e+00 1.359177071270045012e+01 6.672828769471077948e+00 -5.106739441567649251e+00
1 1.321199628194239040e+01 -2.885715054211183528e+01 -5.327010439676803877e+00 -1.330768353383120761e+01 1.049602739956431607e+00 8.544082332332125773e+00 1.419064641504020763e+01 3.745062982469150370e+00 3.358490865036612760e+00 1.073431933742472744e+01 1.982169030317884406e+01 1.844238208851846039e+01 1.987745634929392935e+01
1 1.315726970597942902e+01 -2.746461087828912540e+01 -1.693138799732401223e+00 -1.130714636196652378e+01 2.819638917049701821e+00 1.845385317640506884e+01 1.975847595475250884e+01 -1.708429374300906023e+00 1.064718253456110153e+00 4.326601256004423135e+00 1.359624621927941668e+01 1.229496604282731553e+01 6.258209407721215811e+00
1 1.324260198956238099e+01 -2.757098609499791664e+01 -8.425640069806386023e-01 -1.147990943666579966e+01 4.053880360478822276e+00 1.301395704522376207e+01 1.194236534291516350e+01 -2.596477416620886380e+00 -4.833070290513983736e+00 -3.396937973965699076e+00 1.210500687540023002e+01 1.126628541618104151e+01 7.892393235934283879e+00
1 1.318948397651184834e+01 -2.639404342389167724e+01 7.736501501514011503e-01 -1.349523198752823028e+01 -2.699695644263468086e+00 5.729418776117707779e+00 9.666975119960827811e+00 4.649692271243345054e+00 8.950757683079958227e+00 1.094402279973527570e+00 4.391200577883632050e+00 5.238148855321705710e+00 4.014238151824899070e+00
1 1.316216516758681720e+01 -2.842610468385995404e+01 -4.060337997924295728e+00 -1.332954799070524210e+01 -1.825991708862965357e+00 1.555374839640625417e+01 1.951017864457167761e+01 8.756397683136128762e+00 1.102063234708551320e+01 1.770874620848795100e+00 7.892592832556609928e+00 8.094712288044705772e+00 6.936935744727350084e+00
1 1.317583493342504575e+01 -2.739037345916966615e+01 -1.303084820564119450e+00 -1.582595987945047078e+01 -2.934712867485429033e+00 1.041299192674524754e+01 1.606319358811357745e+01 9.178837230415747006e-02 -6.016141257927019481e+00 -1.045346066682757424e+01 -4.085506372511939155e+00 -1.268589434594064924e+00 3.292942442448738571e+00
1 1.319854188755904012e+01 -2.773432366203613242e+01 -2.500883399234453908e+00 -1.241995328614314076e+01 -2.154914742239507353e-01 1.633271762052138598e+01 1.555207346884947306e+01 -4.751953438649567651e+00 -4.034760133358290979e+00 -2.097810819205895072e+00 1.198483806647524297e+01 1.878754358619421794e+01 1.413909298089590649e+01
1 1.309829349997276537e+01 -2.719237611623837481e+01 -1.482062488071381079e+00 -1.081355714789962796e+01 4.903351630108781833e+00 1.414641272275355632e+01 1.676934322181556070e+01 3.599286963078504709e+00 1.413352156432463147e+00 7.763673619491886946e+00 1.046622991414634996e+01 9.976543164744406056e+00 9.597518553739888603e+00
1 1.318157384139760957e+01 -2.710977350997875845e+01 -9.975203331140967133e-01 -9.221515509071995353e+00 4.120398603030360762e-01 5.813072730980967329e+00 1.148064459067795084e+01 2.589458436515056583e+00 7.390479502721502669e+00 2.120255488934490451e+00 5.464422111925775205e+00 5.054509802513520000e+00 4.110764518017117730e+00
1 1.323032828811910022e+01 -2.612296646257255262e+01 1.167095229536407874e-02 -8.099440997144519372e+00 5.890168101546005452e+00 1.020621468250669928e+01 7.112058383647981152e+00 2.955468225825528705e+00 5.211923921825420969e+00 1.594776454410277156e+00 4.859791108794317971e+00 1.893447880083803270e+00 -1.261783950565893653e+00
1 1.309781486462408928e+01 -2.536225996470593103e+01 -1.010484606290394050e+00 -8.941620220439912003e+00 2.501969642226558488e+00 6.531513493979793417e+00 6.288790454386086637e+00 -2.894666897125757199e+00 4.320230687408769477e+00 4.292246727779496673e+00 2.241254908453656824e+00 -5.796546686404558946e-01 3.527829487103173456e+00
1 1.312349522520802658e+01 -2.883401425106541183e+01 2.837925765222082397e+00 -2.691750508861145419e-01 9.011537072023019235e+00 9.165639851517996206e+00 1.105128023985437302e+01 2.473108476808349998e+00 -1.255807753302232710e-01 9.965021384149465034e-01 5.311670054310891231e+00 4.334336843127616135e+00 7.425781779160694818e+00
1 1.300393768382688009e+01 -2.915147338565568802e+01 -4.717153174959892503e+00 -1.056104714783592868e+01 -8.696095166086234562e-02 6.872029212106613549e+00 9.377115270045090156e+00 -3.769777046511224583e+00 1.566343092775100310e+00 -3.424836668855772981e+00 6.517611207097493420e+00 8.067590797496936972e+00 1.607615983632590329e+01
1 1.308189478169437869e+01 -2.712904802218712774e+01 -2.563931175593288092e+00 -1.476647481883903801e+01 -4.076008615805476687e+00 1.130120162960959185e+01 6.962752033271183194e+00 -6.810974174562738348e+00 -8.063741478949138397e+00 -1.142415811861530806e+01 1.437496567395649372e+01 3.913282025459801972e+00 9.908308570605019128e+00
1 1.305259820393944281e+01 -2.584195014226510878e+01 2.042653224909104503e-01 -1.043032346520128506e+01 -1.526363216231649833e+00 1.112555237385557838e+01 1.256174957320381935e+01 8.005153950788477246e-01 -3.095998323387772366e+00 -3.690123854752417554e+00 6.010325973768454233e+00 -6.322820168732702584e+00 -6.512805072627898539e+00
1 1.316936765314608948e+01 -2.696887754859332986e+01 -4.208554467673971011e+00 -9.539523728810699765e+00 1.956052948466608488e+00 6.655892267320154154e+00 1.088081299368240984e+01 -8.567699015170592958e+00 -8.954892980510299694e+00 -5.552452813220126515e+00 5.742938769111150421e+00 1.018482343683517222e+01 2.701784467385015986e+00
1 1.318052864396556068e+01 -2.691641746277433711e+01 -4.170810077246249747e+00 -1.281411771211214656e+01 4.093963426946748640e+00 1.261435152127516446e+01 1.592294951982011852e+01 -5.245215874252431298e+00 -3.308208135332060262e-01 -2.912124045813136330e+00 3.872890450193680945e+00 5.541448403030732273e+00 1.021924851231066356e+01
1 1.304869447341121713e+01 -2.911638749130528225e+01 -2.811335626143943500e+00 -1.113989085320442740e+01 -8.418237229048772807e-01 9.919974495728288488e+00 9.066623039778368920e+00 1.327990273469610072e+00 1.674295227154298571e+00 -2.395764267105842116e+00 5.177650524733376614e+00 6.419501048910499108e+00 8.958192274969862368e+00
1 1.320156503660763292e+01 -3.077381869364754152e+01 -4.897333635613927427e+00 -8.607211130192778725e+00 1.325310845568349727e+01 1.895299752459385800e+01 2.111533683931824612e+01 1.417204361196179896e+01 1.447279900667196451e+01 1.502395069087089041e+01 2.432822230179841938e+01 1.502604722491519595e+01 9.231507127965240755e+00
1 1.310762642618101559e+01 -2.929318379548934814e+01 -2.704289276569270761e+00 -1.184038810186046042e+01 2.036459383879942742e+00 1.169550109304387853e+01 9.653650100305030790e+00 -5.902808131324275287e+00 -5.182256731169354147e+00 -4.237731784647517097e-01 3.592631551417220237e+00 2.404878529763275985e+00 5.055275837196878008e+00
1 1.304049030114529018e+01 -2.381399297438982288e+01 3.985731181433221360e-01 -1.072598720128373273e+01 -2.310250715802621979e+00 7.936118890414266325e+00 1.473830802594023659e+01 1.908076836703062273e+00 4.462634702889656246e+00 3.917747977389943070e+00 7.019336834886438226e+00 9.492328594407203113e+00 1.198975508941942936e+00
1 1.308696522880930502e+01 -2.378121489731991645e+01 2.904329882009886621e+00 -9.728621687498026915e+00 -2.023692999155048966e+00 1.146622861247867675e+01 1.960019922683942895e+01 5.791421502883439487e+00 -2.623009877550144253e-01 -1.155764326806405062e+00 6.109946702882552039e+00 6.943335545875870096e+00 1.767265183390478445e+00
1 1.311268259915444112e+01 -2.617785798552831622e+01 -1.542776215138814022e+00 -9.813057198870225761e+00 4.709220059471308062e+00 1.615242706442582943e+01 1.810445401897575834e+01 4.170685294777434216e+00 7.978571978289214606e+00 6.074733597802745022e-01 8.370650198141083465e+00 7.782909777096842951e+00 7.788050584586702740e+00
1 1.311953044431724713e+01 -2.668201192850027326e+01 2.376585137999360331e+00 -8.599524707294511572e+00 1.993750989271979135e+00 1.412683326860731370e+01 1.385436351335561334e+01 -1.007554334971515253e+01 -5.010408453429477049e+00 3.664626330518737429e+00 1.243081034407474128e+01 6.627209239341064873e+00 5.249248669123977251e+00
1 1.316662077848109114e+01 -3.147780271571461341e+01 -9.010114672998387420e+00 -1.635289431065023180e+01 -1.009797733296722289e+00 1.253743657938884404e+01 1.849486164387941045e+01 2.420588431728846746e-01 -1.782700690080277095e+00 5.219436953367371679e+00 1.683669059118759392e+01 1.100259992279019983e+01 1.520673405196575168e+01
1 1.311317163591385970e+01 -2.776105351781373543e+01 -1.519652881717450832e+00 -1.184947819699540439e+01 -3.676622489982023234e-01 7.602534587037260039e+00 1.000830968581074210e+01 -2.372336758305584881e-01 -6.584125078345646642e+00 -4.956602608764971940e+00 8.185089653946769905e-01 -1.301514245762306066e-01 7.046039274992233814e+00
1 1.297966397670395189e+01 -2.856989880949776861e+01 -4.165397698908235746e+00 -1.336420292505726160e+01 -2.765198759113261406e+00 2.045792566763267040e+00 7.222471211610408837e+00 1.902929384223539300e+00 1.021405803476275054e+01 2.088191385714050607e+00 -2.119364904090886625e+00 2.883336042288142220e+00 2.975020654224500127e+00
1 1.307098862668120809e+01 -2.881172292421819137e+01 -3.166700102092479874e+00 -1.455606309389971464e+01 1.448923106271211347e+00 1.375922517180025828e+01 1.583645122460149324e+01 -5.898671972742776326e+00 -1.055170945636605673e+01 -3.075551550881796548e+00 3.847715608884797689e+00 -2.302866428254934927e-01 5.546316625829260438e+00
1 1.319092721461564288e+01 -2.917588079177038196e+01 -4.571876047682294164e+00 -1.567145684021018504e+01 -1.050802260919680098e+00 5.576683448479227145e+00 9.690220799509285499e+00 -1.064882153060194803e+01 -1.469793250732889156e+01 -1.200060811691468565e+01 -9.505274819380774787e+00 -6.722824662008102692e+00 2.154749514113457831e+00
1 1.324508242372775335e+01 -2.771841091444530392e+01 1.133789435827347258e+00 -9.647675907295774067e+00 9.628229673171163627e-01 8.215688686789844652e+00 1.428425618573652578e+01 7.465791326832071917e+00 3.001336530692089610e+00 -2.415245019233910995e+00 6.296062137513889212e+00 1.139484616678829276e+00 1.144744409877271440e+00
1 1.309652817326079521e+01 -3.073911963398609970e+01 -6.161755874515313813e+00 -1.231028859039946965e+01 3.429790481859886775e+00 1.967109575457282844e+01 2.721608181651651392e+01 1.211626936812741384e+01 7.388425423027551453e+00 1.249638299444134226e+01 1.784703315923602318e+01 7.824503956693940054e+00 5.982235797652371012e+00
1 1.313248360074481447e+01 -2.831990551000596312e+01 -5.112769400821289167e+00 -1.743271442449025699e+01 -5.859767266400789154e+00 -1.120268609160062434e+00 4.181006472891880321e+00 -1.068242931171962695e+01 -1.080486555581181030e+01 -1.315688683511948120e+01 -5.588277661082273085e+00 -2.117116319960514748e+00 -1.019583622752137098e+00
1 1.309360146469987995e+01 -2.602756436430086140e+01 -6.434523209962447199e-01 -1.060141427911783119e+01 -1.162842600791212933e+00 7.807696107631337590e+00 1.771507741461695673e+01 5.355240492346941217e+00 4.297550773947794944e+00 -4.890423644471879605e+00 -2.288852647528232254e+00 7.914264764236933480e-01 1.133471920890958495e+00
1 1.306622758019427621e+01 -2.769991254936151037e+01 -2.312003134493248790e+00 -1.241198065175130871e+01 4.711952653686241277e+00 1.952942607241953965e+01 1.456512015142747352e+01 6.231814821244630487e+00 -1.186481240661207082e+00 -4.446217700472447909e+00 9.185099941569326631e+00 1.517554466271348801e+01 9.303631469883967497e+00
1 1.300922493875697050e+01 -2.450350304824740277e+01 1.564869077561794608e+00 -5.418878408482481923e+00 1.601631893319102051e+00 4.230034134336008833e+00 4.368170516899649414e+00 -6.910289857768994182e+00 -6.723294896253251274e+00 -5.034881196157882322e+00 4.834354921023282792e+00 1.222851120632368982e+01 6.728572031540397624e+00
1 1.311586360176580435e+01 -2.649625194291909125e+01 -3.366358650696166244e-01 -8.719747525063864302e+00 3.329529597509739869e+00 1.151225852578033226e+01 1.692258043543396795e+01 -2.802200663669204506e+00 -2.651314854534439824e+00 1.142298498320026834e+00 1.503580109044115076e+01 8.105703748527769648e+00 -3.021655527867955549e+00
1 1.310972110872061513e+01 -2.625757034842664694e+01 -2.602869625990265612e-01 -9.343021999606483163e+00 1.318006303926730238e+00 4.605489596340260228e+00 4.773560315052202796e+00 -9.435591591030936698e+00 -1.052808011786741638e+01 -1.090319163247279732e+01 1.513446946590577769e+00 1.206527601933523597e-01 3.277413251129364546e+00
1 1.321964983390956938e+01 -2.641319424138229977e+01 8.028685010639931008e-01 -1.276351723768141078e+01 9.575217071371072697e-01 9.543620155508408587e+00 1.362838495923573134e+01 9.035149827651229870e+00 1.903437709431284475e+01 8.900012291344863158e+00 9.324803700214514990e+00 1.486638853610235245e+01 7.549490991092098646e+00
1 1.314987169870221706e+01 -2.831044987393824997e+01 1.314383043708167609e+00 -6.597812921709503620e+00 3.805961158401960809e+00 9.105879187094769733e+00 5.311594596588980366e+00 -4.390650562986393446e+00 8.530399953638312383e+00 1.307303686357425754e+01 1.879386905778326167e+01 7.048041931300052632e+00 6.287624994977866422e+00
1 1.323463959057778361e+01 -2.677045808048138298e+01 2.315321530865437627e-01 -1.086852340307447840e+01 -4.345541850861003752e+00 2.756030586163682461e+00 6.947139492396812166e+00 1.953250911002532897e+00 -2.259386939680356310e+00 -1.217050631317707143e+01 -3.311709733191227079e-01 8.505794693549788121e+00 6.026997865996237103e+00
1 1.311106365635976090e+01 -2.668317603575199115e+01 -2.163942848741373659e+00 -1.015626100046147151e+01 1.990992811264388207e-01 8.469957739938379859e+00 1.575610953137019976e+01 1.337031287100017174e+00 -6.281091887579572930e-01 -3.917919726680952230e+00 1.133345782662105705e+01 1.308954704049126860e+01 7.677404547404126589e+00
1 1.318005315305693337e+01 -3.201558959975670859e+01 -6.995463835143226561e+00 -1.676695004623056562e+01 -8.549749895894634966e-01 1.711056311898411764e+01 2.772288830170608520e+01 1.582686192684794868e+01 1.728666538287390608e+01 1.777178563661285793e+01 2.299404289914740218e+01 1.632623534610616289e+01 1.752508842411891266e+01
1 1.315929688508205331e+01 -2.818467675063929079e+01 5.618017860423308862e-01 -8.079497989915365608e+00 3.533987002285853052e+00 1.166148623237974036e+01 1.688219322738919104e+01 5.014259485972196728e+00 3.696066709592062960e+00 9.982942159114568170e+00 1.318977101380863637e+01 7.938177578235663390e+00 1.314636414559570987e+01
1 1.316337646608430667e+01 -3.116766153470220146e+01 -6.209122223360694193e+00 -1.877612036350581093e+01 -9.807997269449627353e+00 -1.719264152711651672e+00 1.013451392277514707e+01 3.980720280016537771e+00 8.351628902121309039e+00 8.036181808473239485e+00 8.202541599811633333e+00 6.532030576378607734e+00 1.002177054138504353e+01
1 1.326269974022261522e+01 -2.766111362958298159e+01 9.360911865731952330e-01 -9.741064103035958155e+00 3.754076824770629983e+00 1.130838228199260698e+01 1.366889244148455695e+01 -7.284262960314525692e+00 -4.377756737853875091e-01 -5.121551436992205497e-01 -2.916218675080011202e-01 -1.253295505729840276e+00 4.227067955862735538e+00
1 1.314663482055005517e+01 -2.698093617439194958e+01 -3.729784304119353244e+00 -1.286445439579640926e+01 -4.608976940821760238e+00 8.626193996340072445e+00 1.323342534335654541e+01 3.861508636982191600e+00 5.960116659084676805e+00 -1.139671896673261076e+00 1.294104305242551689e+01 1.648100835575867507e+01 5.589026677196804016e+00
1 1.316992958534856228e+01 -2.900211469073472159e+01 -4.646066395058376486e+00 -1.633941607890952952e+01 -3.944366991818649026e+00 6.896143973739911281e+00 1.409210797985815944e+01 -4.513722978169405486e+00 -6.418684847268223415e+00 -4.340201310508346566e+00 6.215755715316855223e+00 6.212558772100120308e+00 -8.247634497838173262e-01
1 1.331831333149528618e+01 -3.410790558124002558e+01 -8.769527656098954793e+00 -2.035509191648809235e+01 -6.914534005793926852e+00 5.547230255930641896e+00 1.173689290476736602e+01 -2.941830440204896924e+00 4.341899013196684365e+00 1.023889946917353733e+01 2.089167479488108015e+01 2.130001852560909725e+01 2.305902678334375722e+01
1 1.302434728513525997e+01 -2.736453760877398267e+01 -2.297377279047843501e+00 -1.015434789656520742e+01 -4.706950828421871402e-01 2.925668546636623457e+00 8.789710317773673509e+00 -9.421354376935195951e-01 -2.909887276355047625e-01 5.205318378749531405e+00 7.463811347958586140e+00 -2.038291564534803479e-01 -4.149328295653148757e+00
1 1.312010433626074679e+01 -2.595827610318758616e+01 -1.279523204675392378e+00 -1.148050708796677100e+01 3.825284960323209749e+00 1.587703051290295875e+01 1.586322194811351238e+01 -6.723116916338486293e-01 6.970032110229949396e+00 1.322798208286294930e+01 1.869314157652794250e+01 1.222135919110584723e+01 9.079893322005689882e+00
1 1.321957280624639708e+01 -3.137382638801328127e+01 -4.744502810675152560e+00 -1.345773553919020671e+01 2.052992361398673360e+00 1.311786210745706249e+01 2.134342446870182286e+01 1.813468441090826389e+01 1.738138552175793805e+01 1.331567666139236294e+01 1.479098407521592229e+01 1.166773561772986945e+01 1.288027184653433466e+01
1 1.308686817349154374e+01 -2.762832304123903882e+01 -2.266026184926024367e+00 -1.635167666765743277e+01 -1.000768584526782856e+00 1.603366096550571740e+01 2.240124804695931715e+01 1.420820932764819666e+01 7.808052473165267848e+00 1.063601825700044579e+01 2.515138711447369602e+01 1.644280843709712769e+01 1.073734528171383573e+01
1 1.326390724420668654e+01 -2.748148310931080118e+01 2.375656387730994967e-01 -1.065556887732487468e+01 -4.836846423828112584e+00 2.827499354762728512e+00 1.308517422326686663e+01 7.531632724968861936e+00 6.502591499715621559e+00 1.807412797406048099e+00 1.697749054053084450e+01 1.473546996621157845e+01 1.334094729392886869e+01
1 1.326114884492014490e+01 -2.886554902661455557e+01 -2.422382169492394599e+00 -1.040624735644091992e+01 3.410717322360368620e+00 1.504762441546144558e+01 1.867167996663268781e+01 3.138057159404023189e+00 9.043471161317178542e+00 3.365219791089939516e+00 1.758974457080896769e+01 1.500541619110396141e+01 1.438643939301163854e+00
1 1.321600836895035691e+01 -2.673449394112720512e+01 -2.871908684526534472e+00 -1.026854074360764102e+01 7.357595819386899549e+00 1.777846586524063000e+01 1.188912143060791493e+01 -6.284025289689463278e+00 -1.314210383549989647e+00 -1.318981026922408373e-01 1.575389808145376058e+01 7.302601457419602760e+00 -4.679702507880763029e-01
1 1.299259563210298296e+01 -2.665428816689284020e+01 8.339968235647885475e-01 -9.885978090599152779e+00 1.497220106138229312e+00 8.832201294693474480e+00 1.044740645496257159e+01 -6.300591727171581446e+00 -6.622313549238018737e+00 2.132106311962262968e+00 1.287949387414691849e+01 5.476109042921873282e+00 -5.333600362729686850e+00
1 1.310297079724576008e+01 -2.775916062316912303e+01 -3.389901278198212964e+00 -1.304725671296136014e+01 4.120453697963605499e+00 8.127440751891253257e+00 5.478749552799329514e+00 -5.465173995687692354e+00 -2.648561627753520664e+00 -3.918920355033395531e+00 6.291111616941498674e+00 1.055130867412761297e+01 2.189770229693055015e+00
1 1.315034306671643627e+01 -3.013383787211209963e+01 -4.646970833111930155e+00 -1.220724437736377332e+01 2.416408617117817403e+00 4.298484659805002828e+00 9.632621679597888065e-01 -6.391038653976226058e+00 -3.230291656641040454e+00 3.878779267678533205e-01 1.046279510122630185e+01 1.075472092322848283e+01 1.112819059001254907e+01
1 1.324266743057120621e+01 -3.068859787949526208e+01 -1.170003181878571663e+00 -1.277019109899463523e+01 -4.367644971238554774e+00 8.273983014871442165e+00 1.324075974202247785e+01 -1.581203515393120096e+00 -5.243810637760756066e+00 -1.001124484399972125e+01 -7.245898625502086965e+00 -1.174382507724395452e+01 -8.801790789193846720e+00
1 1.315834023488280025e+01 -3.030571308664966068e+01 -6.251442461751262947e+00 -1.670371200494233932e+01 -1.120065543508242456e+01 -5.744993869093522498e+00 -8.750963461870711058e-01 -1.955621778732701443e+01 -1.598671610666950826e+01 -1.576009886451202568e+01 -5.120009657079382492e+00 -1.293588305661821991e+01 -1.361376905110954283e+01
1 1.312238714689878449e+01 -2.534042651764073284e+01 -1.476003037417771280e+00 -1.556624752180947979e+01 5.203200134898836593e-01 1.138200883282509857e+01 2.020945324793443731e+01 3.398183371838635392e+00 2.146547608528981965e-01 -7.888741191262259811e+00 -1.286244927051491960e+00 8.180689720466387982e+00 9.698851236961095523e+00
1 1.305875591950616155e+01 -2.377057682861397936e+01 -3.030079291987977097e-01 -1.402924875572568197e+01 -1.675793855755414397e+00 6.172802207163247346e+00 1.169552735637713603e+01 9.404380557238431138e+00 6.401700003024512142e+00 -2.025663048669993138e+00 3.749269597160991285e+00 8.943410305641283031e+00 1.030251877712754727e+01
1 1.620108587424461177e+01 -3.986159553955089052e+01 6.360243043273065666e+00 8.803013001787000080e-01 -1.295732487747091177e+01 1.522572437674653933e+01 2.762491550718862321e+00 -1.443337570581928908e+01 -4.944181469672686013e+00 1.492127031513595448e+01 -6.469462780678993497e+00 8.442287315130435843e+00 -1.297240638907330990e+01
1 1.423509781145009789e+01 -2.910887758130545677e+01 2.702030242255791581e+00 -6.717988675085029282e-02 -1.522088193224163666e+00 2.553358414470514148e+01 6.856906397724339186e+00 -8.973983618529540962e+00 4.182917556715026741e+00 -4.288281115692246459e+00 -9.589509815518543201e-01 1.745443400791484967e+00 -7.123054669568999131e+00
1 1.400794054072541428e+01 -2.937052895599500246e+01 2.735147118318878245e+00 -8.312493538188919118e+00 -3.396659352602009907e+00 1.524291624286251690e+01 1.043543981136953569e+01 2.818435412857117850e+00 7.695982349456334859e+00 9.095874091118961502e+00 4.495493567692017578e+00 1.292219003171947378e+01 -1.108343205381307595e+00
1 1.363076095509619279e+01 -3.201544976837104173e+01 -4.197432537609495640e+00 -8.628884124234705411e+00 -4.377301737387212732e+00 9.439939376267004079e+00 6.616151183350178044e+00 -3.972895859090747606e-01 2.260964635304270498e+00 -4.950829743732712562e-02 2.230035118257938098e+00 9.914505594428574042e+00 9.178739434163405875e+00
1 1.345244952136738270e+01 -3.082621911546198490e+01 -1.989318693933501914e+00 -9.569331203611273651e+00 -2.034096461607056039e+00 8.323098000328027268e+00 1.398630998306545692e+01 4.094920893515999194e-01 -5.729519654812029295e+00 -8.072840029868784129e-01 9.863090618043164781e+00 8.059188874494463306e+00 8.777690804944253244e+00
1 1.321760229412191556e+01 -2.796054234680428507e+01 -2.995348744215225456e-01 -9.513763724172639158e+00 -8.772139154715375975e-01 1.492816254417860655e+01 1.707786999690324592e+01 -6.098108268116314790e+00 4.956260147567425278e+00 4.792447647214471473e+00 5.167211496554935835e+00 -2.528780233132891797e-01 -4.082928439205999460e-01
1 1.309793069916444352e+01 -2.901747460198731332e+01 -1.244504220709388570e-01 -4.397961168199057802e+00 -2.633586379572820046e+00 7.935036365795992808e+00 8.108412277400560697e+00 -4.490266265280331126e+00 -2.780393951591026536e+00 -6.594385761676658575e+00 2.096553880290144001e+00 3.590416165720357267e+00 8.113923522600186899e+00
1 1.317643236927714945e+01 -2.924903665243980555e+01 -5.451248237320390544e+00 -1.360288659737154049e+01 -4.641934916243065423e+00 3.953746971372639862e+00 6.237994673750725916e+00 -8.230799535176691606e+00 -1.631089478816628002e+01 -7.828370403974235003e+00 2.453705489797165296e+00 5.032298508908034762e+00 3.577290036948989282e+00
1 1.325166634649422903e+01 -3.247935158246104237e+01 -7.109173472307078967e+00 -1.989207306073776849e+01 -6.233052058781224147e+00 4.408188929579548443e+00 8.612899903154998427e+00 -1.548675388392365182e+00 -2.171301750115506302e+00 -5.262944030143811069e+00 7.374091308396353739e+00 1.326196887659628665e+01 1.201432043100312441e+01
1 1.326922262878745329e+01 -3.037017338345438944e+01 -3.634432568952011167e+00 -1.216324601852667797e+01 2.558285728202534859e+00 1.551328464220128822e+01 2.250717043389402860e+01 1.007694998576822698e+01 1.140848709931928973e+01 4.494290052635173893e+00 -2.525519117944941438e+00 -3.238018743673345856e+00 3.713914649931495671e+00
1 1.617713195528347470e+01 -4.264284451412626709e+01 3.784542581435877961e-01 3.099501668061947601e+00 -2.555997532122534110e+01 1.508742496227344887e+01 1.690562757844099551e+01 -7.652049165219713345e+00 1.247694069256786165e+01 1.974015702816393514e+01 -4.715555799177141294e-01 1.277088726951790854e+01 1.047039594886103586e+01
