1 1.310872374118167905e+01 -2.473166178081108058e+01 -1.047518145619196428e+00 -1.021199409228089827e+01 -2.935243988960974715e+00 8.449073642266677453e+00 1.104382416680918411e+01 -3.092337845059100143e+00 -8.531926332931929480e+00 -2.347942637741629923e+00 1.735444744108075366e+00 -3.662316732201149200e-02 8.172903593852568704e+00
1 1.320760946934118607e+01 -2.689365173302057599e+01 3.275980241377601104e-02 -1.016038798655834441e+01 5.510786413760806468e+00 1.596478941751197489e+01 1.814630247908852212e+01 1.100420699021105975e+01 -2.068631260122361315e+00 -4.630429557903014803e+00 5.108861493812369758e+00 2.495353719884747967e+00 4.634523511103494364e+00
1 1.323008055013169937e+01 -2.648809020647563628e+01 5.841109940611761697e-01 -9.885794304591708936e+00 4.614361953890613322e+00 1.183181225373087386e+01 9.824716649570985894e+00 2.263121370573157320e-01 6.420291230242151315e+00 1.455880707682202235e+01 1.123862845979311054e+01 -8.623098221883742642e-01 -6.941514202754544449e+00
1 1.301339421336271229e+01 -2.850707178303614953e+01 -3.576730195809370016e+00 -1.398839389050614201e+01 -8.142900125260493782e-02 7.017573394579563306e+00 1.209804640525464059e+01 4.413458357029065304e-01 -8.114271093386475897e+00 -9.945010751474741895e+00 -5.963624622452928570e+00 -2.181936374523335775e+00 6.602023890168001730e-01
1 1.313365258829671944e+01 -2.772102819483457736e+01 -5.034932271687798000e+00 -1.741757883733063039e+01 -2.543139296416715656e+00 6.662436753037158432e+00 1.273992318853748351e+01 6.059971900534832479e+00 5.280715679020643094e+00 6.919811952338631222e+00 7.129229137187692800e+00 -1.348155573041747990e-01 4.830636728802396168e-02
1 1.320514139076365012e+01 -2.759514605878439397e+01 -3.618870524611253803e+00 -1.227075886763089052e+01 3.626005671640053052e+00 1.187800755626168403e+01 1.415283780774982780e+01 3.542811103430353992e+00 3.584885176983813260e+00 -1.360600500302719951e+00 6.516787755292159368e+00 -3.665978791234457135e-01 -5.963569373699657561e+00
1 1.298897023857454158e+01 -2.400243995327117830e+01 2.176231757698056324e+00 -1.115449875547996861e+01 2.212027973839404194e+00 1.160995771968703671e+01 1.499114897333646113e+01 -9.897421381436389831e-01 2.318359369172096507e+00 4.451192720514465684e+00 6.226443730093284223e+00 2.909685299529982228e+00 -4.574290083254622941e-01
1 1.312565634944225224e+01 -2.786608126062455781e+01 5.212666483136131346e-01 -8.512053553493803548e+00 -2.743536072202483744e-01 6.569197760071935122e+00 1.716732783144217933e+01 8.598217740019062916e+00 7.728206906488361838e+00 -3.396523860564415020e+00 -1.779704591527270674e+00 1.574100817917932549e+00 3.561203288509330545e+00
1 1.311832400633507945e+01 -2.505815725580883679e+01 4.572218236767545685e-01 -1.082194783445426545e+01 2.584080336905075104e+00 1.901591723321826777e+01 1.966597238554686911e+01 2.751422070630076266e+00 1.020408372950109666e+01 7.361078168871601157e+00 1.376316675337793782e+01 1.130068474993910321e+01 3.375051476271639483e+00
1 1.327827363169974184e+01 -2.712231819474241945e+01 1.236167926828702246e+00 -8.144774256007615065e+00 4.279981680530720034e+00 1.725599912528956992e+01 2.170232950213526735e+01 1.960393286354310538e+00 -5.883035775160549541e+00 -1.838480477129745827e+00 3.325813619014818645e+00 4.563713882906557551e+00 1.456942649141401525e+01
1 1.310209272904321764e+01 -2.845641415497797411e+01 -6.775970187193538941e+00 -1.304432747087181177e+01 -2.267192468986003739e-01 9.927962268254075795e+00 1.050747009564795853e+01 -5.952332210405498536e+00 -9.033249702247054813e+00 -1.816434340764824462e+00 6.906061958241503262e+00 -1.709134715473314969e+00 -3.223415514484506694e-01
1 1.312279782577812171e+01 -2.797705103811403404e+01 -2.515738338759731629e+00 -1.163554343412543624e+01 -2.811925668732380146e+00 2.463119767262392568e+00 6.034536002077591554e+00 -5.783680201559283418e+00 -8.501050187799908286e+00 -9.438759208288574953e+00 1.182461117611190327e+00 -9.284774115001637185e-01 7.589169026385361505e+00
1 1.305892060853632231e+01 -2.424288862226827135e+01 -6.965672911990203886e-01 -1.286487414305256038e+01 -2.593222688389943631e+00 7.814643083508719279e+00 1.252963093171103637e+01 4.691722857796298274e-01 -1.608413637537390750e+00 -1.351589504812031439e+00 9.287391985567806429e+00 4.631989806545460553e+00 4.968170644467477359e+00
1 1.312563938189522439e+01 -2.824043915400621785e+01 3.814058917541477967e-01 -5.859527648715797454e+00 9.783104030756395453e-01 1.209828486264669856e+01 1.593897020862710256e+01 -4.500551505339978053e-01 -7.987950841240477828e+00 -9.367883866354839384e+00 -1.035503362771123259e-01 2.148392641830768390e+00 -4.151806913293558665e+00
1 1.308613263319312914e+01 -2.583404939880751883e+01 -8.281915153392069295e-02 -6.750706872069660136e+00 8.478404714173441548e+00 1.581716458932948655e+01 1.472435612429718432e+01 -3.183359147332241790e+00 -5.285700426324834389e+00 -7.572037581371134252e+00 3.305661705306380149e+00 4.576790869778873949e-01 -6.449472062926359106e-01
1 1.322660614887696440e+01 -2.629185109334542858e+01 2.212765117543801008e+00 -7.222047647520369651e+00 -8.289944925247360041e-01 7.406039019175058691e+00 1.496183167232715050e+01 3.798366157955373357e+00 -1.851130998088733159e+00 -3.205674271000331643e+00 1.098796444155369656e+01 6.041559380486217989e+00 1.090430686961916473e+00
1 1.309176692577671908e+01 -2.783690246622191822e+01 -5.996001089670500939e+00 -1.612429218408731657e+01 -2.031160645014781885e+00 5.661313016834140122e+00 9.291110482343597710e+00 -3.999929567021717869e+00 2.724183277433491757e+00 -4.215833712885905804e+00 3.677685130836834126e+00 1.179962231621433233e+01 1.401657054733044383e+01
1 1.315452734388934708e+01 -2.605911603878086069e+01 1.089869080191792072e-01 -7.757015627856465478e+00 1.146998080889478722e+01 2.097629198646880155e+01 2.034643954656800702e+01 4.467929569271697154e+00 3.761973071623136100e+00 -5.004745119408783971e+00 7.566286783020119699e+00 6.960724703872957164e+00 9.104973669981241358e+00
1 1.315895177220137846e+01 -2.315699279969665625e+01 3.168602373224254087e+00 -9.088603691557416653e+00 5.160633167378486874e+00 1.093208903839068924e+01 6.251723162746228191e+00 -6.413854316074949935e+00 -3.077831980108934662e+00 1.845274421529233599e+00 1.442248260977816265e+01 9.890103273517979687e+00 9.140186001327531784e+00
1 1.314380853792558312e+01 -2.798695952090664818e+01 -3.156142614287447579e+00 -1.401196883271572879e+01 3.489645081781573843e+00 1.223850256877115328e+01 1.281314916820281624e+01 -6.745403782901868261e+00 -1.472447248429939748e+01 -1.560408445144848244e+01 -5.669179147364481253e+00 1.149238069946636287e+01 1.193769735798896470e+01
1 1.311885449605586906e+01 -2.654127389478430032e+01 -3.085443674038807593e+00 -1.404740173573574857e+01 -4.380732443959829858e+00 1.012340954847120322e+01 1.674378606682862625e+01 1.142676807808854500e+00 -1.032828147573443545e+01 -9.334074430296634972e-01 9.487891927098823786e+00 7.638192477123738833e+00 -6.301946069696181540e-01
1 1.319259815902815980e+01 -2.780980913505097973e+01 -1.240004210385162287e+00 -1.177431830685293690e+01 4.636812156740039548e+00 1.911148750811323893e+01 1.781586211930322250e+01 1.481607180290367143e-01 -4.993581642897891193e+00 1.015935820734638506e+00 8.861061046936862695e+00 5.952514123134336366e+00 -5.233886613146432332e+00
1 1.295931468403384024e+01 -2.804331075240779825e+01 -1.440725075269080779e+00 -6.744107983885657909e+00 3.044188692717039402e+00 5.695475005893442244e+00 1.290277684195306129e+01 -2.505643221449371794e+00 -1.075720077397911423e+00 -2.245952548679515992e+00 8.149267890515078605e+00 4.964081884281173807e+00 5.671989363067419632e+00
1 1.319075832548632832e+01 -2.926849191286506624e+01 -2.948268650223823117e-01 -6.560000123256257254e+00 6.170873089257933763e+00 1.422115481097542578e+01 1.856493510894276255e+01 1.225760352450873469e+01 1.530684582279400807e+01 9.909692707920028099e+00 1.127309240936426349e+01 1.178755288723967176e+00 -1.082060456813431770e+00
1 1.316849718733450203e+01 -3.054631447961746460e+01 -3.668760935774555865e+00 -8.891921260668022242e+00 7.860496862410456309e+00 1.215707158869767746e+01 2.028236633244479492e+01 6.540406295121739433e+00 -1.497898126458200307e+00 -5.793297402889200143e+00 -4.756532992848091723e+00 -1.099171726396403415e+01 -4.416069152562621447e+00
1 1.309094300378045972e+01 -2.542507959689684327e+01 -4.061326441638968276e-01 -7.418553813169883604e+00 5.998630978886172471e+00 1.526804518156452417e+01 2.023474428143251203e+01 4.468918140563997277e+00 1.315361690238734838e+00 -1.753042497895695329e+00 5.508767225100691611e+00 3.990145356935737464e+00 5.014530334007700318e+00
1 1.315642851170345828e+01 -2.635686862329685809e+01 -6.016367078283537673e-01 -1.119415837710659467e+01 2.071008686399869791e+00 1.886781092263491999e+01 2.722018601494908197e+01 6.419193580261123522e+00 -8.689972944218886663e-01 -7.263031609286289658e+00 1.546840888886371168e+00 8.333795281308580272e+00 1.683180040613944328e+00
1 1.321685497598190118e+01 -2.651361758773379762e+01 9.945806928913203393e-01 -7.964483237783007930e+00 6.779313782003963063e+00 1.719796993757939418e+01 1.340023533430822589e+01 -7.746106818698120122e+00 -5.192552133286941540e+00 5.167624537726637435e+00 1.149433237804650609e+01 8.339052157317532021e+00 6.966590636583459784e+00
1 1.316289115786024588e+01 -2.620703398911273752e+01 1.921264891425122023e+00 -4.454062174836383114e+00 4.631569777453223402e+00 9.421071614575753372e+00 1.267201621907124931e+01 -2.246948165765248362e+00 -1.403384727559533696e+00 -6.780981275566292155e+00 1.059518591821244371e+01 1.351997344817883828e+01 5.334377203503626319e+00
1 1.313140453627902460e+01 -2.717801883288934306e+01 -1.352467356990515679e+00 -9.749951359724896349e+00 2.706850288390788783e+00 1.356866495420224439e+01 1.638850505607384989e+01 5.933625917969287400e+00 9.017898833829223193e+00 2.063062963865460286e+00 1.429631064953283648e+01 1.079830350616949275e+01 -1.566862463986244125e-01
1 1.324559140023467307e+01 -2.654291441092577131e+01 -1.250811464328672518e+00 -1.443900185353345833e+01 -5.723141604700006546e+00 5.957829869818954016e+00 2.022662388413890611e+01 8.052741292960025277e+00 2.394648203242090378e+00 1.678200117952377557e+00 1.036498960351195109e+01 1.078999449997471949e+01 7.879432170846348171e+00
1 1.327177939479704349e+01 -3.162771769163818192e+01 -3.932088824967877816e+00 -1.293206862808038871e+01 1.040472787855369896e+00 8.600009514491887330e+00 8.573857757208051211e+00 -3.332696977658885285e+00 -7.205636466949940200e+00 -1.254210433610284348e+01 -5.091583737832904077e+00 -4.698321473489690092e+00 7.524481362985537825e-01
1 1.315854272584373597e+01 -2.576228530393266780e+01 -2.150656026282875111e+00 -1.283500620071766107e+01 1.131304278442683220e+00 1.522511411905621870e+01 2.104164248424093486e+01 -6.393607144306305834e-01 -1.954245615443875650e+00 -2.920005258315980790e+00 9.260458507013193952e-01 5.011746511355518408e+00 4.455959189281437638e+00
1 1.317509203937001416e+01 -2.829292785951697198e+01 -7.314186747100035468e+00 -1.607739279744169281e+01 -4.017266000509341239e+00 2.641297446475209032e+00 1.116324184760615523e+01 -5.421207588716151271e+00 -3.197420304858185958e+00 -2.667361750074906279e+00 1.562075409508526924e+01 2.042198243702305049e+01 1.371433798888181954e+01
1 1.313501773924462412e+01 -2.647444915040215108e+01 1.855039598252318456e+00 -1.019194591739424105e+01 6.332390469455441817e+00 1.403885251237378284e+01 1.668615838041758792e+01 -2.274056236754524285e+00 2.680806588138105795e+00 -4.730538399736709643e+00 4.388601279588792536e+00 5.930868514621051801e+00 6.262826365043942189e+00
1 1.322534278901778393e+01 -2.948323180893878259e+01 -1.893517244561261359e-01 -1.064330673859341303e+01 -1.579882031339529203e+00 1.450989867407469269e+01 2.279360472081461708e+01 8.770078251503873545e+00 7.884988199408110354e+00 5.189347294033469282e+00 1.896868458031223881e+01 1.422224541652158436e+01 6.428656262032703239e+00
1 1.313293513780380728e+01 -2.543715302061289307e+01 2.670677906638463384e-01 -9.960835420484652758e+00 3.913611381687816859e+00 1.161681836707860604e+01 1.715033257331564442e+01 9.978488096503993487e-01 3.229753732348841222e+00 -2.764876456056920784e+00 8.350493877207906479e+00 7.968602765034869861e+00 -9.950860025865602143e-01
1 1.318842251802479204e+01 -2.755079222215659485e+01 -1.175359221563013978e+00 -9.432855173252082892e+00 1.677087436012187016e+00 1.123485263116142363e+01 1.964544405499754021e+01 7.271874565488650077e+00 7.814011682282865578e+00 1.038655710201944338e+01 1.441836284936705859e+01 8.191435112182325895e+00 3.393607824819018681e+00
1 1.310280294017751679e+01 -2.758919022308294089e+01 1.819919916460450704e+00 -8.762466400525596555e+00 -3.832945273493230776e+00 4.185173650686789593e+00 1.468597072675854420e+01 8.702708487408713722e+00 -1.047713804941541760e+00 -1.493392826707207188e+00 7.285665415945310031e+00 1.513777042999020850e+01 1.347154476478927343e+01
1 1.319195797706770890e+01 -2.734693638516353076e+01 -3.088777695023142478e+00 -9.629041514053183093e+00 4.366376749163166870e+00 1.713565957283039154e+01 2.536025368314354012e+01 1.191525020568931659e+01 3.838252007668768950e+00 7.788298667287445021e+00 1.153196628696874804e+01 5.589478806225429253e+00 6.303355499068679535e+00
1 1.315023914627573909e+01 -2.791436921614359079e+01 -1.077022841277907039e+00 -9.911084846848618568e+00 3.162820299231854371e+00 1.412077146723358290e+01 1.026185877286057035e+01 -8.937420246737056928e+00 -7.263282101075711594e+00 4.094290391581041355e+00 1.092501718826237145e+01 9.275567651127747837e+00 1.326181331619070036e+01
1 1.321746199531148314e+01 -2.478418300107296801e+01 3.242036279934606302e+00 -1.131517061551884584e+00 1.217832679843481181e+01 1.708406768497401274e+01 1.967220792934906370e+01 -6.986097126931983814e-02 -1.916086861637290806e+00 1.450078565115740847e+00 1.405246744653544333e+01 1.620973658592760813e+01 4.730625468600224259e+00
1 1.336214302751082172e+01 -2.704175149590657057e+01 -1.796173974630599135e+00 -1.014838708106690746e+01 4.651433798751743787e+00 1.902237364896276617e+01 2.054328414096373479e+01 4.046759426098919477e+00 1.098834599699512182e+01 8.693502399714999385e+00 1.038445463166746130e+01 2.067830331594192828e+00 3.857526133849343286e-01
1 1.328710569333081004e+01 -2.640175692771536831e+01 5.597011235412245878e-01 -4.467656236320995511e+00 1.028434469403157969e+01 1.612266147453335563e+01 1.153647526020105829e+01 -2.461930188096823624e+00 -5.538989552798414095e+00 -2.841284816333585095e+00 8.807406349789783206e+00 9.005069431958851567e+00 5.552854249886648219e+00
1 1.319022633027673130e+01 -2.386386942905861730e+01 1.674269511820982714e+00 -6.405659094051564750e+00 1.352038180770252929e+01 2.023849707375586959e+01 1.792146323783570239e+01 2.401915189386210070e+00 1.851751474735811032e+00 -7.709303549328433647e+00 -6.303187563072992106e+00 2.272593744580905017e+00 7.107932670808893683e+00
1 1.306704344190935885e+01 -2.244394595514352275e+01 3.052599007664636321e+00 -1.036203234290777608e+01 4.140838283182507240e+00 1.534861477258718843e+01 2.296947741473856297e+01 1.219396646613298607e+01 3.640783641090485911e+00 3.532202258849711285e+00 4.961402428699558165e+00 4.904682398374683450e-01 4.380679826532660748e+00
1 1.326573796069689060e+01 -2.358946368423189455e+01 1.629195154185524741e+00 -8.819397020992566283e+00 4.065202273331729899e+00 1.346272176103635587e+01 1.866423395232236260e+01 2.348827305580484470e+00 -5.819696574851068727e-01 -6.130289900188674590e-01 1.384298826552794814e+01 1.155792423066954910e+01 1.168249413290516081e+01
1 1.629572554947261764e+01 -4.045905753098229241e+01 7.605901027735257003e+00 2.199642505638600198e+00 -1.363855922661313080e+01 4.460893712503844455e+01 -3.216914919613094170e-01 7.138415341638436828e+00 7.446543673813841302e+00 -1.053230737747524515e+01 7.259365104545313363e-01 -6.717126829426743884e-01 1.130039131140098574e+00
1 1.633860068914973951e+01 -4.501659791651061227e+01 7.457940003310400634e+00 -1.663032804232449280e+01 -2.029931988214861605e+01 2.313685982775824002e+01 -4.733808319391149766e+00 5.628159550067715067e+00 -1.641512437704007343e+00 3.621750656815491798e+00 3.217918557838992388e+00 1.667791066957525459e+01 5.569555757235024274e+00
1 1.421020146485437152e+01 -3.100230197034424862e+01 4.259548696872916373e+00 -1.158438433760388975e+01 -5.241244059519213572e+00 2.605259099470435658e+01 6.208525528566330998e+00 8.950436291559846325e+00 -4.245293626805686671e+00 5.255977333947058128e+00 1.779580713130980385e+01 1.364868000026151762e+01 3.450379241962983734e+00
1 1.388599601081587842e+01 -2.945407333807650829e+01 5.598457689218490074e+00 -9.363399767156458608e+00 5.886235536998875695e+00 2.478538815991468169e+01 7.835200077437864508e+00 5.121529253299431872e+00 -1.258263010225469536e+01 -6.232739704117944868e+00 8.515012079118577049e+00 1.030260714452709081e+01 1.321462072656671083e+01
1 1.358242159262522186e+01 -2.706385520424741031e+01 4.961075168176759753e+00 -7.367753009108350071e+00 7.195967721302956477e+00 2.416524906456723443e+01 1.297033165837576618e+01 1.563841118153988630e+00 -7.239850898160369752e+00 -6.312343458152110287e+00 -2.240406978793835435e+00 9.252474233900061407e+00 1.090357767844225023e+01
1 1.332773644465990870e+01 -2.451222276049360715e+01 4.083132416918743957e+00 -6.426777612976176890e+00 5.217673726624911801e+00 1.509485149287204031e+01 1.494970062297623947e+01 3.682484958397033381e+00 4.686288214656714857e+00 -1.413409831362634872e+00 -1.294782947434478304e+00 -6.862717387925904688e+00 2.593498579829775608e+00
1 1.348507042152399293e+01 -2.952564358201430395e+01 -4.326833653647494060e+00 -5.719454321937439190e+00 3.709974121268853953e+00 1.519847700107231958e+01 1.344615333593825568e+01 -6.038673419843778589e+00 -4.800072209846502069e+00 -6.094366569370678555e+00 7.349982867722753888e+00 5.048349034841307592e+00 9.719686052113621244e+00
1 1.343046886482470903e+01 -2.932656771728193945e+01 -2.615850863704198392e+00 -7.511536086651020128e+00 -3.603291424076367377e+00 7.942734265358025070e+00 5.800303866741448822e+00 -1.047119193409115923e+01 -6.043074536586223289e+00 3.493317942277843091e+00 9.561366095783668584e+00 4.053286500148626459e+00 5.822651303424331459e+00
1 1.331367170258956811e+01 -2.842166465036398648e+01 -3.084301881378995080e+00 -1.167419734480340132e+01 3.652368409098859736e+00 1.736905922980798778e+01 1.490202774143518027e+01 -1.333762172202420437e+00 -3.715284874943947546e+00 -2.876986305327367432e+00 9.845181636542903902e+00 1.266875159493738323e+01 6.516316650994250281e+00
1 1.313120082952923262e+01 -2.117845558487767832e+01 6.339618845898689514e+00 -3.120328218323409786e+00 9.515654535453046847e+00 2.004852299243918168e+01 1.448201763040102108e+01 -1.683607539190387969e+00 -6.691883416937663420e-02 -1.140375378212127311e+00 6.178135481978301868e+00 1.621897055576380309e+00 4.749956075521666876e-01
1 1.310739018205926598e+01 -2.432724739189153240e+01 -2.415521303158486566e-01 -9.279573011524474779e+00 6.935169534790367685e+00 1.699474573576284797e+01 2.406973780133904128e+01 1.400741652575490548e+01 7.000349369265393307e+00 -2.299816060052092936e+00 1.366076840334233822e+00 2.072826269697794488e-01 -4.010104946603753717e+00
1 1.320536762796427155e+01 -2.437076315694589823e+01 3.288217080438803119e+00 -7.153387271533546254e+00 1.036228687905056178e+00 1.376176406480926673e+01 1.706063181304314469e+01 6.260472878457581380e+00 6.380608213648902627e+00 2.762255686217283568e+00 1.104812516399513100e+01 4.481883232764908520e+00 -3.971876783232778152e+00
1 1.325994173467558923e+01 -2.898261765221355191e+01 1.410126052861410795e+00 -8.613503490405436835e+00 3.334829772633916445e+00 1.396778736785025998e+01 1.917467835792398390e+01 4.160613503430836246e+00 -8.620373960339815511e+00 -1.609625099525016978e+00 -1.194467582384825199e+00 -1.601319590935310844e+00 7.616474346631184389e+00
1 1.319850302510178430e+01 -2.705097928243582572e+01 -6.961076156754560929e-01 -9.893288349373422719e+00 1.072531937689201520e+00 9.875003343106845577e+00 1.638053934651959409e+01 -1.819716737066826018e-01 1.792225898552498808e+00 2.467123468165041689e-01 1.340883060020218309e+01 8.978490057041813799e+00 1.029693733466042183e+01
1 1.313073352009963557e+01 -2.769475116236773360e+01 -4.456270749282526644e+00 -1.556338391599100213e+01 3.496265427725507302e-01 8.568970536223231349e+00 1.494734886658607920e+01 -3.839465202089374252e+00 -1.049423278139836668e+01 -7.241815932429539693e+00 5.553385160769671813e+00 5.522130967684413250e+00 4.735067770081088590e+00
1 1.317227133053783206e+01 -2.515989762025202481e+01 2.493911104113707977e-01 -6.485764727375001648e+00 9.704453132222608858e+00 1.936082092787670561e+01 2.019068856614184071e+01 -4.118991022253026379e+00 -6.366445223060106962e+00 1.074056433343768546e+00 1.038659893794933176e+01 9.633226984635284040e+00 7.288833933446769109e+00
1 1.288231267435259397e+01 -2.708189985267848243e+01 -5.104383301978429266e+00 -1.137421482531857997e+01 4.023858940336109136e+00 1.774800619458028450e+01 2.059612847001722713e+01 5.526001020202516933e+00 4.554222753998196538e+00 4.429789311037911403e+00 1.574157594356932499e+01 9.449978913386489765e+00 7.246111965995106097e+00
1 1.316016111113324172e+01 -2.639942234942186161e+01 3.868783371377942371e-01 -1.138879186761715090e+01 -1.233746930723156776e+00 1.316925292903694178e+01 1.117714363035955216e+01 -7.706179147783703165e+00 6.049861415461564862e-01 -3.506064414605513324e+00 9.647889867283673260e-01 1.290458632751443568e+00 3.648962789786020622e+00
1 1.324648739249603047e+01 -2.758769962217180804e+01 -2.365916789675484466e+00 -1.302946984337106606e+01 1.303630534060122415e+00 1.465549675002747243e+01 1.670431313778319193e+01 4.121957986092915083e-01 7.377616455822589181e+00 -3.218035840470804043e+00 -1.702825884416971247e+00 -2.084412676981987289e+00 -3.334661020782702101e-01
1 1.326113010630371924e+01 -2.639524759854333880e+01 -4.078420814758104918e+00 -1.250189812074104623e+01 1.446722921808162754e+00 1.293399928586666192e+01 1.638388495244247522e+01 7.177275152180104256e-02 1.233885463784431868e+00 3.183040352720815758e+00 1.121375015907186246e+01 1.712534980964639431e+01 1.318700243543283079e+01
1 1.310941694310668915e+01 -2.327323117090178073e+01 2.279825692155715178e+00 -7.978892870235053891e+00 4.851309481514484823e+00 1.564303756030573567e+01 1.748638367454938702e+01 1.324119077080231577e+00 3.656049687099819590e+00 -1.724066121212980640e+00 1.285975090752439487e-01 -3.898324815272600219e+00 -5.615990327223729928e+00
1 1.324610143710124177e+01 -2.458740333321375360e+01 9.907171273683518242e-01 -5.710914791581020999e+00 1.142736672005584353e+01 1.634410738787892114e+01 1.902405088980968628e+01 -1.132909240430154618e+00 -2.892736644785381728e+00 -1.739088306972258691e+00 3.631029800117556938e+00 1.572426457633450125e+00 -6.070595732845462500e+00
1 1.296994555744919353e+01 -2.887234151068525989e+01 -6.533474592601827169e+00 -1.409015742691307160e+01 -5.916082900426113955e-01 8.262231857728989937e+00 1.389249994461240156e+01 7.238094512749011500e+00 -6.030010090359821717e+00 -2.820976954215583254e-01 6.729005208274712935e+00 4.814587543501097855e+00 3.808397902973068128e+00
1 1.294836837853823930e+01 -2.533176791155899465e+01 -2.340389166896288398e+00 -1.411306284187920035e+01 -7.205009795539638162e+00 7.417043797789040660e+00 2.132657482985220554e+01 5.363621072162101378e+00 -9.382627721241984631e+00 -3.880496421111739647e+00 1.176562546714731461e+01 9.103999273147312721e+00 2.730617059733748242e+00
1 1.314518100162603886e+01 -2.443225701024474716e+01 2.830068153134670528e+00 -8.641127568203961218e+00 4.863758105170489010e+00 1.931147458326498878e+01 1.763771477913919838e+01 2.388221720123560932e+00 1.405822437927768398e-01 -8.102673416170370402e+00 1.075357187671239112e+00 1.051274414915300781e+01 1.285936242479952440e+01
1 1.320218536259773501e+01 -2.896045843918015805e+01 1.733024053204254900e+00 -8.125432838409592406e+00 3.094929662848574292e+00 1.250752086007172004e+01 8.526153299724079204e+00 8.870768838746245777e-01 6.430483755134506652e+00 1.701450451406763165e+01 1.804422730115627616e+01 1.368047581589941331e+01 1.482428472528019903e+01
1 1.324795786366753525e+01 -3.323820387105320151e+01 -1.040683753785806687e+01 -2.503967775806946250e+01 -1.109176288408991518e+01 -2.005889376612714159e+00 4.078725596823317368e+00 -2.113095100127311810e+01 -1.876565055243186819e+01 -1.357015313488534325e+01 -8.188962884215126303e-01 3.691872869889769149e+00 3.702055213192067651e+00
1 1.308253561130922016e+01 -2.706787588393759236e+01 -2.224592768248934149e+00 -1.337632345130587375e+01 -4.736805244967368544e+00 7.413956036303070540e+00 1.622433051290230921e+01 4.252479284388882341e+00 5.742896441858059475e+00 3.162653840333380373e+00 7.490393249427076405e+00 6.639867272247959029e-01 -2.392711812470300625e+00
1 1.321695324679091854e+01 -2.881987236023222110e+01 -4.540970780908992310e+00 -1.315077229886375143e+01 -4.657949808474665110e-02 9.064461299082715584e+00 9.674956311767145323e+00 -4.687346899847508297e+00 -3.412611692034249522e+00 -2.118417723138700470e+00 1.185514753596280357e+01 6.785123478641261308e+00 7.684695709520885210e+00
1 1.315830236068520875e+01 -2.824729791015878178e+01 -6.490556526531866544e-01 -9.342162554991583434e+00 2.597215998776646106e+00 8.198239622760919332e+00 7.514557632676241994e+00 5.985180427474691145e-01 4.127834639405046246e+00 5.331280381847393279e+00 1.579516429767122787e+01 1.091164556887884984e+01 1.047481715571393224e+01
1 1.309352501014634917e+01 -2.718999628251690837e+01 -2.576981132099291472e+00 -1.290448083404873891e+01 3.650345064165861353e-01 1.612238174130672874e+01 1.671912578940173333e+01 6.992398856247390881e+00 4.501088285335272055e+00 -7.394942672026534325e-01 8.816317030741330996e+00 1.307540521418141921e+01 1.279392627938667815e+01
1 1.319541805107330923e+01 -2.735714055861345884e+01 -3.269049026888131149e+00 -1.618428940625592105e+01 4.361579570425529795e+00 1.732450302774267570e+01 2.160552063541071632e+01 1.507669892920479482e+00 -1.777032405502167345e+00 -5.517718291468906244e+00 -5.181739564380626051e-02 3.922417551852297457e-01 9.372313989699997405e-01
1 1.320784541355805608e+01 -2.262195431900417475e+01 8.431784942192126486e-01 -1.174503387650408115e+01 4.935578985567799393e+00 1.721833836469030388e+01 1.549865372898175586e+01 -2.239915550974480585e+00 -6.741801609171267806e+00 -4.766466522083953272e+00 1.315774436754896470e+01 1.533152905658048937e+01 8.353910884807120851e+00
1 1.305614710296963743e+01 -2.569120123717451420e+01 -1.212613709981966492e+00 -1.202705189933579355e+01 1.202316719335909667e+00 9.979125387955804172e+00 1.189712902168106901e+01 1.391284925198709388e+00 -4.294469971308870093e+00 -7.115203122972983962e+00 5.214132951213009015e+00 2.403395488307237038e+00 -5.572167781566832012e+00
1 1.322032598420529403e+01 -2.630475900033360404e+01 2.338878660517643926e+00 -9.928381059294475008e+00 -2.325664469898660602e+00 4.875196192634970949e+00 1.491622119881583153e+01 1.007779978576798641e+01 3.676725230322752669e+00 -6.745719805851524420e-02 -3.624212619867089202e+00 1.475314802550276028e+00 6.549499666514896568e+00
1 1.313262262547152481e+01 -2.867447933234567614e+01 -5.410374419545733726e-01 -7.498860775193004535e+00 2.372358785325326291e+00 1.077077724983197982e+01 1.316131100079975802e+01 4.191032164692247264e+00 4.201555999501879413e+00 -5.566893324025785184e+00 2.431423927043426136e+00 4.815946317930682952e+00 8.206988735631723930e-01
1 1.328160097868967071e+01 -2.892171999278009409e+01 -4.471623999474172884e+00 -8.816283852951578126e+00 5.754158745080146353e+00 2.059328417860839266e+01 2.655488240745509287e+01 4.275552103145724203e+00 -1.062053427063677224e+00 -7.842084354385371547e+00 4.152109556207732588e+00 6.239776498491177215e+00 7.234632200666498925e+00
1 1.314358401477179505e+01 -2.895897006980781541e+01 -2.241691633482765234e+00 -1.394939425084621121e+01 -4.002045759530327373e+00 1.221051444495473426e+01 1.874049376376721554e+01 5.580239345317219879e+00 8.991813332092117861e+00 5.535343615748050006e+00 9.759733396972103847e+00 9.963914536510033670e+00 2.133938184044880337e+00
1 1.322124526204626704e+01 -2.626931811937301120e+01 -1.118560231558581419e+00 -1.924827979046200710e+01 -5.647915073731081037e+00 1.255364003860690580e+01 1.999402562673064310e+01 6.368353994416536601e+00 4.109435424316729701e-01 3.947250372347970160e+00 8.559419178517911675e+00 -5.207681002645569990e+00 -2.114377291811875836e-01
1 1.316260652144771726e+01 -2.893153077712844023e+01 -3.878032516625691262e+00 -1.584685363551934678e+01 -8.093488142149766418e+00 3.537742828403544593e+00 1.321491954022245174e+01 -8.989176694825221858e+00 -1.625097493970586626e+01 -1.251772391438390208e+01 -5.988601784229833136e+00 -1.143626279970865944e+01 -7.790197989443927717e+00
1 1.322566081954095019e+01 -2.639665892681592041e+01 -4.314540701622132102e-01 -5.125516026764435296e+00 4.643265216356976310e+00 1.286598892521491955e+01 2.168501108710668390e+01 1.801195511205210931e+00 -3.908441784053300783e+00 3.824622654004955269e+00 8.630583193744461923e+00 -1.024308595486647544e+00 -8.944901668614895218e-01
1 1.309940887556476952e+01 -2.496430281870102874e+01 3.669013857596222228e-01 -5.971496037874297613e+00 5.508327474469922436e+00 1.368055655226853595e+01 2.240661345896256762e+01 4.698917634289769829e+00 -1.864086261168480529e+00 -1.022707370423799444e+00 2.294126329402747189e+00 5.206952069980973263e+00 6.032023478503871772e+00
1 1.323679196848773643e+01 -2.838119690554748686e+01 -6.053416922854515825e+00 -1.440518634013820076e+01 -2.566657834509521230e+00 1.171394175337190369e+01 1.724575874228194650e+01 -2.423068071834717951e+00 -1.093626002922732177e+01 -6.813409166411538820e+00 -1.845600846844547005e-01 -7.538581532575567401e+00 -3.333313863987495407e-01
1 1.326951065561420684e+01 -2.559689837653824540e+01 -1.183638531586575171e+00 -6.632702971762038935e+00 3.364979527631742684e+00 2.177777414801650124e+01 2.411098847372426590e+01 2.773386904153549715e+00 -5.136123136388497379e+00 -1.278626956084265132e+01 4.381804256076042847e+00 1.140551536068645611e+01 5.525219657270353579e+00
1 1.325935629176680486e+01 -2.871317041009590199e+01 -3.153551414403292341e+00 -4.755412415886820732e+00 -4.204366894936561572e+00 9.204796403682832917e+00 1.291709729979178078e+01 -2.775298977181971161e+00 -8.271818687495766653e+00 -1.676939128635520504e+01 4.399356044841893798e+00 1.100824609384364905e+01 7.191110970493258314e+00
1 1.310042593136184585e+01 -2.677019518642715568e+01 4.645743013138514121e-01 -1.099131110985585558e+01 2.683124756478071138e+00 1.717567554345090386e+01 1.935403471329015090e+01 1.397388927173024153e-01 -1.744751166317558777e+00 -5.287864591768258293e+00 -3.387218929993717431e+00 2.324754464517715391e+00 7.814781447468625686e+00
1 1.317851609727598117e+01 -2.672191961511812863e+01 3.754311088384508222e-01 -8.643355020135615518e+00 2.656043850966946618e+00 1.046599499634348973e+01 9.631999859618215254e+00 -2.736427459871737078e+00 1.760852771934025895e+00 -1.310248861740914150e-01 7.425514748077458371e+00 1.880119761181780369e+00 -3.149441543195974802e+00
1 1.315967447714583116e+01 -2.827130310859070050e+01 1.784233017015413036e-02 -1.215907892906214371e+01 -3.768569794738942491e+00 1.175049053923886788e+01 1.634423028054377269e+01 -3.295957063600811310e+00 -1.249576803306682393e+01 -1.790533197229412110e+01 -7.531396817418326783e+00 1.397157826803900438e+00 2.395962994526152023e+00
1 1.321201924173926834e+01 -2.498552077742575861e+01 -1.766301055115774732e+00 -1.486923070188015572e+01 -9.135232891539106781e-01 9.713328899346445056e+00 9.047641748638572068e+00 -8.297008601927059246e+00 -4.558832975658800635e+00 -7.860711937594764720e+00 -5.655181147306566736e+00 8.062428910888638001e+00 1.129235235764851986e+01
1 1.315646941701073303e+01 -2.578748055762489955e+01 2.467606295253510051e+00 -5.055929039487760512e+00 4.342877141434088983e+00 8.185142025458612025e+00 7.642392693716169028e+00 -2.424501965715294194e+00 1.465429326657786691e-01 -7.731483175040970934e+00 1.700976946158328396e+00 6.243469888333512685e+00 2.204169257166890361e+01
1 1.348186712901994611e+01 -2.753592775410862714e+01 -7.339931367865452916e-02 -7.337130758252657259e+00 6.807152503250317288e+00 1.036198037455428178e+01 1.219270824243897877e+01 2.918633631433760645e+00 4.649713939800816931e+00 -1.875795676922585309e-01 6.954949597010318563e+00 7.363679240666655801e+00 4.447636034479643286e+00
1 1.353784300278957886e+01 -2.714138970845727883e+01 -2.940223762981231559e+00 -1.209989702849721382e+01 8.033517470761676549e+00 8.927876615923675985e+00 9.361478174383448092e+00 4.736098522197645266e+00 9.376694285089810066e+00 -8.639356953645764836e-01 1.354086092538187280e+01 2.177606394122432221e+01 5.132660824650542963e+00
1 1.531431677640538958e+01 -2.035588168909402995e+01 -2.636949760908434470e+01 -9.443586432036591205e+00 1.423241701536380432e+01 1.486972822119266624e+01 -2.204184398515194587e+01 7.128068512312634830e+00 1.688977493092070148e+01 -2.889756172358251440e+00 3.823459176037659546e+01 9.243472813996120863e+00 4.412810641133811940e-01
1 1.445683224948865053e+01 -2.127109738943343231e+01 -4.506341855161049459e+00 -1.383135964325837408e+00 -9.499974373604309630e-01 1.509722983575686328e+01 -2.242190267149163674e+01 -6.436480970801826906e+00 1.519900856913055875e+01 -5.391044061704531210e+00 1.780125812094789950e+01 -3.706761081181207729e+00 -1.190301804589174850e+01
1 1.576691923261220474e+01 -2.361440542529136710e+00 -1.137390044170947512e+01 -3.940946991363304175e+00 3.812516344551690306e+00 5.828958581715381726e+00 -2.006447288432652343e+01 -1.335233370529469221e+00 1.288192876003394938e+00 -5.103033401955784365e-01 1.269859373368568711e+01 -4.505318695520962535e+00 -8.922306549424497968e-01
1 1.907546516271526826e+01 -2.010612428354392023e+00 -3.418897837751222113e+01 -1.293265909305087114e+01 1.424173355341172886e+01 4.928702767292464593e+00 -5.707462070542148780e+01 -8.925140714182136392e+00 -1.368595850700021721e+01 -1.717645427637884126e+01 1.189813096682876115e+01 -1.235644847030204474e+01 -2.232082657218862209e+01
1 1.961277466280832016e+01 5.487984592646157900e-01 -3.168893072783711773e+01 -2.672185552105068140e+00 2.197722239315539738e+01 2.019508022315186579e+01 -4.209659672276591635e+01 -1.225411446632344870e+01 7.341050228731972105e+00 -8.690021244993641147e+00 2.611644896344665412e+01 -7.310460157282594462e-01 -1.334737864575841826e+01
1 1.857701089226128488e+01 7.727017481188226400e-01 -2.953658431241921889e+01 -8.304075045826516899e+00 1.325291900866853723e-01 9.832458155841900194e+00 -3.015604962601114281e+01 -1.232653930539976450e+01 -2.816645618488640590e+00 -1.907097292771166153e+01 5.107024020713176071e+00 -3.832380275199516184e-01 1.577147761833966599e-01
1 1.712625397330603150e+01 -3.727227553716636610e+00 -1.989606220896943256e+01 -2.929391619939136326e+00 1.187083602895221190e+01 1.062113198479035425e+01 -3.872927439831045859e+01 -1.966800161248642453e+01 -2.750785265627169185e+00 -1.419299625046112290e+01 1.434170316130734868e+00 -1.950411502188352131e+01 -2.043387550215436121e+01
1 1.699019248160965745e+01 -4.368369390205792513e+00 -2.164035902786752885e+01 -5.627827263889842335e+00 1.164303561887065186e+01 7.407871765856293145e+00 -4.202826095731510492e+01 -3.256670456260692958e+01 -1.064179925520707926e+01 -2.089344820106916956e+01 -4.065850091169675551e+00 -1.212627704773493953e+01 -1.293159099342171459e+01
1 1.685413314955414776e+01 -5.310657229478437102e+00 -1.628890122042377087e+01 -5.803304539474068768e+00 1.323909289802387512e+01 3.981565129786973412e+00 -5.536251470529868612e+01 -3.233546347174670643e+01 -4.934356117140821674e+00 -1.028602246412310173e+01 3.489177725536428909e+00 -7.076616019610608710e+00 -1.943686726905120921e+01
1 1.660056549953651839e+01 -3.658698708703634228e+00 -1.472101119445298956e+01 -2.421441326536691641e+00 1.302715364630108752e+01 -2.487073963786920139e+00 -5.622573637781998457e+01 -1.964403968870464467e+01 -2.829730446733104365e+00 -7.117561348214957562e+00 5.331571042746066524e+00 -1.137356581678639955e+01 -8.209097021429984764e+00
1 1.640908648206048781e+01 -3.306504709909671824e+00 -1.339650373532298211e+01 -8.742321937110525409e-01 1.465885459536621482e+01 -2.808660312092505773e+00 -5.253950407449663373e+01 -3.392296998914858364e+01 -2.681318620088295912e+00 -9.135448137648671363e+00 2.099206628870855074e+00 -9.079048402674356311e+00 -8.072330535941805607e+00
1 1.627869908410550082e+01 -2.375613218593170206e+00 -8.929276570371063926e+00 6.438089994531851268e+00 2.485143478144897955e+01 2.770052196220189611e+00 -5.014318382479803660e+01 -2.804098469844576513e+01 -2.279677346116059322e+00 -1.556160983269038312e+01 -6.341948890557192797e+00 1.097134555353869834e+00 4.304811573794171231e+00
1 1.614253468106715061e+01 -3.352731406953317617e+00 -8.671886888137338545e+00 5.301723744140724115e+00 2.110244292289479162e+01 -5.275033868669597226e+00 -5.546142591953703516e+01 -2.126515676432255475e+01 4.206529594222363500e+00 -1.758775892621554249e+01 -8.402602043494768580e+00 -7.189748646784851260e+00 -4.430368451018379394e-01
1 1.564772446804350992e+01 -1.909716827653903382e+00 -6.130809882129081068e+00 3.248476717598443586e-01 1.811398429597962689e+01 -1.428738539757013815e+00 -4.055007799710759997e+01 -3.717461335940433376e+00 1.604708312607844789e+01 -1.994343008213625978e+01 -9.951189684072918595e+00 -1.682644294540222063e+01 -6.572705133582383397e+00
1 1.523597074959263153e+01 -5.300494039566565618e+00 -8.461772419003312784e-01 3.869749716459586875e+00 2.139597159805328630e+01 8.334754697231284482e+00 -4.841812627007423941e+01 -2.365192218731410279e+01 6.986575142412032591e+00 -1.992866585853268901e+01 -1.076880066079678144e+01 -1.472308869800383135e+01 5.709839982535978464e+00
1 1.471625026967254612e+01 -6.705303190499849464e+00 9.407907712880120288e-01 9.811479718378508963e+00 2.096591262285237534e+01 4.164733784927172167e+00 -4.122885826516827734e+01 -2.164564209261232719e+01 4.348505259637339471e+00 -1.722925929920137023e+01 -9.468021895415699163e+00 -7.504368875638082415e+00 3.779907810669332069e-02
1 1.440581518388637150e+01 -5.747134792300529149e+00 6.667098012582531652e+00 6.572615723258767417e+00 2.117193269232063457e+01 6.600163432296255017e+00 -3.851529279011723617e+01 -2.023703690493750784e+01 5.313613693976161123e+00 -1.752811289550386320e+01 -5.986007808933584418e-01 -3.010464140229836438e+00 -1.875038898757284800e+00
1 1.449586796588847015e+01 -1.457808503397524014e+01 7.449606523769270794e+00 -3.395198187287885805e+00 1.174763429373833823e+01 4.649880994623620367e+00 -3.702202591905518858e+01 -2.387895014315707698e+01 -1.169770900968037886e+01 -1.981832886777560887e+01 -2.890867445529427826e+01 -1.958668565253201521e+01 -2.113155777940888669e+01
1 1.390622531977812670e+01 -1.003353573268011090e+01 5.941834286285931910e+00 2.555243914815666262e+00 1.416334148998189413e+01 8.236427216337505186e+00 -2.574493371449182177e+01 -2.027045673976087414e+01 5.881180323666023391e+00 -1.605670954197109168e+01 -1.103474735481854196e+01 -7.266397383621724160e+00 -3.074678143325438207e+00
1 1.398729370130794614e+01 -1.156067320646035235e+01 3.929938061738206923e+00 4.879230271172767530e+00 2.224226535821900796e+01 1.559386861588117767e+01 -2.372076619784507656e+01 -1.704101920683872251e+01 1.609229407906058995e+01 -3.500965692940405827e+00 -7.270282756323421580e+00 2.414102384604941864e+00 1.785756752007591075e+01
1 1.397519541628259709e+01 -1.124220464004673126e+01 6.533907113323179416e+00 6.434775616940450860e+00 2.920310458977435886e+01 1.962157989249298851e+01 -1.942740972058015458e+01 -1.410879664667299593e+01 8.454712774329607328e+00 -1.429395649352753850e+01 -1.738494215352518779e+01 -6.376641796796834072e+00 1.212538778964767694e+01
1 1.367499040878779581e+01 -1.162168436399211480e+01 1.007118875726285268e+01 4.312893083465374922e+00 1.641483484299202900e+01 1.811734494318908872e+01 -5.173755063861139369e+00 -4.931184261460094476e+00 1.390657060568936210e+01 -1.399937309666756113e-01 -1.190956717823778988e+01 -1.571999952346635254e+01 -7.778693822910349276e+00
1 1.348034124108589715e+01 -1.492679766644666906e+01 8.603326223783522408e+00 3.056245275933093364e+00 2.238432810746814638e+01 1.896781943619314958e+01 -5.210496651346209873e+00 -2.035247820640650218e+01 -7.358698316620018609e+00 -6.104418859303948786e+00 -7.174757862151472487e+00 -7.234313534829826864e+00 2.436122477018708654e+00
1 1.385201305072226674e+01 -1.753799179911355566e+01 7.062672848463479980e+00 3.753833463365411127e+00 2.069122982157863611e+00 2.395787131010862936e+01 -2.307892539800128873e+00 -2.388978102698655448e+01 1.405753860117016885e+01 -6.275386954560638664e+00 -1.358093482064541568e+01 -4.808408895735286070e-01 -6.367320444496050946e+00
1 1.329933182249754786e+01 -1.744965746385250682e+01 6.621179977713913978e+00 -4.472541478750825306e+00 6.596567594330628559e+00 9.188707427059583210e+00 -8.470680969913210179e-01 -9.470960947230743443e+00 1.386873466771905594e+00 -4.230568200844102122e+00 -7.658962892774071385e+00 -9.025064580012454485e+00 -1.568009438542015310e+01
1 1.309344261533232334e+01 -1.998952344780657242e+01 9.036392442082842313e-01 -4.466209882824481170e+00 1.555739000036230379e+01 2.462514778088267775e+01 2.138509124481780077e+01 -3.933878667383576277e-01 -6.275779512930295123e-01 -4.486517612739564509e-01 -8.119455608130440316e-01 -7.491751443041740899e+00 -1.257541112643554371e+01
1 1.313486900401926505e+01 -2.283242027551219167e+01 4.538926521434761163e+00 -3.598818037382417678e+00 6.919025145074739314e+00 1.272694117391147905e+01 1.519098594295098792e+01 9.828949650443744801e+00 1.198359190058729240e+01 1.603856821174831193e+00 7.487543973368865124e+00 5.178457414385388091e+00 7.434431978962430243e+00
1 1.318243306683014460e+01 -2.267427802130259096e+01 2.837163095516538114e+00 -7.395263680399484230e+00 6.914000032589373568e+00 1.462015219032050695e+01 1.729452253535969319e+01 1.495490111712334924e+00 -1.824600857241237550e+00 -3.291018630398908074e-01 6.035261089055674155e+00 -1.514654818883662823e+00 -4.159402456709031526e+00
1 1.312495232448253901e+01 -2.495547584051775303e+01 1.598265177772117296e+00 -9.496877551272493889e+00 3.498675882056322628e+00 1.119261665869729327e+01 1.425326665413106042e+01 2.943110631433844215e+00 -1.352232976129446484e+01 -1.251302351053770678e+01 -3.285527171926814205e+00 2.148095581246467933e+00 2.225322011258405119e+00
1 1.306306075361569441e+01 -2.339808848940515063e+01 1.165108325778604792e+00 -9.952570446100933665e+00 6.960374540695757339e+00 1.359638844403791857e+01 1.176008317274789761e+01 7.920581712024632459e-01 6.367668953282478173e-01 1.778734423425773592e+00 4.268497290169380065e+00 5.868673601219390079e+00 1.166494796434452930e+01
1 1.314501683458663805e+01 -2.385898576419386785e+01 -3.882222307744253587e-01 -1.348857093034870402e+01 1.254638321303370052e+00 7.326615085009057005e+00 1.055179550122880094e+01 2.695534043817764847e+00 -6.125744385571820771e+00 6.795686523938621271e+00 9.680718684248068584e+00 9.655106162074595488e+00 1.110288623284241893e+01
1 1.312492764216271546e+01 -2.522663896899042513e+01 -2.081767693914018835e+00 -1.255361447200438363e+01 2.065464449413192849e+00 1.289417505527140762e+01 2.027917938655581764e+01 9.911972592036649488e+00 4.826280339476682002e+00 7.309253195039402407e+00 9.618959520707722533e+00 7.033151754820694990e+00 3.268525959211570520e+00
1 1.318864672683087491e+01 -2.912952629734893506e+01 -4.821309281992527396e+00 -1.314150634887488422e+01 -1.467879955098198241e+00 5.968440968393088575e+00 1.580359362559696557e+01 -6.408219570457225345e-01 -8.870248538567626184e+00 -1.079598886074128039e+01 -4.264747740083614680e+00 -1.200144329081512140e+01 -1.627023034940102875e+01
1 1.311145354553645603e+01 -2.880074079996473913e+01 -5.262102411135858304e+00 -1.590131545051765549e+01 -1.390195885675470366e+00 7.460023940587523938e+00 1.917383506320028275e+01 1.351801779351335142e+01 6.824285964882233380e+00 4.469756520424214230e+00 5.143993913493842385e+00 7.046850542865360723e+00 1.288565597405617247e+01
1 1.315439198295234391e+01 -2.633589944634671554e+01 -3.772724720710242785e+00 -1.287958684484427430e+01 3.558490310544278223e+00 1.084034198102264313e+01 1.485191908374898517e+01 2.812829943618296635e+00 -1.608659905314631100e+00 -9.911322004980279710e-01 8.415955110804715034e+00 1.810800979232689345e+00 2.300888183968887724e+00
1 1.309133634772791233e+01 -2.940083161828631475e+01 -7.682117124329670865e+00 -1.741024476642616037e+01 -5.283352584845977695e+00 3.926759760324101123e+00 6.604861409746242806e+00 -1.079087165126190762e+01 -1.053676481305682167e+01 -8.224389920922936525e+00 1.498224097820947565e+00 -3.529833919427800115e+00 -5.624168875267088197e+00
1 1.315466002960591574e+01 -2.519429073691547671e+01 4.218736523930073368e+00 -5.740329410310134328e+00 1.065055421160234594e+01 1.284446505902771207e+01 1.802830219488836150e+01 8.163564603463916214e+00 2.973952271887343901e+00 3.187447817563037411e+00 -2.364369377299216701e+00 -2.543519983837022824e+00 -1.644780597915958875e+00
1 1.326328812889642172e+01 -2.848754333016555051e+01 2.188765434058105530e+00 -7.359128105338234249e+00 9.873320242519361134e-01 2.489654760987295212e+00 1.035547706967630255e+01 3.624629760608657492e+00 6.064251776893706314e+00 -3.662754812554723238e-01 -1.888810310045438756e+00 4.594468452906758316e+00 1.046655875850881579e+01
1 1.311382398277304162e+01 -2.922686329912969327e+01 -2.629093431667288705e+00 -1.169615838170127553e+01 4.273389502266534024e+00 1.871291103905240405e+01 2.144377779182930155e+01 4.765630062750009444e+00 -3.808386890715189516e-02 -2.825014385878101830e+00 -3.678538309586433797e-01 4.997897702272372733e+00 1.806821585751065273e-01
1 1.313155087562109280e+01 -2.657910302682203962e+01 6.351821624555324952e-01 -1.047291772493406548e+01 5.171148367239468691e+00 1.100703458007447111e+01 1.163385750659860030e+01 3.942767876049582121e+00 3.587142511640502907e+00 2.738972120706994140e+00 1.411004034175743449e+01 1.269386550727549157e+01 -2.481638241802897049e+00
1 1.320340005641731018e+01 -2.994399684189734856e+01 -1.418057772445924902e+00 -1.406601148384519817e+01 4.119003295973721279e+00 1.878703279860825504e+01 1.607400096442712467e+01 -4.848620828597026033e+00 -5.801225325673360800e+00 -4.945958892080679625e+00 2.522999527481893711e+00 2.053414844108560189e+01 1.734613516312941783e+01
1 1.322703956013153714e+01 -2.749086880908286190e+01 -5.358477899683207646e+00 -1.841937395639340025e+01 -7.710146579888879081e+00 1.138005847082680155e+01 1.163207722165214619e+01 -5.421398257382968211e+00 -3.474389490490064958e+00 -4.170242400484760914e+00 5.460270601886872299e+00 1.389046396526158134e+01 1.950113546301572143e+01
1 1.321617309377826999e+01 -2.853805838274672269e+01 -4.354742721142160100e+00 -1.739130152161481391e+01 -5.690231614736055654e+00 -1.580796061275509201e+00 8.231452120937490236e+00 -1.324983280348922543e-01 1.337618387512520490e+00 4.163518441009465221e+00 1.267529703238371042e+01 1.366202086056648923e+01 9.221490294909518326e+00
1 1.315711103427106110e+01 -2.557836882569633374e+01 -7.619079755646569474e-01 -1.138688115217130559e+01 -1.575040999304161637e+00 1.202556443289650012e+01 1.432747514718570336e+01 -3.413427018631302712e+00 -1.221598466092479018e+00 -1.865952177642660414e+00 6.703918201911029051e+00 6.370571341599205795e+00 7.847116445666094009e+00
1 1.314986337362206292e+01 -2.555996111681930216e+01 -1.002496234953377918e+00 -1.080925434489162384e+01 -6.006568610058915514e-01 8.151741801277186283e+00 1.393607579799971852e+01 4.082415800148344154e+00 3.071640809907317138e+00 4.473449112954138052e+00 1.159831897018515789e+01 9.093592805437599180e-01 8.049618912985236463e+00
1 1.324047249742276122e+01 -2.675397068037244708e+01 -1.983565628560807204e+00 -1.179698102260150172e+01 3.139563302592388805e+00 1.196571562567191904e+01 1.566582207571206808e+01 5.638605347270949864e+00 1.065355106198786261e+00 5.274338933940072138e+00 1.439769680859572887e+01 6.401506649539344451e+00 5.268621929918513302e+00
1 1.312512379260370921e+01 -2.721692682250908391e+01 -4.149872912191297836e+00 -1.766998306839720456e+01 -1.937857402512524474e-01 8.435215452448424855e+00 1.055329936926799128e+01 1.187307688871321876e-01 -7.194489298366860019e+00 -7.671819850970564847e-01 1.220295124395811648e+01 1.356798783578116030e+01 6.837556874468469381e+00
1 1.307311737451621347e+01 -2.475024781452110645e+01 1.872361091801224342e+00 -1.005800667230264978e+01 -4.202249864520803957e-01 1.137552160057962958e+01 1.637662087737312078e+01 -2.304511582830593763e+00 -1.096219160507427581e+01 -1.060814068425138501e+01 1.842062343373578326e+00 6.597227412822729953e+00 4.593228677310492003e+00
1 1.318020950144372350e+01 -2.763761175321260666e+01 -3.484071700546031547e+00 -1.201677795887704292e+01 8.021953376908182776e+00 1.857171753947728376e+01 2.425217350791665893e+01 9.455898873420848005e+00 1.190568274149032213e+00 -7.306584997802483272e+00 -6.711714610561240413e+00 6.553512766309302906e-01 -8.769349483860574779e+00
1 1.319139083511665866e+01 -2.647157736585255705e+01 -4.274116090409119550e+00 -1.427384418010753109e+01 -3.451063541119224476e-02 1.201201081379133306e+01 1.371238790859660028e+01 -7.705929169442327087e-01 -4.062247983120505168e+00 -4.947806057557954773e+00 7.028810845353212322e+00 2.171106022452252482e+00 5.490331958808637225e+00
1 1.299066338774296803e+01 -2.901517178912264683e+01 -2.159172242771814076e+00 -1.196619576955064623e+01 -2.141826729415228669e+00 9.468357211396273954e+00 9.584214740755090389e+00 -5.023343971945212871e+00 5.398508518626736752e-01 -5.014838005933159870e+00 5.374824211546719077e+00 7.222305827694691871e+00 4.629762467263969228e+00
1 1.304602932223250811e+01 -2.868019948835690158e+01 -5.749323323337006464e+00 -1.240227836770581504e+01 3.295914015187603741e-01 9.866558371512253345e+00 1.884876080450034053e+01 7.829233096114198709e+00 5.367965663453915681e+00 2.765087219241653682e-01 9.129147071272925018e+00 1.240407353233798915e+01 6.375114293556828571e+00
1 1.323907895164067661e+01 -2.919817247965817231e+01 -2.383733124357546806e+00 -1.024593710961462989e+01 -1.476625305055466741e+00 7.280685704824229276e+00 1.020954406647853396e+01 -4.377287941025598705e+00 -5.556600839878344189e+00 4.622757388030848347e+00 2.098796146341286928e+01 1.446803704384093336e+01 1.953064579312575333e+01
1 1.323385337785248339e+01 -3.002000638734665117e+01 -8.340732936085148097e+00 -2.300793129160344463e+01 -4.044262559663994949e+00 1.444142294887775790e+00 -8.402789570992426349e-02 -1.467006851917313348e+01 -1.335216448058078420e+01 -1.462191695321691398e+01 -2.740030191771417822e+00 -9.918052390439591193e+00 -2.761347063878213604e+00
1 1.312797707875443898e+01 -2.456324499467955036e+01 -4.120053559040863789e-01 -1.107178862888992832e+01 7.217495324975935489e+00 9.623557065505174535e+00 1.122793420997087566e+01 -2.946320883079581177e-01 3.193483868656437075e+00 -2.792268185789027468e-01 -5.069795399294647620e-01 -6.677300013164467529e+00 4.416580318124490034e+00
1 1.320700715583840790e+01 -3.001287309918986423e+01 -5.669245877022793145e+00 -1.683331245696250278e+01 -1.770467448581798664e-01 3.639128819616153976e+00 4.013196810540241799e+00 -9.188014441370535579e+00 -1.292107228575938294e+01 -1.213783666016866114e+01 2.841812754424043685e+00 1.379683093458084375e+00 -3.114777626035710512e+00
1 1.316176514673581366e+01 -2.443628846098486207e+01 -1.709169673945952483e-01 -1.088961740928050759e+01 4.404737971508349226e+00 1.394980407143396661e+01 2.225520158416847494e+01 -9.005924788576274986e-01 -5.609814577452856277e+00 -7.923273620844909493e-01 6.760691641195003321e+00 1.010501407663888784e+01 9.155799742468603952e+00
1 1.316465763268614708e+01 -2.697087464265900536e+01 -2.429445682577350940e+00 -1.174371559473776294e+01 5.191274937860871574e+00 1.477393395466580728e+01 1.752325900360226996e+01 3.794891373411681812e+00 -1.010975497253114774e+01 -3.376060956456676809e+00 -1.066689670338429208e+00 4.419959079186455142e+00 -2.379993594913724753e+00
1 1.302731528603104927e+01 -2.335985661668118496e+01 1.511564307707491117e-01 -9.945748429049210415e+00 4.239967298596078571e+00 9.405375047947824640e+00 1.330581299489935176e+01 4.126807008625832829e+00 -1.823894309402172231e+00 -4.108756378393970898e+00 3.017393952314601169e+00 8.472489032961711075e+00 1.446961660389620441e+01
1 1.303018401566967732e+01 -2.672065723562025497e+01 -2.775091873549363264e+00 -1.538779913262338184e+01 -1.456063684760906751e+00 8.549629796885891864e+00 1.460508799909288946e+01 1.075745100245457442e+00 2.374177977429896558e+00 8.273988846592230217e+00 1.566176975462091470e+01 9.059124497061887382e+00 1.791205786745548423e+01
1 1.322032396529052534e+01 -2.638788913305763373e+01 -1.767207491988973311e+00 -1.010323347649658210e+01 4.543434286278166034e+00 1.556192936496956136e+01 1.679123258575601341e+01 -4.521395404125703732e-01 3.057334482361412586e+00 -1.294833985152852973e+00 -2.084009064158443003e+00 -6.908549371916397064e+00 3.761186840018567068e+00
1 1.296681630997203705e+01 -2.688975592402202253e+01 -8.664519422288409212e-01 -1.115851884867820587e+01 2.671101160622488369e+00 1.038319413502937927e+01 1.336307318495355290e+01 3.670365482308659416e-02 -4.363539528029632741e+00 1.676323217450348624e+00 1.750785798188796250e+01 2.405698599664459181e+01 1.275045995760790341e+01
1 1.323548120573507347e+01 -2.884707263297636715e+01 -2.305611018607669926e+00 -1.114014499522166268e+01 7.207936257360040955e+00 1.443518723048235763e+01 2.002287429951111619e+01 4.975895793229072162e+00 -2.849172143525136480e+00 -2.915102457287573057e-02 1.111298993238002986e+01 4.265689099422698582e+00 3.788207000440100725e+00
1 1.301383836833752561e+01 -2.759206172177712091e+01 3.006836248934101619e-01 -5.809728628987094190e+00 3.317230583086112183e+00 1.511275661493336209e+01 2.320740292536175176e+01 2.348206135012768314e+00 -2.487268638741306326e+00 3.313893988384283062e+00 1.466866993214913428e+01 5.116494466774636152e+00 1.598424537866825368e+00
1 1.318141105457224072e+01 -3.138435426547943052e+01 -1.455822489830484567e+00 -8.677229501464468697e+00 5.187884372490881191e+00 1.511822531611772114e+01 1.200412704893188121e+01 -1.033694489529737659e+01 -1.487069776670813859e+01 -1.651002009023227046e+01 -6.501750276615924307e+00 -5.646027793797409045e-01 -2.641292488393499394e+00
1 1.317298203184226502e+01 -2.565673690689669328e+01 -7.216517402426629868e-01 -1.204366093190438214e+01 2.443635642289769372e+00 1.402229197845332642e+01 1.752129771033643735e+01 -7.883001969204413761e+00 -9.326102318241490607e+00 -4.745415960043296799e+00 -1.101466985352119066e+00 3.427385821671646848e+00 1.563322616342855742e+00
1 1.317901216693019428e+01 -2.674502272395175950e+01 -1.649877283843879328e+00 -1.359196586011695196e+01 -1.522184195656743011e+00 1.583811078968472508e+01 1.791222107334191094e+01 -6.039099694321854450e+00 -8.041999965301059206e+00 -4.725162709379088888e+00 2.437915795637788818e+00 2.023755658242249567e+00 -8.182533041160487963e-01
1 1.295419969877995570e+01 -2.847596780953950457e+01 -2.211187389598096242e+00 -1.102702155732336387e+01 -2.430398586545301942e+00 7.327890577449939435e+00 1.507465666755873634e+01 5.344286196769637343e+00 -2.272015477673002160e+00 -8.929171361731556900e+00 -1.243482644658219805e+01 -6.957433612385603539e+00 3.576200979372539557e+00
1 1.309193920611641282e+01 -2.742871533594509259e+01 -3.919853772428247840e+00 -1.300121457599642305e+01 9.914762124890952322e-01 8.539128327217092362e+00 1.932910927805479062e+01 8.819279464821590864e+00 2.385959133786473618e+00 -1.959404510912484909e+00 5.104873004465676267e+00 -4.156064096926987084e+00 -2.729322268264646301e+00
1 1.315209374896903505e+01 -2.949741452756396143e+01 -3.867786144722304531e+00 -1.522002264413235473e+01 6.654039512065329509e-01 1.450175140004200891e+01 1.876834973469989620e+01 1.381924925003786164e+01 1.316903977715725915e+01 7.724699667458860830e+00 1.600836593404324049e+01 1.357941462376497199e+01 7.117908167525470731e+00
1 1.321403311236744749e+01 -2.585493509470413187e+01 3.350930741732932594e-01 -1.258155466296190461e+01 1.220493244919518050e+00 1.457131396070214358e+01 1.468117300475550024e+01 5.038197791728562969e+00 -2.489175611825783285e+00 -7.178962268878753328e+00 1.521494864350508847e+00 6.970007318100658544e+00 8.785180114126214690e+00
1 1.322334180015362115e+01 -2.381927623685750461e+01 3.771348716863982098e+00 -7.350908939764411620e+00 9.497714011021257674e-01 1.695584279281044715e+01 2.064319854773848917e+01 -1.917056017463885320e+00 -6.404081971980041033e+00 -1.385266192884687086e+01 2.608800985100531378e+00 3.948980500710062458e+00 4.017300888464812481e+00
1 1.309745950441821449e+01 -2.603028542047772120e+01 -9.407222304235421939e-01 -8.023540335903584619e+00 2.514396270205743189e+00 1.419470075905818085e+01 2.224690907676647456e+01 6.941364001163065289e+00 1.260544455402561548e+00 -9.085524377639440097e-01 4.128746161849218055e+00 1.976118644595685536e+00 3.120844109390136012e+00
1 1.307374260962786572e+01 -2.731632967797845879e+01 -3.646076138224532137e+00 -2.143168503023199989e+01 -9.394578322561443429e+00 -1.045807225786866024e+00 7.394556093675989317e+00 -7.841818244458303999e-01 -5.566100399287314815e+00 -3.234605888789822359e+00 3.642436242555415760e+00 1.925777396772515804e+00 6.437120059520450965e+00
1 1.310001612836124707e+01 -2.609095470907604408e+01 -1.899078662405387252e+00 -1.375331015626000308e+01 6.344252061913305818e-01 1.113478403151053264e+01 1.633568556022066787e+01 3.048607794604195398e+00 -2.181951298966240849e+00 -6.629726360523207518e+00 3.977432521717423897e-01 -6.983028296393091194e-01 1.699804062110923164e+00
1 1.325180054962172704e+01 -2.804879223303409574e+01 -3.974581042185662660e+00 -1.558818897684718685e+01 -2.336293938554805383e+00 1.188869389409894417e+01 1.554507153603462832e+01 -2.724020865372980271e+00 1.766580348008251367e+00 -3.943795249348754250e+00 8.779979167500128412e+00 9.654157256192689829e+00 8.726983399396175400e+00
1 1.319171741656816366e+01 -2.746026536787060834e+01 -4.984064136611487505e+00 -1.926480782187076812e+01 -5.207836239552367630e+00 1.767725681134763027e+00 4.953720902968713702e+00 3.715014530730973430e-01 1.413764271970724407e+00 -2.825960498207557237e+00 5.758740062583782127e+00 4.827128424330558332e+00 -7.511436236008246503e+00
1 1.312076078528812673e+01 -2.725207822884413034e+01 -3.314890550733319952e+00 -1.128000909863435020e+01 5.307662531063293443e+00 1.974879189814109637e+01 2.701513958170721352e+01 1.066343091040490165e+01 2.940744646404667595e+00 -1.930789504196986361e-01 1.772695017984977284e+01 1.748372735797688904e+01 1.671565714467280372e+01
1 1.311668555932614488e+01 -2.481615234271319892e+01 -1.724259069577513070e+00 -1.655067381112091596e+01 -5.299800383477891730e-01 1.198030399203498675e+01 1.213954442231093189e+01 -2.718618576271208731e+00 -3.937728046850225372e+00 -4.419598480184255607e+00 1.207484521348054152e+01 1.129992459504316926e+01 6.384023022436874584e+00
1 1.320166644198698513e+01 -2.661082978285143241e+01 -1.330091911474010180e+00 -1.150496272013772092e+01 -3.842471070106863174e+00 -4.257212448281571526e-01 2.284407575652340316e+00 -2.906247250412416605e+00 8.428746923173546790e+00 3.689528218609815724e+00 1.165016140639958309e+01 2.815861205262520706e+00 -2.214674129090224763e+00
1 1.324655765047599765e+01 -2.924237539442912492e+01 -2.001454386180863576e+00 -1.248582504961503581e+01 3.035186812149493818e+00 1.281302628995553405e+01 2.468435721533181137e+01 1.050653475368673284e+01 1.326124824940647962e+01 1.090160683139370512e+01 9.609364603298551799e+00 5.018263839168011220e-01 -6.973147185891575894e+00
1 1.309229644585595054e+01 -2.779966093909410674e+01 -1.238248431934590776e+00 -9.330784572265136134e+00 3.948086336572255828e+00 1.300470117531930292e+01 1.644907739771626964e+01 7.084940901748795206e+00 3.653979636111429397e+00 1.454659035484722862e+00 5.418764185013458246e+00 9.989324994907686772e-01 -4.534227844071674340e+00
1 1.315564550127601073e+01 -2.474466445435653128e+01 1.331564605081019259e+00 -5.700747751530012231e+00 1.100181807938142420e+01 1.779802798459299851e+01 1.679375556061168950e+01 9.868275556159547435e+00 2.885947445166017644e+00 -9.739883823523404871e+00 3.370281507837938229e+00 5.254551671189831907e+00 9.951201697940366131e+00
1 1.321345052896022132e+01 -2.828227855501589261e+01 -2.217095817377785938e+00 -1.054383482266591621e+01 5.017834530555584038e+00 1.669198945282662194e+01 1.781894811124591627e+01 6.648338961411571768e-01 1.351241458791949901e+00 -5.665509852508940902e-01 9.794849724539954394e+00 7.331565195698668269e+00 8.077661564070434674e-02
1 1.313102866116088840e+01 -2.641514277638639996e+01 -3.736430443437573246e+00 -1.507498688647461371e+01 -1.210015874966452687e+00 1.512300059986408129e+01 2.240139562361717296e+01 -1.301475204531898466e+00 -1.160722009302824209e-01 1.097526925423218813e+01 2.468891223859511541e+01 1.596098045947869437e+01 4.743597773447782551e+00
1 1.303492175196698888e+01 -2.488267716915230565e+01 -1.223376121774475689e-01 -9.139808456763903521e+00 3.403098892012066945e-01 2.047884018433530073e+00 3.947719358100910902e+00 -7.907059869257623497e+00 -8.042181450065498893e+00 -1.411921885808380495e+01 8.636760804899742183e+00 1.319266483330466855e+01 1.073235406775677170e+01
1 1.303548446996607346e+01 -2.692395146929884220e+01 -2.008102368511874847e+00 -8.600276248218882813e+00 1.328332766735776493e+00 7.534338583678689361e+00 1.761875906202703490e+01 1.229355797509310655e+01 1.182552963715988525e+01 -1.235227745759004625e+00 1.146831029719516870e+01 1.385605857380062389e+01 1.287855763793776021e+01
1 1.304826008722251984e+01 -2.734131061160153209e+01 3.139979102900036789e-01 -9.675006683699455934e+00 1.988417973688079154e+00 1.266475217511095686e+01 1.593387638790283134e+01 5.497321317655559092e+00 6.736657511838993528e+00 3.448192860439864837e+00 2.681263756687401578e+00 1.818781806161770209e+00 7.313209189395410981e+00
1 1.304375085166887871e+01 -2.876874187674369310e+01 -3.510686510565490970e+00 -1.321971560480371721e+01 2.216869966939659028e-02 5.546780896721935861e+00 1.205705188731025856e+01 -7.131402038781411434e+00 -7.151005910749268502e+00 -1.504344968031783658e+01 -1.017980243403414597e+01 2.777158270745578861e-01 9.956540611843376354e+00
1 1.308481121572152439e+01 -2.794184607061457726e+01 4.960436158226104730e-01 -9.601146042055724195e+00 4.662868376019569383e-01 9.378588940062494217e+00 1.390038621171303213e+01 -3.911594825379388074e-01 -1.843240858452798170e+00 -1.857936725239824449e+00 3.627450312122860510e+00 2.413914650159975306e+00 5.732839652067256431e-01
1 1.310741763300613449e+01 -2.566482345854734959e+01 2.816705571556228804e+00 -7.955120060623361411e+00 5.428154925322005830e+00 1.810897286015988783e+01 2.047740424842609386e+01 5.807744697409907175e+00 -1.684643892274337640e+00 -4.764800978592042213e+00 4.893795172245717140e+00 5.864370195323809654e+00 4.786971136613800581e+00
1 1.313468551080451974e+01 -2.738484384407129113e+01 -1.152288565958485389e+00 -9.440305326475321834e+00 3.937024160776640525e+00 1.508350328933823725e+01 1.841262977566560366e+01 4.256132620289409196e+00 -4.153155104916267604e+00 -2.785586968201165359e+00 1.395408215746674685e+01 1.424448641750846889e+01 1.076939189922000395e+01
1 1.308997153142631475e+01 -2.561878645242282104e+01 -4.694940678064508655e-01 -8.240930617317074436e+00 2.190663924061667878e+00 1.279952639258008951e+01 1.494622751037483432e+01 2.508073098991079330e-01 3.023297192904623287e+00 -3.290545711863266942e-01 2.823803763323970095e+00 4.169026073016357081e+00 5.542281280893742945e+00
1 1.307277117299254954e+01 -3.047888703283654976e+01 -4.772571507316937023e+00 -1.629751500116966056e+01 -6.565730476615017075e+00 5.980652437245771225e+00 1.569315418857541822e+01 8.910353725074910969e+00 6.959772140341356383e+00 -2.461588377665917537e+00 2.110851664967439589e+00 9.458919996434344668e+00 1.643912190055032241e+01
1 1.316876704456782221e+01 -2.826369254137939890e+01 5.881470259211498686e-01 -8.203667697045164076e+00 6.819518573914102877e-01 8.444109556631950397e+00 1.617643762749231584e+01 4.682603497759880717e+00 -3.696936619827798864e+00 -1.215611793607705104e+00 5.123271265615117365e+00 9.751870724554082770e+00 9.430985646633310182e+00
1 1.315547713348095726e+01 -3.125263471371493296e+01 -5.069581384422995107e+00 -2.007972495644577648e+01 -5.646566278857296339e+00 -3.951644911341638533e+00 -1.152832888854290161e+01 -1.867730859332164783e+01 -1.303886117283282964e+01 -1.191696005281768755e+01 -1.146731042883217455e+01 -4.453849318216884789e+00 6.472852043132867550e+00
1 1.312015310957665548e+01 -2.939983427121333293e+01 -2.351829009289588601e+00 -1.407042039565233793e+01 -2.099010928833160872e+00 1.089265862094631387e+01 1.322308344694695492e+01 -3.362886499557047770e+00 -6.507740351137415225e+00 2.398373340376007690e+00 1.695473691931040960e+01 9.913284219022187926e+00 4.901498896006465600e+00
1 1.309804683832993533e+01 -2.745477919522304333e+01 -4.725533312950783160e-01 -8.391812699904230399e+00 8.373772885483290906e+00 2.327814513263223972e+01 2.804717197061470202e+01 1.835118156975905990e+01 1.137715119738637171e+01 5.472043858844278574e+00 1.160833927355069761e+01 3.793567953637254409e+00 -4.019587909655418123e+00
1 1.318758677012237968e+01 -2.280074736115941292e+01 2.839031728108915242e+00 -1.128673208432302744e+01 -1.182851032555637116e-01 8.198352531093060946e+00 1.425329919453141514e+01 6.116547222406698125e+00 -3.275614571715805834e+00 -4.700752960878658904e+00 8.731545161859987303e+00 1.083303543419707893e+01 1.010325826973730656e+01
1 1.316392151309292480e+01 -2.505239816314407264e+01 9.614402142333300372e-01 -9.324083186525299993e+00 7.456043977968707992e+00 1.367089910891594684e+01 1.623811747006886108e+01 9.788258188671370874e+00 2.678700743001847684e+00 -4.916349310850397281e+00 -6.308499353986138480e+00 -1.931688651195397455e+00 4.565577387444788471e+00
1 1.322441892989129286e+01 -2.783448594147943922e+01 -3.294184265054610483e-01 -1.224778920577031727e+01 -3.078580435991157938e+00 9.998649993773621736e-01 8.168530659318944842e+00 -7.072031249368517791e+00 -1.596230809469098233e+01 -6.914575724545829694e+00 8.116393390782704387e+00 4.956199344460918255e+00 -1.486250262126312283e+00
1 1.324318236582945474e+01 -2.510907260131702046e+01 2.143023780709495618e+00 -9.262994994296716911e+00 5.614478446199119510e+00 1.570776937772287418e+01 2.022115758401175967e+01 -2.991318175466835871e+00 -4.371109823479264023e+00 -5.348390882969743743e+00 4.479100056364450744e+00 1.890260570877519974e+00 2.050023262327037354e+00
1 1.309731965667721099e+01 -2.758788680501102419e+01 -9.331842656882705089e-01 -9.011106068032317395e+00 6.750809634617878086e-01 1.139949094487164594e+01 2.130478454360923024e+01 1.083569693203979156e+01 9.435119215984522967e+00 1.163539139773757780e+00 8.751861378425562776e+00 5.171432422725676048e+00 9.949876057368310711e+00
1 1.609474457894411614e+01 -4.210644580316613172e+01 1.493533416601995123e+00 -4.705138934219617042e+00 -2.131771766315057803e+01 1.947735833301726771e+01 5.158223550141735281e+00 -1.118679752788721515e+01 -6.962404964963325504e+00 1.155799846092589611e+01 6.406156310264523590e+00 9.995326695994581456e+00 -4.737661956560307530e+00
1 1.415367108643456007e+01 -3.088896134762466161e+01 -9.489354295921011984e-01 -5.995202735876842937e+00 -1.052181927592223509e+01 1.656385695220970078e+01 4.025315847540375636e+00 -1.088794120380577901e+01 7.670315603281720129e+00 -1.810500790457226783e+00 -2.386968276122475530e+00 8.904829713523652046e+00 1.993252617868795928e+00
1 1.395721650475417874e+01 -2.916570754269166699e+01 8.130195547799239364e-01 -1.125624221530192237e+01 -1.061356961036116076e+01 1.931506594472219973e+01 9.267408197299436878e+00 -6.156978805527610454e+00 2.597302380779078490e+00 -3.105328489470164932e-01 1.290401238041378296e+00 -3.854044551260384366e-01 -7.840023971985428553e+00
1 1.365426797198339948e+01 -2.560147779605306084e+01 2.158065631751199920e+00 -9.865824018873999179e+00 -1.477140489608775376e+01 1.241645418458027983e+01 1.568665491283440439e+01 -6.022001183715818051e+00 1.954401261124602440e+00 5.205255504770243125e-01 9.594588670515303619e+00 1.344341130299264009e+01 7.714280704317438619e+00
1 1.337187087351730597e+01 -2.785236182784959524e+01 -4.569597000868356185e-01 -7.528456458255477379e+00 -1.230751617433673450e+00 1.366222017991611892e+01 7.795601097769496057e+00 -1.711570846445012339e+00 1.500950896614450025e+00 5.153270681747456727e+00 1.705821301530538037e+01 6.515416983873517864e+00 1.121538104787461521e+01
1 1.329002511089601057e+01 -2.684888694551527166e+01 -3.656446421671170732e+00 -1.184047418357974024e+01 -1.905475021082385423e+00 9.509266919004879526e+00 1.082024749986180012e+01 2.158780652798229838e+00 6.431376874591244963e+00 -6.360869662580409534e-01 9.176010203214424621e+00 5.640305839172024882e+00 4.817834185050632989e+00
1 1.320987829767542188e+01 -3.033981824506925307e+01 -9.643379601125920075e+00 -1.914722774917325054e+01 -6.597168845244206992e+00 -4.393290562882055106e-01 4.545181566264924200e+00 8.710102039682144914e-01 3.213348994793546076e+00 2.551979257520383459e+00 2.190351688839772137e+01 1.703329974584056927e+01 6.761808765491651663e+00
1 1.314252086311446810e+01 -2.579293834314046663e+01 3.430575085192460794e+00 -5.527794220447750817e+00 1.800633157603468870e+00 1.216869876878399026e+01 1.517264606258285120e+01 -9.532853316225491369e+00 -2.091371997357820423e+00 3.076339642932786056e+00 8.666318525782134685e+00 4.765728372022672410e+00 3.265182139648791226e-01
1 1.323251456514239166e+01 -2.863076333885032554e+01 -2.078667481222803648e+00 -1.548505371087997418e+01 -2.719602495422082100e+00 6.164691572087995119e+00 1.073432327939822706e+01 6.209497164273195757e+00 9.679443077327114509e+00 5.718315160666166186e+00 1.601340535966915724e+01 1.191315371637611698e+01 1.192660164012012203e+01
1 1.311993742655938711e+01 -2.693039742583022900e+01 -1.137021043160991729e+00 -1.424890765832287443e+01 -1.605954518306086098e-01 1.076127081130269048e+01 1.553659946361324806e+01 3.136142572244496662e+00 -2.253661443719351176e+00 -2.388615848675252895e+00 4.519696104531578662e+00 -1.010751619673496249e+00 5.485498413498199888e-01
1 1.319844049053820179e+01 -2.770133777794025676e+01 -4.717276101223458973e+00 -1.749878610941030743e+01 -6.380090437319546615e-01 8.382729278033798082e+00 9.756571813428585926e+00 -7.089751148665623504e+00 2.642410670419163221e+00 1.865318002165282207e+00 9.703252066491298677e+00 3.394571926499223125e+00 1.814217469669595628e+00
1 1.320469229087797736e+01 -2.754901174722192181e+01 -3.666200284531944575e+00 -1.617701228024950311e+01 -4.588962971436507665e+00 1.841056069892190283e+00 1.859407115917177444e+00 -1.083652622394746423e+01 -1.421301458497727666e+01 -4.436198182694153225e+00 1.042277442478799365e+01 9.659817761687282456e+00 7.125227906377178400e+00
1 1.593639561278652117e+01 -4.062876894597587096e+01 5.954705696542088589e-01 6.916066562915746729e+00 -1.488934829026220719e+01 1.967216236951968256e+01 1.602649431628208632e+01 -1.847621224601843082e+01 -8.826034236903666397e+00 -3.522208078301119816e+00 -1.155658693097877787e+01 1.006341965633321678e+01 5.405318548379983490e+00
