1 1.342086837604573901e+01 -1.827326629055627549e+01 1.061575659376807046e+01 8.589129462190990827e-01 4.553418273095827473e+00 5.135712428867633683e+00 1.128732463769458327e+01 6.063544978655851736e+00 9.463187807959867470e+00 -1.431026169660267744e+00 2.045469932753213538e+00 -3.012642115127574627e+00 -4.412664330620753361e+00
1 1.321636967253066430e+01 -2.481079793197194050e+01 1.000887034599259806e+01 3.354159306818553787e+00 9.132264089904060356e+00 1.210689047403843155e+01 6.358507126895818651e+00 -4.386901171624523421e+00 3.375942380305425594e+00 -6.973954281923641751e+00 -3.969671429925814454e+00 1.183634011780689832e+01 3.721503905574596427e+00
1 1.311031634407917501e+01 -2.391146645804052184e+01 9.595167181965097214e+00 -1.336727965679672912e-02 2.513866350312869091e+00 9.584811330231746140e+00 1.356124683099605832e+01 6.454346851591688861e+00 7.075749719284811334e+00 1.544142948008535576e+00 1.055951388128792301e+00 7.959681900701518487e-01 1.079799879343448232e+00
1 1.312373431394319923e+01 -2.537293654099099527e+01 7.300263442372511236e+00 3.208499319489795720e+00 1.133611129050238375e+01 1.776016616086083033e+01 1.855151452249341659e+01 5.419727445469972871e+00 7.253295918766140993e+00 2.073670636880136531e+00 -5.854076203363098863e+00 -3.591632114616981397e+00 -2.169868820010126598e+00
1 1.323578603976368129e+01 -2.223878432933243232e+01 1.111433444914390023e+01 4.440478887657064000e+00 1.180320746847995217e+01 1.224007536031792398e+01 1.334880496350899115e+01 4.306379040683367548e-02 1.160124697320972009e+00 6.028942459736802428e-01 -2.597753876221473579e+00 -5.461993567047287002e+00 -7.735960255713832945e-01
1 1.327870528088918789e+01 -2.366723998319614353e+01 8.878424243327474485e+00 2.984888469993890237e+00 1.281504484370226216e+01 1.638110517595144344e+01 1.373271908453147283e+01 4.428194431464699932e+00 2.718172740353144601e+00 -2.793383173976963230e-01 -7.944000083581171934e-01 -4.678572069416105927e-01 4.958013098766705262e+00
1 1.300497951562653220e+01 -2.410362290833101895e+01 6.341850076335035169e+00 1.006615424443296991e+00 8.207089805739808952e+00 1.271906876878608195e+01 1.946592789217832475e+01 1.321404052016081465e+01 1.259636929690996077e+01 8.442336007893381122e+00 7.366205470771195252e+00 4.634566879604060219e+00 6.116822454609548432e-01
1 1.328274395582617728e+01 -2.289368564477481627e+01 1.160450876426158473e+01 1.031509030373260494e+01 1.530322371052167263e+01 1.011514624701422171e+01 9.651214743950340846e+00 -1.369741140143656111e+00 6.779230947175767241e+00 -1.081583390398845879e-01 -1.857515750799315857e+00 -3.862651586242387580e+00 9.655782095831520806e+00
1 1.307834076072690621e+01 -2.605195814294609491e+01 4.690736522087401994e+00 2.639516420637890715e+00 1.114890667752868403e+01 8.529336782212133983e+00 1.397484905054721160e+01 7.471666549165627558e+00 9.806324796268965471e+00 1.047343323301101581e+00 1.887657793845790133e+00 5.685213846139884453e+00 3.491151676062672848e+00
1 1.308346642466911192e+01 -2.476885895517063219e+01 7.114017220937148167e+00 -5.108772701189971066e+00 -1.887414318824717219e+00 6.148450227910908339e+00 1.006542214545030056e+01 -9.078594596297492325e-01 -3.132250918863869860e+00 -1.008062585084897123e+01 -9.782194578296268261e+00 -8.920661411938588969e+00 -9.505452221593605699e+00
1 1.317374763438020402e+01 -2.547452715074509300e+01 7.208074280222326102e+00 -3.827809026789575242e+00 3.626974726738148025e+00 7.832507590161286615e+00 1.895805600331489060e+01 1.465846532509691791e+01 2.816896078484773636e+00 -1.854267901757178594e+00 9.215760285925142625e+00 7.878861533256363181e+00 3.012661998540936192e+00
1 1.304679506385890164e+01 -2.511212918664709193e+01 8.378227988722018793e+00 4.887573336510174116e+00 8.253097223672764216e+00 2.652662304623881973e+00 4.565081676618026663e+00 1.329271663788440749e+00 5.945594032815845059e-02 6.353482802804017560e+00 2.843993005093631066e+00 2.004298361964328201e+00 1.659939731590156731e+00
1 1.312546754950152739e+01 -2.184882570822281167e+01 1.185418939587634668e+01 8.422303668616947903e+00 1.138693850776803274e+01 1.618552199992233298e+01 2.025425090253081706e+01 8.056166600368436903e+00 6.843926663915588904e+00 -3.564124016950213747e+00 1.326567723287168876e+00 1.167211473013196166e+00 3.677602178854804116e+00
1 1.318073296958427321e+01 -1.958628768873964532e+01 1.658248896786616555e+01 5.906055864752469908e+00 8.076245727971544497e+00 1.067202148869848344e+01 1.224520459711205689e+01 -4.528027613392226591e+00 4.486423856653987130e+00 -4.810512392216733879e+00 -8.919687408359616043e+00 -4.975255509752568583e-01 1.518325009421564564e+00
1 1.321412557801150811e+01 -2.390850547214223099e+01 1.051321025310746116e+01 1.892136727644867955e+00 1.355020659118918047e+01 9.124919361542460194e+00 1.555272071238731613e+01 1.647348378081921894e+01 2.340914524732031765e+01 4.807210475082893453e+00 7.764051419103235041e+00 1.865399963624301827e-01 -7.142657446366158958e+00
1 1.307887531424895045e+01 -2.323530735064903041e+01 7.844403079202136198e+00 3.393372456554306638e+00 1.087140494776559763e+01 6.952168648423640462e+00 1.343128867283754246e+01 5.861652773542338934e+00 1.431634417623831546e+01 1.078540380140207589e+01 5.720627304960612669e+00 1.210740473576619847e+00 2.796599306760450432e+00
1 1.320581113979580223e+01 -2.457673740455665978e+01 7.682837636625939659e+00 7.270233835303555603e-01 6.000336998511285103e+00 2.601789707480813174e+00 1.445589247657003895e+01 8.655335532032545132e+00 7.974163027100667378e+00 -1.143650885714006860e+00 -2.763920171607383569e+00 -3.666586719331092592e+00 2.906436860142371348e+00
1 1.320588909213251760e+01 -2.283794160450015909e+01 1.067601807097667965e+01 5.975113090831876583e+00 1.286237711595800093e+01 9.434428731054984141e+00 2.170785911319739725e+01 1.098895703856414841e+01 1.102674712769745824e+01 -2.883553169098783120e-01 -6.838625482986063098e+00 -3.140193769534924684e+00 -1.396470266687957817e+00
1 1.324427302626352265e+01 -2.384458959272586753e+01 1.064039215007159456e+01 1.890704461458559305e+00 1.585292556236406369e+01 1.368095921157084582e+01 1.483717082415105359e+01 7.713042298462411850e+00 1.178333932746032531e+01 -3.361366501902682380e+00 -7.367417700921518708e+00 -1.930027784649747558e+00 1.954578766895589625e+00
1 1.317400182240256612e+01 -2.859513663661271465e+01 4.651196656797511153e+00 1.228328785879904794e+00 9.565089861693818918e+00 8.000338027781747741e+00 1.898337021512729450e+01 1.206163364198708265e+01 1.466288913393035109e+01 3.706290554090076572e+00 3.338567568470876434e+00 1.250034524750129705e+01 1.309098030030384407e+01
1 1.320627731345687650e+01 -2.169904045081177912e+01 1.477889690980669002e+01 6.677956812512659823e+00 1.348635006129253000e+01 1.968290758109218785e+01 1.657316848405854515e+01 1.308306698586480366e+01 1.490250490747919798e+01 7.055450920308169671e+00 1.591405109735228862e+00 -1.434353376423026960e+00 3.218258289097844393e+00
1 1.324198144747971284e+01 -2.233073602386215839e+01 1.099161804746566773e+01 4.478518409049522475e+00 9.253258442487796387e+00 9.938782223335337562e+00 1.075895675015532049e+01 -4.689381400177257686e-01 4.397056718316843416e+00 -1.917132134076385164e+00 2.128248085220516117e+00 1.924008804584074639e+00 4.654648937606080672e+00
1 1.316229587158342618e+01 -2.459674147031667246e+01 7.808163967002993644e+00 1.328083943533973299e+00 3.415922157903088952e+00 8.381513647736476003e+00 1.663930502161454328e+01 7.484299415845804049e+00 6.991977958041530883e+00 1.357530133395451699e+00 6.907676397034354210e+00 8.106881442205136068e+00 8.890997838026384770e+00
1 1.314228412640531474e+01 -2.613831142706526833e+01 8.147374015740282971e+00 4.920866910712238251e+00 1.083336255406407211e+01 1.614924388206362593e+01 1.804671781162116417e+01 8.906479801486495873e+00 1.226874401452552021e+01 6.179893951388162332e-01 1.693617332379695473e+00 8.343137019084627681e+00 8.999936371395719448e+00
1 1.309557460536553464e+01 -2.471977722734664340e+01 1.270572860461922993e+01 6.112121768124502807e+00 6.369026389534093724e+00 8.402309084144755857e+00 1.311620691849435794e+01 1.738501317759905129e+00 5.823284438513183225e+00 6.991436040779562155e+00 3.269593501024905535e+00 7.403076046447830905e+00 8.422897442254244638e+00
1 1.309132391025247166e+01 -2.490555453497513483e+01 9.550798302447974564e+00 4.566185128457522779e+00 7.604041134389817991e+00 1.172609558001106755e+01 1.625311889219066686e+01 2.864361325165708294e+00 7.372225801812986923e+00 1.293580591466695129e+00 6.655835979335862795e+00 9.161418937799631346e-02 1.418191968320842378e+00
1 1.329735081720599510e+01 -2.585558487165843289e+01 8.543813460442564178e+00 4.817005024383534284e+00 5.832855416515808855e+00 2.689588622830944686e+00 1.260180665011628953e+01 8.071265955808305748e+00 9.237466710087082200e-01 -3.327481622265668904e+00 3.898322545321967869e+00 3.510949812235066414e+00 -3.283673522808280842e-01
1 1.329474017067915526e+01 -2.237785599307478890e+01 1.367879014581065178e+01 5.498658501454500858e+00 1.178182374996993786e+01 7.756100684165833314e+00 1.250079995314440673e+01 1.032162486293470849e+00 1.017633896979657782e-01 -3.839146570455125751e+00 -8.586386436781207054e-01 3.975049667087611205e+00 1.449932723950927915e+01
1 1.333171372294621726e+01 -2.265277907595259776e+01 1.560953247080157702e+01 9.334325225734966480e+00 1.365496233364038758e+01 8.161669859094681456e+00 1.528894265069100022e+01 4.754212247270811709e+00 5.153521415442066989e+00 -3.529314286972083714e+00 -5.523950056010082932e-01 -5.751891187982138831e+00 3.903544091895919887e+00
1 1.327187044915692482e+01 -2.640029643923393365e+01 7.300827143577626188e+00 7.896774470960481906e+00 1.123852401409754620e+01 8.777285164313491705e+00 8.350533362684826599e+00 3.428537387288600247e+00 2.931846789666505249e+00 -2.579755372560664561e+00 -2.384700725032112167e+00 -3.056930820900797929e+00 8.571581318435359975e+00
1 1.309729333348841074e+01 -1.762189984144676203e+01 1.456590487431354219e+01 1.060237311577153640e+01 1.625957060658963726e+01 3.394614986211912822e+00 9.852743330492137019e+00 4.618062901170611134e+00 1.040661589587683089e+01 4.100775417471443696e+00 8.479217196395675060e+00 2.281334872584027007e+00 7.628175591528482791e+00
1 1.324681866072292635e+01 -2.565096359130969716e+01 8.393074590948399916e+00 2.133366822521734374e+00 6.501071740708232127e+00 7.109006766069376759e+00 1.310490853887221796e+01 3.344617248347089955e+00 2.289376521227687089e+00 -1.111483123901627845e+00 -6.965433367519672458e+00 -2.260338947280245758e+00 -2.246172872429347933e+00
1 1.320306520699569930e+01 -2.507668583087600211e+01 9.423972133405628782e+00 3.703771061195303194e+00 9.973215329344194302e+00 1.203918699713370799e+01 1.778139045650986816e+01 8.497927057277767204e+00 8.840239862870064025e-01 -2.048049957789022546e+00 -5.581594920865821763e+00 4.304616029376804320e+00 2.486963270805904180e+00
1 1.324435344328760955e+01 -2.638565841381130284e+01 9.183365562573470697e+00 5.952602455510679569e+00 1.446265492617663107e+01 1.687111823481180650e+01 2.749774846920658788e+01 1.941285921881383558e+01 1.552768056351012760e+01 3.569375445581896011e-02 -2.363331224259360930e+00 5.661870255690107712e+00 1.222497066797062892e+01
1 1.312881386637649861e+01 -1.910253332681367766e+01 2.157296221672869496e+00 -5.716517239588553068e+00 7.878732098514442228e+00 1.932171537754959800e+01 1.676765971859947513e+01 6.035402001538298755e+00 4.756887835715611246e+00 -3.940184308275169300e+00 2.960872806849661032e+00 1.326272087426628588e+01 1.494591141799505074e+01
1 1.313773860985145703e+01 -2.531860122369431210e+01 9.021979927920192210e+00 4.718139017829137138e+00 1.281250765796890967e+01 1.759975508942897804e+01 1.658765096364994207e+01 6.828898346755013726e+00 6.691678175042031107e+00 1.189269004147060826e+00 3.127471183258859977e+00 -6.779358851031074273e-01 -2.156750636940636401e+00
1 1.331385908044390654e+01 -2.723085222202934830e+01 7.788024277924903593e+00 7.177162349105639549e+00 1.361628160445543756e+01 1.735670878926379146e+01 2.734244124485229577e+01 2.413683410446877531e+01 2.163181316698411649e+01 1.242733724895628811e+01 1.949292156287331679e+01 1.167062938338830591e+01 1.040881397177167855e+01
1 1.311326104243514301e+01 -2.490936801112588483e+01 9.492976605563731241e+00 7.619235589599318459e+00 1.171003310657074969e+01 7.470908565746975150e+00 1.005775493567167267e+01 7.524242391015213194e+00 1.550802367145567473e+01 1.011467293458701988e+01 1.338135770259468771e+01 2.334860854511806139e+00 1.261454281045502235e+01
1 1.312210054826308792e+01 -2.345524079686620667e+01 9.158771445735606420e+00 7.126530274732672865e+00 1.398404029689345585e+01 1.248205866932495489e+01 2.137935877914689087e+01 1.296587753124693876e+01 1.072362639934882544e+01 1.968042973538448370e+00 3.295969576063614292e-01 5.912048903125007193e+00 5.061798616296831810e+00
1 1.318350177903132447e+01 -2.692736425697791702e+01 9.625571919170463175e+00 7.874049527994365860e+00 2.052059375493434956e+01 2.297980355179919698e+01 2.071881852014329084e+01 7.568029973963980694e+00 -1.060295392731322339e+00 -5.423113758464550571e+00 -5.765888414171323362e+00 -4.355710417017015224e-01 2.047418717569061020e+00
1 1.318409341498827203e+01 -2.556331338004129705e+01 8.023056953895720156e+00 3.751761250963277394e+00 1.336166212458496894e+01 1.386130535573425071e+01 1.658144993843565729e+01 1.431580958872148379e+01 1.669441504891017303e+01 1.505871378208496758e-01 2.707813692547250017e+00 5.207437475933561544e+00 2.442043270143433364e+00
1 1.323043636391626698e+01 -2.061197074455848011e+01 1.362667779675916790e+01 6.905780063385091871e+00 1.118733894389079175e+01 7.489650396216950057e+00 9.082307705287911759e+00 1.767163222834869929e+00 1.166392052440129312e+01 8.959393790998671392e+00 1.110617875083401707e+01 9.550089159205739975e+00 8.765859241431019910e+00
1 1.331744637899878292e+01 -2.499039135255998190e+01 8.089887225568876516e+00 2.440580489695166833e+00 1.085290021777164604e+01 8.836270892037818570e+00 1.379491915936230839e+01 5.806019205883543144e+00 6.637981348579998553e+00 3.314363114935991117e+00 3.477939578110626151e+00 -1.581902808499457302e+00 -8.360489552863485940e+00
1 1.322243712975094354e+01 -2.617985601859351519e+01 1.215908939765320973e+01 6.167626245423071474e+00 1.020628165616694893e+01 5.691499728849962914e+00 1.002355825867541483e+01 6.762240074691404423e+00 7.256103986659661054e+00 4.572646002045476443e+00 2.811090726051449273e+00 -6.510657385107212036e+00 -6.747674855250434867e+00
1 1.309168428917706706e+01 -1.880655831032634850e+01 1.368237374091977188e+01 7.832624094716836183e+00 1.069382336795528587e+01 1.054569813859487404e+01 1.318904670809798496e+01 1.264041348597417702e+01 8.784560770420185349e+00 1.203582169563619964e+00 5.023001607246322386e+00 2.437717738321205196e+00 2.450437987404184170e+00
1 1.321130961629863698e+01 -2.451748678291870576e+01 1.127116837067656974e+01 8.077121035581470210e+00 1.443490493933437868e+01 1.150999154081308085e+01 1.658817897463925206e+01 1.199402565233994977e+01 1.018153570757132087e+01 -6.906199341022728477e-01 6.459026628906953782e+00 5.747922213770829458e+00 -1.065505784930865296e+01
1 1.324525035054243283e+01 -2.394080770525018664e+01 1.233569230858288535e+01 5.710331027811739624e+00 1.156820449983681165e+01 1.077552888188145452e+01 1.129365126317643941e+01 -2.680470564046008031e-01 -1.406889482048920836e+00 2.912370050237488517e+00 -1.085942360281220376e+00 -2.097905821792470604e+01 -1.157077863717179156e+01
1 1.320038138297717900e+01 -2.128046559940987237e+01 1.396361704254227476e+01 5.554545589235988956e+00 1.171524669197879831e+01 8.841228278451275457e+00 4.662950398534720264e+00 3.956493192783098856e+00 5.840450705063522818e+00 4.041812518756904282e+00 -1.420320264769107332e+00 1.648831482332234089e+00 2.788603954931962114e+00
1 1.311583916226616786e+01 -2.109843089756795109e+01 1.174235045433885816e+01 6.341244502128524196e+00 1.131258896574954598e+01 1.261368190108919407e+01 1.637195562567828588e+01 5.723818574173300533e+00 7.410595841238523995e+00 9.903759745897422473e-01 -7.744844356396175300e+00 -8.385563135379301869e+00 -2.453998129266833139e+00
1 1.300148669129629653e+01 -2.063245545224325284e+01 1.208438083857395462e+01 6.129075595111710406e+00 1.166707416735298075e+01 8.844303985879284014e+00 9.294578658086638967e+00 5.987457200724423112e-01 2.142162412284438211e-01 -4.813118328314626382e+00 -6.421947841560941228e+00 -7.519344282112492728e+00 4.486707173230766621e+00
1 1.312238022996857367e+01 -2.142176481042753267e+01 1.531523626660916193e+01 9.850247422268347819e+00 1.361862708919481513e+01 1.181590787957368249e+01 1.652649970361206044e+01 8.034402868103420303e+00 1.583002411820812227e+01 5.659520373246094138e+00 8.339912803406726027e+00 6.120979154335081523e-02 7.433988967676998350e+00
1 1.324639892792069951e+01 -2.349885847061170097e+01 1.366107017080507902e+01 9.768663085495198573e+00 1.656158084174379397e+01 1.037333226059758218e+01 1.268131167712457419e+01 6.251738249949266191e+00 8.201879994109253502e+00 1.878692570453447397e+00 1.128668874167848335e+00 4.306397121442155917e-01 -7.400793471940434465e+00
1 1.321029718410393272e+01 -2.569588795335416975e+01 8.990564810970900211e+00 2.507222005146133359e+00 9.499174194179335728e+00 1.032566035545137595e+01 1.545609978351540903e+01 1.127259794221061284e+01 1.197274990007904805e+01 1.571318438825235697e+00 3.041173937181516962e+00 3.640380665882078759e+00 -6.757128454066985590e+00
1 1.313510624790077230e+01 -2.293673566505133721e+01 9.353578068046095595e+00 5.679021535920668384e+00 1.603738755554494944e+01 9.114578121976393277e+00 1.420627207526238323e+01 1.052070463623300256e+01 8.719035160514453153e+00 5.619203435291845850e+00 4.722414085668476424e+00 1.791613292509411259e+00 5.001476873721912852e+00
1 1.304262012574317353e+01 -2.512953022541028503e+01 6.682896227303894321e+00 3.213054016730439777e+00 8.270014752003175929e+00 2.361048114590562630e+00 1.046615264570122861e+01 2.879294680269968598e+00 2.852597724098216325e+00 -3.719348068097265259e+00 -7.119804244162504681e+00 -7.230878008486947728e+00 2.045766025651181597e+00
1 1.378675670773775508e+01 -1.509863383857769925e+01 -8.192175082508713624e-01 -6.248013767650593131e-01 1.830499510104351302e+01 2.496276204966234502e+01 -1.761943100695134934e+00 -1.853935109553886562e+01 1.159733432792983443e+01 -5.260777446721186301e+00 3.152268445777411277e+00 9.394359772634278016e+00 9.597631577545625348e+00
1 1.571901822043521513e+01 -1.710608498242445918e+01 -9.952345169353333798e-01 3.109275508562672069e-02 1.639244756970492878e+00 3.738392646470949643e+01 -2.959395797999954425e+01 -2.750469333772534952e+01 9.458031607200576119e+00 -2.170166875025259756e+01 3.045682614932839982e+00 -8.362455800580980148e-01 -1.428342511345464416e+01
1 1.624473799176492861e+01 -1.656004756538738576e+01 -5.571732883793627522e+00 5.369145278494954709e+00 1.439604882367423322e+01 3.094741934065106292e+01 -3.858200287017155716e+01 -1.215622517584838747e+01 8.451070353469931629e-01 -1.802872397436937391e+01 3.733994321015516871e+00 5.333304278938910237e+00 -1.000872315990007877e+01
1 1.736630417919342761e+01 -1.682575353487724712e+01 -1.243568092465316965e+01 4.693210618697439607e+00 1.402297144780880700e+01 2.742113729102248243e+01 -4.934009620820985731e+01 -3.506874502935151128e+01 6.179071427740383093e+00 -2.920228368339294533e+01 -2.075390217101116974e+01 1.843837141910971056e+01 -2.900775057584575833e+01
1 1.636315276422453735e+01 -1.406091374697587426e+01 -1.479234989857484805e+00 1.665258172541511072e+01 2.120306882272154780e+01 3.093797249418614470e+01 -3.207776993069578708e+01 -2.542269228810917880e+01 -3.428168030915128561e+00 -1.951996216965032360e+01 -6.304922665761065304e+00 1.329210099653275279e+01 -2.316313252350042973e+01
1 1.720427682869023656e+01 -7.100169820601093029e+00 -9.235182228758187506e+00 2.122377208367182888e+01 1.638752492831138952e+01 1.103238219290281918e+01 -2.793461690127744035e+01 -2.875584417042231422e+01 2.349607291006104504e+01 -1.916462681497502629e+01 -2.134596414260763453e+01 8.545053678546794984e+00 -1.880409405370576081e+01
1 1.882702634101366357e+01 -5.118317982048560033e+00 -2.128277591798407542e+01 1.886719019899489425e+01 2.873628450962348424e+01 2.985057536145351875e+01 -3.209371177860965929e+01 -3.175900208766950783e+01 2.054945079202678926e+01 -2.550684502282580013e+01 -1.110945705799487371e+01 2.203901385561661641e+01 -1.843080105347183562e+01
1 1.885593196825698925e+01 -1.590241100376569738e+00 -1.951316286743047357e+01 1.801605078777743429e+01 2.260878881158227216e+01 2.637213669349203471e+01 -3.414939862071538812e+01 -3.358099144100074085e+01 2.594503892699938064e+01 -2.663595959414920245e+01 -1.605623808346025783e+01 2.520101329393516565e+01 -1.789116419214581555e+01
1 1.914916816530839583e+01 8.322626374223637269e-01 -2.525081481815260531e+01 1.224480935387838265e+01 2.075422431174570548e+01 2.254204086708543642e+01 -2.840070589271741852e+01 -2.480228269796668528e+01 1.977594789343833526e+01 -3.067515555033634200e+01 -2.776561812036923982e+00 1.685101419730122174e+01 -2.195192134196197387e+01
1 1.911226688772376292e+01 -2.158584106959304361e+00 -2.600414063155544397e+01 1.783725173798649877e+01 2.065643909259021527e+01 1.790172077474196755e+01 -2.981308873709521734e+01 -3.121458088347024784e+01 8.391132250935815051e+00 -3.351478451535899694e+01 -7.599158330022451890e-01 9.453273612995612751e+00 -3.686291776672694454e+01
1 1.837804087508962425e+01 1.083823357104753526e+00 -1.998205021365459189e+01 1.115564039698801579e+01 2.010798895200677805e+01 3.167185215298237466e+01 -2.283565089519703761e+01 -4.196428844236977795e+01 1.135572955810935269e+01 -2.321602829911417842e+01 -6.460735880049731428e+00 1.751299660934454039e+01 -2.507681478693870858e+01
1 1.779993225442542126e+01 2.762172980633262220e+00 -1.692850305233021402e+01 3.913596761059821461e+00 9.077883897965538296e+00 2.209562215778139915e+01 -2.276363353891725083e+01 -4.705348235313066141e+01 6.191772245068340119e+00 -2.603441583162518569e+01 -1.703415230102039857e+01 5.683386856993878133e+00 -3.131719978753825018e+01
1 1.824851820689846704e+01 1.933342757670875933e+00 -1.756092179586045532e+01 9.965060061869897012e+00 1.973126662887779048e+01 3.434044510801937378e+01 -2.341511791551198840e+01 -5.036374808973247497e+01 1.713482847632463901e+01 -2.144987759958431184e+01 -1.165028665768611127e+01 2.152072851104307460e+01 -2.649399664259215115e+01
1 1.773604773494554010e+01 2.271978247028691111e+00 -1.631088914238429055e+01 5.369875914044778042e+00 3.596520607831767080e+00 2.402902244198298121e+01 -2.121719975264323210e+01 -4.444459474165734747e+01 8.938223813114390737e+00 -2.632807520629319598e+01 -7.644391633440201339e+00 -3.416406942828658977e+00 -3.590397013147700989e+01
1 1.756220358185737851e+01 2.345525865155450695e+00 -1.625020267188797263e+01 1.021217120635497366e+01 9.846176527664891154e+00 2.832529569368954014e+01 -1.413556431503107014e+01 -4.313410865831701813e+01 6.620806787322812248e+00 -1.702228862108583840e+01 -1.025842358546467459e+01 5.522536537260489986e+00 -1.710491163953263438e+01
1 1.710374547312449067e+01 3.094639942286015799e+00 -1.169160943247114304e+01 2.917156813216561950e+00 5.805753241958710120e+00 2.318028731255734698e+01 -1.504110135147893956e+01 -4.091226525009368231e+01 2.595862633178910528e+00 -1.881315932013385606e+01 -1.787130471791228814e+01 -4.628732606687837148e+00 -2.412423276121244697e+01
1 1.722684205879123098e+01 3.415048343222398142e+00 -1.407212473146497800e+01 6.878141274817903827e+00 8.684609654020052361e+00 2.682926653491189839e+01 -7.955943053624059402e+00 -3.548334215770260869e+01 1.398991852213965270e+00 -2.027566642636782035e+01 -1.991555900456019712e+00 4.475050098991799175e+00 -1.355453751571119270e+01
1 1.747179240611954754e+01 5.983450844265081336e-01 -1.172773978639252945e+01 1.368021451903496377e+01 1.260346368607444845e+01 2.880006916838454956e+01 -1.841880687420469087e+01 -3.652430114839169306e+01 1.535589555004187012e+01 -2.592020605487304863e+01 -1.724378399224438141e+00 8.965217975186826393e+00 -2.467927236401185809e+01
1 1.718642431145344673e+01 2.968897189063197217e+00 -1.068443779040693897e+01 5.279673595697309985e+00 4.339617623452372897e+00 2.422298010257132361e+01 -2.204855652461242599e+01 -3.388268350020057085e+01 1.098654240556155237e+01 -3.037204207980405002e+01 -5.498996462719019540e+00 7.514607373523831235e+00 -2.723455796086587810e+01
1 1.733817416746854789e+01 2.270687902444147865e-01 -8.575834015088309670e+00 1.080276895008588234e+01 1.383635132360531372e+01 3.409797154843362677e+01 -2.103100534306172520e+01 -3.774571366835768060e+01 1.349659805756737008e+01 -2.642946817595695563e+01 -9.185974984366035434e-02 1.360411326183058556e+01 -2.770599280374052142e+01
1 1.756482856365989065e+01 -5.988641067372675320e-01 -1.180460076754014942e+01 1.617316930003168096e+01 3.709947080555336285e+00 2.503034849602572365e+01 -2.260948350896631709e+01 -3.612886361620892473e+01 7.533590854663624548e+00 -2.813468928048872542e+01 2.973362447561511246e+00 6.830852229731062764e+00 -2.923709839410974354e+01
1 1.725608199723500391e+01 3.153012947575104086e+00 -1.189435366532685912e+01 9.121773046792997164e+00 1.284131431193433848e+01 3.148601075993350662e+01 -1.605795796819426613e+01 -3.918128418189935047e+01 9.364592958022004865e+00 -2.994237185575031290e+01 -7.623491663752633762e+00 1.030826032060351771e+01 -2.019926810220763969e+01
1 1.751302295983039770e+01 7.576706031547414399e-01 -1.290408938691810370e+01 1.701608001266020054e+01 1.271717922828253045e+01 1.995564029277606011e+01 -2.394708744937934952e+01 -3.920423992576657213e+01 1.123544625917640083e+01 -2.315348469831292633e+01 -5.325822893131913816e+00 7.753073073969229512e+00 -2.703100252891595900e+01
1 1.702305281390718150e+01 5.634186550150078743e-01 -4.206240088580862846e+00 1.700724394044518206e+01 1.467891105146614805e+01 2.132753938070241873e+01 -2.146986958911493204e+01 -2.954540638273638464e+01 6.062096429783792928e+00 -3.896707659734076401e+01 -3.426321787989046186e+00 2.131523380440654947e+01 -1.996545111701804842e+01
1 1.692356686244921704e+01 3.382694282965864385e+00 -7.226532963087177741e+00 1.156618900511845105e+01 1.032458558760628975e+01 1.754662396999448504e+01 -2.410382394067046263e+01 -3.333938484052683293e+01 7.930752682464774495e+00 -3.119909452716338194e+01 -3.678777649848005371e+00 7.277077673112431810e+00 -2.560242473442579225e+01
1 1.704784554941897667e+01 1.658245742826831792e+00 -6.791175415593303732e+00 1.568737983769615951e+01 1.431958639235450370e+01 2.514494096049586958e+01 -2.079505281298045460e+01 -3.603835868343873727e+01 9.392194439192289579e+00 -3.697327247085445379e+01 -9.030016403102896660e+00 2.025121907024249523e+01 -1.291320925746035542e+01
1 1.702027145569526922e+01 9.913993489218712041e-01 -4.960454913583092207e+00 1.966964513248839452e+01 8.461884686529334232e+00 1.244846915454491487e+01 -2.810889298006051362e+01 -3.942969294217175502e+01 1.619211886805828371e+01 -2.448112307209129312e+01 -1.708515367978962018e+01 1.443385440471620029e+01 -2.525530526780016416e+01
1 1.683819956855877109e+01 1.275933328799137456e+00 -1.932071934813761827e+00 1.200778007089774313e+01 1.415878922996042455e+01 1.537681332394816813e+01 -3.423140187443182469e+01 -3.727138300707711949e+01 1.966665804631972492e+01 -2.691422772765993443e+01 -1.378535054192182940e+01 1.837436290288278684e+01 -2.265233354270384680e+01
1 1.695639919807239693e+01 8.347532493886159477e-01 -6.409222221051654067e+00 8.998548650446416275e+00 1.894097759555682936e+00 1.626710804357567142e+01 -2.845536748340540356e+01 -3.810700734625868336e+01 1.290295310425032227e+01 -4.323218864876140799e+01 -2.353368540451828395e+01 9.512158185082578044e+00 -2.644612855565182130e+01
1 1.686779656416434392e+01 2.546046377659747506e+00 -8.921715153413810384e+00 6.372034206806110213e+00 -9.416800966089946545e-01 8.798225080832114742e+00 -2.919301157111091172e+01 -3.961773496413936613e+01 6.515972531003082935e+00 -2.821061022428617093e+01 -7.600995653830890042e+00 6.398475700531500721e+00 -2.659833617082301060e+01
1 1.670855225239878905e+01 5.084796946540451890e-01 -2.130881457021652547e+00 1.203524547824155455e+01 2.621279749779563240e+00 2.173213002962894080e+01 -2.135325501767797007e+01 -4.256287781750359045e+01 -7.079729008988195904e-01 -2.526473114269455422e+01 2.190872894025167827e+00 -9.425643275317650005e-01 -2.451838160533682753e+01
1 1.658845966227602986e+01 5.364292804598395747e+00 -3.198185626262084469e+00 6.287977644095936292e+00 7.092458323841245971e+00 1.789101500888378737e+01 -1.684330765083769776e+01 -4.624613716205313096e+01 5.781908800489401479e+00 -1.474928664357249986e+01 -8.535258808092807570e+00 5.444157186528872927e+00 -2.246921013672673695e+01
1 1.734832601040942635e+01 6.873124401079080403e-01 -1.105419615035685155e+01 1.606158516909388823e+01 1.181277870034301714e+01 2.605774044351381136e+01 -2.725452865240598044e+01 -4.713266578939033025e+01 1.246352224817273147e+01 -2.192442594314422166e+01 -1.963252608065682248e+00 1.090940855476697458e+01 -2.047517431635089480e+01
1 1.734621646080918467e+01 1.828190219178116749e+00 -1.312794411983008835e+01 1.725413268611981721e+01 1.232606465455347511e+01 1.807537962403880982e+01 -2.534178758529978026e+01 -3.835316180796896646e+01 1.501102019362075879e+01 -2.344890354222446760e+01 -4.621087920654734837e+00 4.720310751533794758e+00 -2.606432903278466284e+01
1 1.750494342219046828e+01 1.420098468504122247e+00 -1.467381988279193195e+01 1.125177784755960886e+01 1.900738556547795000e+01 8.765233670440887082e+00 -3.256034798395337759e+01 -3.434042790620312502e+01 8.555168098118173248e+00 -2.281170438698460856e+01 3.635625146630388382e+00 1.377008803484874910e+01 -2.151118579691402743e+01
1 1.704125479563195356e+01 -2.161008563408111982e+00 -1.459493938729192308e+01 1.402867440227748652e+01 1.244815930927585157e+01 8.313405331481094507e+00 -3.424963667900832576e+01 -3.633933012913418281e+01 1.921020918007250833e+00 -3.111226248634067559e+01 -6.681782884986581017e+00 -2.805674472078423937e-02 -3.124549178952647566e+01
1 1.600529054771589443e+01 5.706966441676979418e-01 -5.286752306956719494e+00 4.055158430714119966e+00 6.052540338526257280e+00 8.184740250709864995e+00 -2.869023428552675270e+01 -3.299833443258888366e+01 1.485524773951686761e+01 -2.223435211282827950e+01 -6.839451972752342179e+00 9.207438008842208532e+00 -1.654078280136477730e+01
1 1.561943961901345013e+01 -2.891812626905157391e+00 -1.723262478808820664e+00 4.759428583535060042e+00 1.008450819987564451e+01 1.439360052875747975e+01 -2.827479766930963834e+01 -4.805949662323038751e+01 5.145928822287630933e-01 -2.781996267105306941e+01 -1.527799855339844637e+00 4.260391930141004480e+00 -2.710084550257209557e+01
1 1.494848919021330147e+01 -4.422300271400570360e+00 4.163318929545046565e+00 8.779379184491116206e+00 1.830304914404496941e+01 1.482956259910368679e+01 -3.000365902189189882e+01 -4.260263910577698709e+01 9.595879747638063506e+00 1.542306473461555916e+00 1.581269981293687898e+01 1.350971620609974444e+01 -1.620591967507627373e+01
1 1.458590266510758937e+01 -7.355936318474957325e+00 5.902097140194602964e+00 6.869651666333346007e+00 1.610102796848226347e+01 2.233208398242842918e+01 -1.803684901354849046e+01 -3.009093720848729347e+01 9.765769720342285964e+00 -2.512871338470699545e+00 1.795856745006227939e+01 7.342574935299015948e+00 -2.377991572900863915e+01
1 1.424839665690298141e+01 -8.813946123206552130e+00 9.306374566437906282e+00 5.851903583755852623e+00 1.487981040349488815e+01 2.209498668845731473e+01 -1.630002040486754211e+01 -3.008763681413068269e+01 7.530254056812936803e+00 -1.359692094609816948e+01 1.380047804063672068e+01 1.135579407920399930e+01 -9.811366216666728590e+00
1 1.432221125369990133e+01 -1.613403912725020461e+01 4.874313781627405362e+00 1.391482896726909679e+01 6.635849968102993657e+00 2.621215223755051227e+01 -3.437683182401915172e+00 -3.606667662650370687e+01 -1.610348873180822649e+00 -3.586232252151399624e+00 -5.241563996463336927e+00 -9.946304840533468195e+00 -1.175646014331638156e+01
1 1.348325844841829024e+01 -1.338513736964420708e+01 1.053739241243961899e+01 3.592520380894671295e+00 4.953462298130714814e+00 9.590454495930657686e+00 -1.544450824745326933e+01 -2.750997056059422974e+01 -3.285361031566411238e+00 5.770637079043443585e+00 1.193375990515312068e+01 6.147686560258339483e+00 -2.916731017637583800e+00
1 1.337584593294385549e+01 -1.798703417025604168e+01 1.012801496929786005e+01 4.018025561406814994e+00 1.192317647299975825e+01 2.201385346973500745e+01 1.404843545927293991e-01 -1.905229549157194313e+01 -9.439983147083168546e-01 -3.432911900466914634e+00 4.092563150721393761e+00 -8.476188105920696714e+00 -5.200165107982735790e+00
1 1.325065989836304148e+01 -1.719119062034008039e+01 1.253849938650428975e+01 4.853978376357817481e+00 1.050844702711769507e+01 2.219440559068721086e+01 1.559264548974722864e+01 -1.062598760802877429e+01 3.881679572723110816e+00 -4.740295875759576449e-01 4.148449569031752659e+00 -2.981895853967774013e+00 -1.304145922947476333e+00
1 1.322038866697454296e+01 -2.110511094149175904e+01 1.216159298847249204e+01 7.940741432549440759e+00 5.318793593568329925e+00 4.027358893989847033e+00 -4.054176859568265456e+00 -1.344116551678024685e+01 6.543284657800700899e-01 -1.070704576468775926e+01 -1.810194193466595891e+01 -2.789341148751012867e+01 -2.067791183123087251e+01
1 1.328206855928309693e+01 -2.090002552916343959e+01 1.163584513945980170e+01 5.762467585468262321e+00 1.284517661063637206e+01 1.816956423271049559e+01 1.550166093524983957e+01 4.005386257182568244e+00 6.881516878978351848e+00 4.339563481721896210e+00 2.923863894879065839e+00 -2.795964729433105256e-01 4.469449383515439855e+00
1 1.312262834332275929e+01 -2.059255181780571320e+01 1.029528497408785626e+01 5.253909352701718660e+00 1.287187889069772950e+01 1.569829428253127723e+01 1.700205508709593261e+01 6.887862460716045021e+00 1.194750610210053843e+01 9.513786339470318154e+00 2.846898225476924171e+00 -3.245273887522098999e+00 -1.418963269297405461e+00
1 1.305895539902114955e+01 -2.257617669591963860e+01 5.739617269742613992e+00 -2.987641519949781443e+00 2.259116445065601830e+00 7.622992411631122067e+00 4.973165739321770751e+00 1.522101729302108852e+00 7.246090924452140314e+00 5.704539640265371858e+00 7.177354459176790158e+00 -7.288889739872311146e+00 9.444058877841984279e-01
1 1.294574262391035013e+01 -2.280962448429452039e+01 9.314592342491566868e+00 5.486220510333556177e+00 1.130373420526806072e+01 7.252553934099844390e+00 6.497521502880187150e+00 7.522188980673505831e+00 7.805599279212719566e+00 9.451604287729404419e+00 9.592772338114389896e+00 5.138546946333168108e+00 -3.120689391047775096e+00
1 1.300013912878772970e+01 -2.095950922204913880e+01 9.694410454604796001e+00 1.586939303469879992e+00 9.286866932788260698e+00 1.184498949572817139e+01 8.975223612826004782e+00 5.242015075153367398e+00 -1.684141940500401446e+00 4.511120212666044793e+00 7.105588011503721546e+00 -2.209863537276961498e+00 -3.577193181470922134e+00
1 1.305727798775476067e+01 -2.093136949733640151e+01 1.383847223738809440e+01 8.903560437459717036e+00 1.329096551090631806e+01 1.314006933930795817e+01 1.256060969520341963e+01 2.291972626931886747e+00 5.583328913246230485e+00 -2.796830888162242790e-01 4.128284191061150743e+00 3.971788425154437085e+00 6.797336387473936092e+00
1 1.312000389359358721e+01 -2.288102512445668424e+01 1.254437441453430502e+01 6.727439948937868230e+00 9.257006141697754487e+00 9.834009737764608516e+00 1.379050538046903895e+01 7.937837226260950452e+00 1.154298160355462954e+01 3.075046542287482865e+00 3.279158129900809904e+00 4.444202736376411167e+00 -4.924481945783303338e-01
1 1.309616979046586316e+01 -2.321077585045189196e+01 1.039510230520755485e+01 3.438625387280603185e+00 1.595451333027173124e+00 4.431301425481748879e+00 1.719776203441222506e+01 1.012968983269337109e+01 6.877643921506726876e+00 -1.503693494277550613e+00 1.813335314180438695e+00 1.609969178304508031e+00 2.269819000969169220e+00
1 1.322772161339069008e+01 -2.361126961263774859e+01 1.254329411265881156e+01 7.534795898479083043e+00 1.574065706512402407e+01 1.530382777830899421e+01 1.560314716686557013e+01 8.087251101872308112e+00 1.240908064441428493e+01 9.159164912959177229e+00 6.319138270254911482e+00 4.188270231053259351e-02 -7.417351137704815134e-01
1 1.320893840845927514e+01 -2.050388979630175257e+01 1.240167296757473991e+01 2.130243474945632709e+00 5.726230446929570839e+00 4.713886244047601259e+00 7.318591144458168607e+00 -1.148001818247488259e+00 2.170804888042721092e+00 -8.679858201790578320e+00 -1.113068683644775847e+00 -6.059476419943250036e+00 -5.694024875352464043e+00
1 1.305971638733047691e+01 -2.306834796881921790e+01 1.023142167062230179e+01 3.915370871048335477e+00 1.307002887906976696e+01 2.047818611475438999e+01 2.405903277781310834e+01 1.120210826555510408e+01 9.484272997964229290e+00 5.992453656127545436e+00 1.875536745738030364e-01 -7.152860664838048166e+00 -2.197925829243423834e+00
1 1.292886310101194525e+01 -2.794894481239662909e+01 1.039797217732972712e+01 7.477890935190787403e+00 1.209928396602196798e+01 1.954828310042845985e+01 2.064119565389278321e+01 2.017832301608511614e+01 1.170314607339282453e+01 2.757233694289969783e+00 1.326691939006495957e+01 3.868605449739630497e+00 -1.060223042229780477e+00
1 1.304532660128542609e+01 -2.381324063871945640e+01 1.027414405281032650e+01 2.743672035627195083e+00 8.740228396214801521e+00 1.597065264364401749e+01 2.257308052928661013e+01 1.293412746242573341e+01 1.811649311074684121e+01 1.014612642050388125e+01 8.746368592498605210e+00 -5.842977962155889715e-01 -9.302359734925184753e+00
1 1.305405737595571658e+01 -1.987511619508983784e+01 1.387042621012111887e+01 5.612918176505348633e+00 1.039246577818516037e+01 1.301273052932580221e+01 6.836796709514434411e+00 -5.082643542611705589e-01 1.695908717035948587e+00 7.196576753586204633e-01 6.103817191865764435e+00 3.800320124017306345e+00 9.308270796811946468e+00
1 1.305517286379877895e+01 -2.293680162338293727e+01 1.287968207410058952e+01 8.234110921857693555e+00 1.166831690261738608e+01 1.110015445852098281e+01 1.220656806194268462e+01 8.648567327954177486e+00 9.730998070388466203e+00 3.292309409525858044e+00 5.692230598239119921e+00 3.186172291926786304e+00 5.196906666892434856e+00
1 1.311043686942828401e+01 -2.418850281713168471e+01 8.162940620560977578e+00 3.057702798549985612e+00 6.752442873125536593e+00 1.063516942435395407e+01 1.301771707164138903e+01 1.593273486989499554e+00 4.239557824645729944e+00 2.466496897616899275e+00 1.917544247948168135e+00 -4.606940163404260602e-01 8.797790741964012895e+00
1 1.311184405227515448e+01 -2.817509516421197091e+01 8.570982660761695016e+00 3.233279517525244451e+00 9.657912235508593568e+00 1.697926778471515874e+01 1.703273652152622120e+01 8.078722263881152443e+00 3.613314164427238850e+00 -4.302253945757843923e+00 -3.183825137776521430e+00 -1.363512768136148523e+00 -2.044066996726419116e+00
1 1.302517630865049547e+01 -2.451218693234238444e+01 9.690209209641984955e+00 4.248823519139945937e+00 1.323507162388042779e+01 1.577546984742973990e+01 1.490888071092182798e+01 1.282001022089845010e+00 5.482996825075582059e+00 2.594902089347641994e+00 4.413639621101682842e+00 -1.522100606761598585e-01 9.869592978972734354e-01
1 1.310552931497959328e+01 -2.054992286552641900e+01 1.502365079428703432e+01 8.118261848177263929e+00 1.349965441273804068e+01 9.375436684115534547e+00 1.193047736061877373e+01 3.054863483036502902e+00 1.272832113341374249e+00 -7.202989815405326013e+00 4.609833091340784783e+00 1.133117676752057434e+01 1.338185523365738483e+01
1 1.291195168323948828e+01 -2.233033376273499826e+01 9.463741677396528829e+00 6.067033294341663385e+00 1.313956120490263402e+01 7.598271493217740868e+00 1.111672885084071583e+00 -4.756981673525777055e+00 -8.392522008952578716e+00 -1.324809006326069216e+01 -8.023514446604455230e+00 -1.140811752977391258e+01 -6.312220668091796050e+00
1 1.321236238917706984e+01 -2.353149222232447357e+01 1.164192725363271919e+01 8.411130290591191994e+00 1.464573837182583027e+01 1.341272339614977405e+01 1.973853044825720815e+01 1.563637337214748513e+01 9.351033666636162422e+00 1.841997888532405314e+00 -4.157371408488748976e+00 -1.559514140061464005e+01 -7.917635465686123197e+00
1 1.321468761396848279e+01 -2.366070233197613604e+01 1.002062763815771085e+01 3.558073587856574793e+00 1.184280813820067557e+01 6.338818382683880870e+00 2.215680359071410255e+00 -1.867889203609107360e-02 5.833785572359658111e+00 -2.075955701344407434e+00 -2.342268512821597468e-02 -8.640579544893334685e+00 -7.185349582207903651e+00
1 1.320205716953831576e+01 -2.170833203218644414e+01 1.240228347598820058e+01 5.922323819310829407e+00 6.596093875549719598e+00 6.615440205319128353e+00 3.784613128199282084e+00 -2.632516171830305396e+00 4.620767071694602102e+00 -6.835410234376611882e+00 -3.963711410114805211e+00 -2.719764363452435774e+00 -1.801081591782476954e+00
1 1.303418246290619642e+01 -2.213553966099921766e+01 1.129432752287391573e+01 4.580836109354121888e+00 9.943034629780575173e+00 1.517081009016977688e+01 1.669782172470070591e+01 7.840667077232041926e+00 9.684311967350597072e+00 6.500950458640842866e-01 3.021678030318744934e+00 4.935093627227686852e-01 3.840176678194985094e+00
1 1.322938650241319181e+01 -2.284818364626740106e+01 1.194634082480428994e+01 6.660735115391999805e+00 5.400376980545540384e+00 1.691670650871690551e+00 7.125831364255877931e-01 3.459642466774868752e-01 4.204233342444869237e+00 -3.515531218688547899e+00 -3.058079381052332568e+00 -1.227327479861457515e+00 -5.055852486996110784e+00
1 1.314858357948956780e+01 -2.146520541715999997e+01 1.303137096484421598e+01 7.547083585440816478e+00 1.021750751105185628e+01 -1.096210160007087264e+00 8.873195038746660046e+00 9.973036561937206557e+00 7.967390424860202103e+00 2.623300070798235240e+00 5.537647118379661393e+00 7.210996678338455368e+00 6.803649580678164277e+00
1 1.329637539874549290e+01 -2.356071319222085947e+01 1.418510875473086585e+01 8.924798488606937141e+00 2.039387279236465567e+00 3.368814041384089908e+00 1.594613863151789879e+01 3.373804391609261266e+00 7.773452039927144952e+00 -8.587552777736625842e+00 -9.458667346761277628e+00 -6.724291149217176411e+00 -1.155259925872769244e+01
1 1.308908417540377300e+01 -2.283130702429355807e+01 1.064924378178892006e+01 5.051894939922471295e+00 8.875688720040390223e+00 9.045923272994860653e+00 1.438396150625024461e+01 3.775226041000473653e+00 5.850590295279358699e+00 -3.237005346924491378e-01 -8.652327019560431820e-01 -5.884072281533212490e+00 -1.022058077742528548e+00
1 1.304895546836593923e+01 -2.385473258561922805e+01 7.492363821768370791e+00 -1.049871372105016798e+00 7.251362406726039822e+00 6.932455206602806008e+00 1.080777642297987740e+01 1.774831111116907723e+00 9.609928458450832878e+00 1.668262582463366339e+00 -5.743577010306286645e+00 -2.100916109748096172e+00 3.072151288259412194e+00
1 1.312408260659853454e+01 -2.331168648851836167e+01 8.780224717705683801e+00 2.764598647587564462e-01 8.125376040354932883e+00 7.124135977627107152e+00 5.913237293481786061e+00 3.497916166228884460e+00 7.372394656069356955e+00 -3.891921175911571495e+00 -9.556530469844297215e+00 -7.423084569064289262e+00 -7.576204630910438276e+00
1 1.311837066537166940e+01 -2.405332297307414180e+01 9.953482874152374649e+00 2.044483536202042373e+00 5.388591412401455116e+00 1.107770777983630994e+00 6.016312443506983243e+00 4.639537624340921873e+00 6.217839818366332594e+00 1.942063661021730669e-01 -3.083735611402731447e+00 -9.413327930044960823e+00 -3.772437240339792996e+00
1 1.323554481167546726e+01 -2.341955716721668779e+01 1.055143963925519124e+01 4.841370164456160197e+00 1.204977215381290634e+01 6.873615479943054218e+00 9.418689063520574223e+00 -2.341184284454512987e+00 2.725578329186794768e+00 -8.248538282630180518e+00 -1.668799780482033590e+00 -1.862274179310524858e+00 -3.792592583057474709e-01
1 1.303752396847323070e+01 -2.391719313927113433e+01 1.014089116784337996e+01 5.231663028878783095e+00 9.219705289665983017e+00 1.108683630225974248e+01 1.485686724904620526e+01 2.436376507897804800e+00 1.078377162701835701e+01 -1.686557942200320737e+00 5.809377606900918423e+00 3.495824604037256922e+00 -1.120772579478993114e+00
1 1.326091509922327560e+01 -2.619528565689993727e+01 1.005441450424557814e+01 4.369806625946850431e+00 1.298831632215781262e+01 1.525081048792079308e+01 1.310468762814992516e+01 5.050151567536003583e+00 -1.642977843883774991e+00 2.393314180848805928e-01 1.973455889974168098e+00 3.352327275545983643e+00 5.564364018077005092e+00
1 1.294462050997907099e+01 -2.592077267190205703e+01 6.390299021105001032e+00 1.823122188617121830e+00 7.080058628701437762e+00 1.546792943504046747e+01 1.929685764224566569e+01 1.454050604553704673e+01 8.116643247449713883e+00 -4.346603774819357113e+00 -7.262790997753092448e+00 -7.434037967071184916e+00 -6.361048583718506677e+00
1 1.307042638700078463e+01 -2.571330463524512666e+01 1.148270043787040073e+01 1.112450046830617367e+01 1.247860689851180638e+01 1.211634856257778203e+01 1.094202030340194476e+01 3.927348555955300302e+00 2.235340199209014389e-01 -8.731143833028645052e-01 8.098508015581217023e+00 2.191484668840502525e+00 -2.109495627123410433e+00
1 1.300271878245432156e+01 -2.237602995587380050e+01 1.041912186415925312e+01 2.271260527195177126e+00 7.074753133464567689e+00 1.217388436041390243e+01 1.214438157560690357e+01 5.163588363780477586e+00 9.690346524783912230e+00 -3.227173374126481864e-01 3.008351449105821196e+00 2.180332472688307988e+00 8.308708703666402018e-01
1 1.313465141283709414e+01 -2.403894766029613450e+01 8.954089212893762806e+00 2.429569689016177758e+00 9.164099896966396486e+00 1.144613642523433050e+01 1.342747740638350074e+01 5.589946853426845053e+00 4.600115954843519539e+00 2.241611882777659215e+00 1.142507602062466177e+01 4.579100284974514601e+00 -7.076073218128333675e-01
1 1.321090476889666476e+01 -2.378926594565112040e+01 1.121225459300269023e+01 6.492993631255194131e+00 1.504735706740029322e+01 9.931903103471512395e+00 1.000259369425005751e+01 4.506129851552177712e+00 2.855610963073724751e+00 -3.674579536627410992e+00 1.151937583198649362e+00 -6.999508224325316164e+00 -2.478885724103099708e+00
1 1.307050631769840443e+01 -2.450050872777595856e+01 1.085899685826367644e+01 6.753732977133653392e+00 1.718690502383075014e+01 1.425834333437768642e+01 2.210455479086321873e+01 6.394007482432165546e+00 7.758489500879597323e+00 9.273691548987761379e-01 3.787793467723983287e+00 -6.347859579880621439e+00 -4.223635025809959309e+00
1 1.317024298086609235e+01 -2.580136440649974716e+01 9.386678820732338835e+00 6.003225726881088242e+00 8.305897211862209417e+00 1.036302421360342940e+01 9.986910034094718114e+00 2.424932529887814159e+00 2.576901110777686021e+00 -7.455036722276314975e+00 2.037693574620448533e+00 4.322921850345180061e+00 -6.416759115550816350e-01
1 1.319385564949972078e+01 -2.403843642599577990e+01 1.068496533685521399e+01 6.426655897108532578e+00 1.066115762497645392e+01 1.243446588088764848e+01 2.281945183537312616e+01 2.182713936095567320e+01 2.171344993817812963e+01 1.096180619604280793e+01 6.057242014966687904e+00 -7.430458193255550015e+00 -3.529691281560232152e+00
1 1.335481593943803524e+01 -2.539147739244852531e+01 7.891687614537621798e+00 2.809369618353963372e+00 5.619318638704018376e+00 5.860625544244054907e+00 5.452325332888645626e+00 -2.613205222706606268e+00 4.940175368361956920e+00 -8.265854269568714940e+00 -6.568412285034493259e+00 -1.524108092749554721e+00 -2.945021309242723095e+00
1 1.317009388584060225e+01 -2.774455564890983084e+01 5.229276698329704764e+00 3.081141754979280778e-01 3.267343882071157779e+00 9.806698605339101427e-01 -7.652711490506354242e-01 -1.238053312415507312e+00 -4.635439573814343461e+00 -1.366060970936450580e+01 -8.953033129178368910e+00 -9.685570888058851580e+00 -5.417124263616553748e+00
1 1.325935313053976650e+01 -2.482698554496266041e+01 8.269091240101126061e+00 1.211458699041565890e+00 3.198531822737975983e+00 5.469540170430725823e+00 1.450677980758922558e+01 3.148020315859128448e+00 -3.345120889122129793e+00 -1.148071445112111100e+01 -5.665694334274996358e+00 -7.148000861595486199e+00 -6.044042981869853115e+00
1 1.330693215721227496e+01 -2.360255789465795928e+01 8.281881232844236607e+00 -4.419950394826248630e-01 5.283340621216042088e+00 1.369767214763992413e+01 1.774966446688422650e+01 8.568341985529574600e+00 1.049700621442304005e+01 5.420183780010832564e+00 5.135587019265066999e+00 2.967348939444993228e+00 6.653192072295208703e+00
1 1.324621446609152819e+01 -2.612056574613756510e+01 9.545617181067489909e+00 8.426088733084996507e-01 1.426501987993151754e+00 9.303975818309581314e+00 1.321237999284590003e+01 4.745210165113513234e+00 8.555388168753642830e+00 -2.616827558274017029e+00 -1.909378211067621400e+00 -1.808220058629991467e+00 -1.216975507489134189e+00
1 1.310535062663984185e+01 -2.434027387458546343e+01 9.916944456460498714e+00 7.597856436259734281e+00 6.948297715478971348e+00 7.252477583276714768e+00 7.189347411870961047e+00 1.100846448927057430e+01 9.948829372189063491e+00 2.133195091526466636e-01 -8.965298079292926658e+00 -1.476801564482554596e+01 3.478822500436287601e+00
1 1.318934627609783128e+01 -2.435917336220881779e+01 1.079738318229173011e+01 9.474501660418884086e+00 1.056272834154449392e+01 1.808939154551251960e+01 1.579129049158861875e+01 6.591927442761087441e+00 1.060140891471026769e+01 -3.394975971434062600e+00 -6.518327880372044802e+00 2.793931893920595488e+00 4.724965777888445295e+00
1 1.320094033999698624e+01 -2.222889879000100777e+01 1.363147965850244780e+01 8.675500796849217267e+00 1.098734808790206863e+01 6.258028838910065339e+00 9.243441537623601434e+00 9.209425530997451759e+00 1.226261363754312406e+01 7.314998924303046657e+00 4.863771195533206360e+00 -3.778327638201114169e+00 1.563608750466792374e+00
1 1.319703893058128230e+01 -2.262462163438670970e+01 9.947369918978896663e+00 3.541380557851456778e+00 1.088572770479837537e+01 1.722091371664665971e+01 1.262608116316509665e+01 4.464863716368737911e+00 8.768059506345810661e+00 -3.398732873625143203e+00 -2.772086913372442396e+00 -7.239571241624752851e+00 1.526940658694745823e+00
1 1.312155691163649429e+01 -2.651135700772012171e+01 7.585833436347050984e+00 2.107282365258947188e+00 3.283491067379997297e+00 2.242468376913468120e+00 1.365651685967773687e+01 1.052521243475294455e+01 1.758799972188025862e+01 7.563554533901707622e+00 1.148164921411999773e+00 -6.076579581809220088e+00 1.101699595306374402e+00
1 1.317410494227548767e+01 -2.062844590827029023e+01 1.303457325576995274e+01 3.685621449588214915e+00 7.571427227006481075e+00 9.696455251318818469e+00 8.420447497760115141e+00 5.817770862238864638e+00 1.995347821174507885e+01 1.748370316408731284e+01 1.120378089902940211e+01 7.306999874464505940e-01 -3.005391987477748383e+00
1 1.709108496568254054e+01 -3.694036148546725684e+01 6.650570464700298778e+00 1.142902225295739882e+01 -4.210321766126686960e+00 4.750400410928519079e+01 1.747717611837633411e+00 -1.226308346670685978e+01 1.438962255686200109e+01 1.295020472954233703e+01 2.385105173286730995e+00 1.265033389121451890e+01 1.347907556664457118e+01
1 1.471871100397107845e+01 -3.390410992817451330e+01 7.317220788336976867e+00 7.084095649115134563e+00 -8.248972146657816751e+00 2.083651995944853752e+01 7.610967045863211711e-01 -8.543985974509375581e+00 -2.343561915648899596e-01 -2.108460083861828371e-01 9.399078343409479785e+00 8.273309910832349345e+00 6.540046422876713006e-01
1 1.403676962266861672e+01 -2.681584035932848664e+01 1.060954305011017951e+01 8.441134885227704387e+00 4.512514737020925648e-01 2.057712237416277290e+01 3.315914202590125814e+00 6.664226679925623564e+00 4.004911983054245894e+00 2.303756282693659729e-01 8.181895215492572149e+00 6.011793799770304148e+00 1.068723550054140325e+00
1 1.393150859200918568e+01 -2.829829975615260906e+01 8.686237538952996218e+00 1.076303139620295291e+01 6.607875283640870734e+00 2.847007669086158188e+01 1.548673306266203120e+01 8.051924668348924286e+00 1.255896689154636192e+01 1.176559219488758501e+01 3.175715783244076551e+00 -3.315118995932937018e+00 -4.224306042269973638e+00
1 1.349930998795195514e+01 -2.654655849457934025e+01 7.266203843017111197e+00 2.490650448978816378e+00 3.317277617008310919e+00 1.485338174145970491e+01 8.515273671585472215e+00 1.477508009687777735e+00 8.942065925871393262e+00 6.052086934411358976e-02 -8.671057924975037468e-01 2.593027755508706456e+00 3.529733902097294540e-01
1 1.337110775304419796e+01 -2.739491528698891543e+01 8.555571379581927260e+00 8.445272134339761649e+00 8.537938363211095449e+00 1.533952853204968392e+01 1.139274771771264838e+01 6.530373620186217032e+00 8.887956006929407238e+00 -8.167976825506624294e+00 -4.200638234985655473e+00 2.235711009794104864e+00 5.773313834419828705e-01
1 1.327066381756148594e+01 -2.000881329153461863e+01 1.509972800578167984e+01 7.856371852946911538e+00 9.984300649644994863e+00 1.077223309513403748e+01 1.054763958364403464e+01 5.169009679194857654e+00 5.497797033394854260e+00 -6.169275633457489416e-01 7.365430883226721015e+00 -1.205255713495191561e+00 3.879091310899298040e-01
1 1.336647007669836107e+01 -2.421803246660465803e+01 1.200261566695235160e+01 7.613877902815680443e+00 1.112939281196398689e+01 1.316754589303339174e+01 1.261445902225521287e+01 4.505885800928679963e+00 1.028367500525240708e+01 -7.246927241563479782e+00 -4.800526394753956150e-01 2.848280003453043996e+00 -1.176755556486325460e+00
1 1.312533356488839509e+01 -2.376952649610249679e+01 1.145420525333070927e+01 1.110212170832540579e+01 1.275859516817134143e+01 1.239064770277777328e+01 1.532065320864837155e+01 7.267068008957480174e+00 5.311678492735990353e+00 2.946423500445275456e-01 4.643304913446695714e+00 4.079277519529748375e+00 -1.588897080389155558e+00
1 1.314030932755841441e+01 -2.184659790748384722e+01 1.117780405526988829e+01 6.499522731759206806e+00 1.042813761322615917e+01 3.792799691566958398e+00 5.654996009069126472e+00 -1.424370248476918566e-01 -3.370389464686556202e+00 -9.333830396612917468e+00 -1.872776331588152654e-01 4.352287790270054302e+00 4.634069640760409392e+00
