1 1.309295466466825175e+01 -2.331092906747750249e+01 7.712738260790047207e+00 2.553919942750770389e+00 8.013452307827302334e+00 1.514858480437976240e+01 1.902624368964573165e+01 1.130656367450456834e+01 1.379728610560224489e+01 8.029496449877958852e+00 1.361432181148896348e+01 7.621670584241946322e-01 -4.889608081653808114e+00
1 1.307256753946843730e+01 -2.435776534877921051e+01 9.706994198823354125e+00 7.853809496340544705e+00 1.214469754713161720e+01 1.431752304607554649e+01 9.990750523810977057e+00 4.890478966694715268e+00 8.698401585438615413e+00 2.534279849491364978e+00 2.915528906147808907e+00 3.748446502744080977e+00 6.194422026624097910e-01
1 1.313734892448279190e+01 -2.256867605092446638e+01 8.912472810410054791e+00 5.642203403687105379e+00 1.251106245490857383e+01 1.248235779233020892e+01 2.000128663974410514e+01 1.213117810384613371e+01 6.491946149059651283e+00 -5.977992791006147222e+00 -5.156673453320399503e+00 4.210163667507254459e+00 8.978306374835655745e+00
1 1.331216511992223417e+01 -2.139931753991457342e+01 1.246766662457499031e+01 5.976048638212411390e+00 4.593312085853947124e+00 1.732002987951753559e+00 3.406355353845033296e+00 1.645138318448044590e+00 5.869501687404089729e+00 4.079026156988482477e+00 7.439319530579391326e+00 -2.842811196359189996e+00 2.117029616610766607e-01
1 1.308746938773676405e+01 -2.310222322686083274e+01 8.883746248529627465e+00 9.254178887110241503e-01 3.536249857312145028e+00 6.388774446392793571e+00 1.370405854380505772e+01 1.219811874309719890e+01 1.655556199490073155e+01 9.672625660005893522e+00 8.667459351393649314e+00 -5.421775590286641133e+00 -5.020893608106350436e-01
1 1.309329230306662062e+01 -2.355057043077800927e+01 9.670330019378530650e+00 3.436867892858164186e+00 6.588476462595063587e+00 1.122537317714933103e+01 1.100318128973153797e+01 7.896167212758228082e+00 1.075326454370913787e+01 7.184523563192522388e+00 -1.334888653419005866e+00 -6.171330499384479751e+00 -1.681783266644091057e+00
1 1.302546730571539513e+01 -2.392571700420839775e+01 7.807630795083993824e+00 -7.606258424684587682e-01 1.069705611843453852e+01 1.507878704886246979e+01 1.896007846547420783e+01 1.512050503029206716e+01 1.712542777279915995e+01 5.347205968390556841e+00 -3.993695686450464244e+00 -6.151984801320540264e+00 -6.867847403661870409e+00
1 1.300283827749384358e+01 -2.419736146874332761e+01 7.215540497222936445e+00 4.192349663823383032e+00 8.556352138094633020e+00 1.005447438026190810e+01 9.304330208173462680e+00 2.989637439477627723e+00 7.417227722261443112e+00 -2.100056658243380170e+00 -5.651734069829219109e+00 4.340707744805117230e+00 9.920829324141623218e+00
1 1.316674105650713678e+01 -2.364580441315765214e+01 9.417224936977795835e+00 1.776112346354929983e+00 9.562348528444953644e+00 1.284804775785565312e+01 1.872705691723381705e+01 2.878994050885340439e+00 2.775099074563528223e+00 1.068866656172543950e+00 5.631535330630419445e+00 3.553793885732278390e+00 7.614614395549487824e+00
1 1.302260891897195982e+01 -2.329473331177988271e+01 1.022520894669534997e+01 8.035146429580247940e+00 1.325519034149992592e+01 1.540890114878179773e+01 2.436210077937155916e+01 1.020306081756897498e+01 8.111640405542106080e+00 1.316026899568647046e+01 9.450398963350648884e+00 4.461347488154064678e+00 1.285003893881851544e+00
1 1.304617898144366706e+01 -2.367213115978454852e+01 8.442725404971747949e+00 3.509025916505711939e-01 8.027831432708650183e+00 1.658210116519765265e+01 1.933802083294421337e+01 1.719400651940939539e+01 8.783657164362887571e+00 8.152957985955568532e+00 9.449712294045868433e+00 -2.953946391965822205e+00 1.062889242180840688e+00
1 1.313457480641564601e+01 -2.337978337029737474e+01 1.146048258436040257e+01 -5.121895238470494660e-02 1.120095997553408607e+00 1.086288898607870657e+01 1.602474736063730631e+01 6.711573103583115874e+00 6.552328520024435221e+00 4.798202028723951074e+00 6.875318837340797629e+00 -5.079530476748595369e+00 -3.559264134812070157e+00
1 1.306957543038287106e+01 -2.480532046129435741e+01 6.487274406680130667e+00 -3.415528655977030592e+00 2.419048476309099804e+00 1.308539770330628116e+01 9.890517230163226259e+00 3.669976465795363740e+00 1.379616006959759567e+01 5.306140869258586967e+00 1.106457284146850739e+01 1.838505159929291111e+01 9.156340111075614629e+00
1 1.323923837237486012e+01 -2.634027747307230172e+01 7.224785621270356728e+00 2.911713228603984849e+00 1.071100874273877679e+01 1.956342309223128240e+01 2.201421586524657314e+01 1.495125157212754630e+01 1.276843745179949074e+01 1.903768937369404168e-01 9.928776067740546551e+00 3.067632195241639437e+00 -9.899573242853868527e-01
1 1.331916767059188622e+01 -2.605566738829746498e+01 6.923474280880434151e+00 -4.515671484477342013e+00 4.657147776772151970e-01 9.425320998652050974e+00 2.247074703108024707e+01 1.088751948411338333e+01 7.850492988476769796e+00 1.487619795613840612e+00 3.457537102671829121e+00 -1.354782731591239520e+00 8.656223560848003373e+00
1 1.318049128963550487e+01 -2.679194816731307327e+01 5.629935718565136860e+00 -2.636502539640911413e-01 1.214781002181305603e+01 1.810538107042420108e+01 2.246178969711257167e+01 1.986874424609221368e+00 -5.769487310602070540e-01 -7.386246260282585574e+00 5.841260950452305950e-02 1.321114765049061113e+01 1.525107197358802225e+01
1 1.323750838857803558e+01 -2.168015821067378823e+01 1.134754786425395956e+01 3.677557291985352528e+00 1.272781650269660680e+01 1.032673868015690566e+01 1.461875632562209759e+01 -1.416372692436222769e+00 -5.187658003123118533e+00 -1.706601272714399098e+00 3.910849775287807084e+00 5.850897315955013944e+00 1.143078561025735951e+01
1 1.315354377829202193e+01 -2.499543765573771736e+01 9.152278036306087827e+00 5.430330714061428310e+00 1.066593595881839995e+01 1.700765775085326936e+01 2.149329764023697464e+01 1.761861148565268564e+01 1.775033873540107265e+01 5.058449180654570831e+00 9.630945229357573467e+00 9.429014721707559943e+00 1.424057554583841601e+01
1 1.328123691159053976e+01 -2.249532665075591709e+01 1.244059283717062847e+01 3.709262259174436416e+00 5.162326240236370545e+00 5.257873057947881179e+00 1.249790703926163893e+01 9.669760962199889232e-01 3.429846796959172384e+00 -3.379047739975608033e-01 9.589426204124908537e+00 6.449499743366596149e+00 1.035214097170742598e+01
1 1.313269517644415885e+01 -2.293043732189082817e+01 9.844520474789291598e+00 1.519311825358434564e+00 1.219428699691544971e+01 1.681765171795729685e+01 1.913149968500341203e+01 8.067250980909822289e+00 5.445639940739626539e+00 -1.248038325910268975e+00 2.623125918250567512e+00 5.952743261286180143e+00 6.432044896282667956e+00
1 1.315900832509621488e+01 -2.141175330713413416e+01 9.657203426658576007e+00 5.287631775023264424e+00 1.181205907664093679e+01 1.232603776324964073e+01 1.667742170564403636e+01 1.261362613452314463e+01 9.368516197935150558e+00 -1.282440475444526773e-02 2.954400742800722846e+00 5.955091791843539539e+00 5.513209956088000574e+00
1 1.326879750314369666e+01 -2.210290356245634413e+01 1.096594209333266789e+01 4.978219996463634445e+00 1.460779068653816992e+01 5.103004407894320416e+00 1.267978768962601599e+01 -6.164146466082234266e-01 2.243218087508496605e+00 -1.061925354438532754e+00 2.397673996569329002e+00 -1.681568860432260282e+00 2.185431605096216146e+00
1 1.304850038402919665e+01 -2.424382242093863482e+01 1.153144378296885186e+01 4.706170756261685462e+00 9.197566174192491673e+00 1.469700851327018221e+01 1.960412047537058555e+01 3.823196653135445100e+00 3.308401043218554882e+00 -1.903631872929817115e-01 5.921223777269132960e+00 -5.716645657656325152e-01 -7.004420158009460273e+00
1 1.316790506895841872e+01 -2.451172273488246844e+01 6.557484446621134389e+00 4.149248300373885812e+00 8.095239296300482224e+00 1.019529696595746415e+01 1.329594036404708213e+01 1.782125741774534866e+00 6.953609044005902184e+00 6.899938663052468613e+00 1.194369811066407117e+01 9.939033827079578387e+00 1.212590796365187629e+01
1 1.313838095842386799e+01 -2.716291961855839787e+01 5.340379277965239702e+00 5.454666981476133714e+00 1.024484890399678250e+01 1.380850690172100492e+01 2.208644295091510656e+01 1.388513433061393698e+01 2.751307839084129014e+00 -5.229513881094287164e+00 6.838488517985028103e+00 7.002880931380019547e+00 9.023738499407578217e+00
1 1.297748640523747987e+01 -2.041161338854907825e+01 1.187306867916913333e+01 6.373883709431705569e+00 9.349000980662895088e+00 3.411758189675940134e+00 8.817647645323249961e+00 4.475971801769278891e+00 6.120880030779106029e+00 5.624489427342814096e+00 2.920768121740997536e+00 8.751869249424670816e-01 5.200663628590405985e+00
1 1.310523272505399284e+01 -2.724788271320772637e+01 4.111636963413471513e+00 -3.685728143353135255e+00 1.538581055662916475e+00 1.916125541652432540e+00 8.294515516729672910e+00 2.605246730702011071e+00 3.261366196528394212e+00 -5.057408350038659961e+00 -7.454708448731231840e+00 -1.073822727678700595e+01 -7.525906297847448911e+00
1 1.316250570458593216e+01 -2.076914570791126380e+01 1.242956490706789197e+01 6.747500508666674612e+00 1.085057866958119277e+01 9.020242492180019056e+00 1.052773095530153746e+01 3.819618533849518105e+00 4.067843744203538670e+00 1.915086601157524493e+00 1.167741201926700612e+00 -1.234674672544307406e+00 -3.551050947293549864e+00
1 1.316213638350293458e+01 -2.185452765880097203e+01 1.389096332056132788e+01 9.662861239889451781e+00 1.658061318707710896e+01 1.456674835912322408e+01 1.414581451108918486e+01 1.903011151287743896e+00 3.742574569793982509e+00 4.262856649615348381e+00 5.043497535157311695e+00 1.938204539020248696e+00 5.696459250163969479e+00
1 1.308211960517068206e+01 -2.560658415090568241e+01 8.367088940408713427e+00 3.250689804211496448e+00 7.549527566589356198e+00 8.028376875814657865e+00 1.013276383646555168e+01 1.988029211844688948e+00 6.452632341158603957e+00 -6.955716463931504556e+00 -7.295754284171335868e+00 -9.978807796812816377e+00 -4.064338746538409097e+00
1 1.303663235146749599e+01 -2.158329626980582461e+01 1.159892860788765034e+01 5.361911343136979369e+00 1.190135309862066570e+01 1.028746548777739989e+01 1.426622009082184306e+01 3.770115550198918086e+00 6.740181504057705553e+00 4.810686646263682142e+00 4.917449505313010505e+00 -5.391576658155484481e+00 -5.658178032157078263e+00
1 1.321069381429803080e+01 -2.524709456169302513e+01 8.054513814021632356e+00 7.873851509944319593e-01 7.140556278773344090e+00 9.547781901564604823e+00 1.705037410340515791e+01 8.381723279199780663e+00 1.111184060320047351e+01 -7.638316653148948809e+00 -9.066818179638936215e+00 -5.427180531583189804e+00 -3.546874262622377927e+00
1 1.310756935496885589e+01 -1.937905861946979869e+01 1.282654945451846906e+01 4.867500031780268799e+00 1.058995023900267718e+01 4.873515055460935663e+00 6.464118777619042078e+00 2.595868327684347499e+00 8.174449345095387898e+00 2.634891403995719972e-01 9.357585376678727584e-01 -2.170072038144150284e+00 -1.958883563448313936e+00
1 1.325117791576124482e+01 -2.231213999048101826e+01 1.261180200533157247e+01 4.300571922775790590e+00 7.538617504874165931e+00 9.082405296855048604e+00 1.680682577635812081e+01 9.319647946293715179e+00 9.073584944745512360e+00 4.727981190128829780e+00 1.110916129786634521e+01 1.885211973516697448e+00 -5.785597653342390068e+00
1 1.319883583034144969e+01 -2.311066968707244484e+01 1.057407587892873657e+01 3.110500242399353077e+00 8.178278298126313572e+00 7.027468968451735520e+00 1.257160802389277343e+01 1.087468677016343044e+01 8.421055077129159017e+00 -9.829539704687578094e+00 -5.438246235004566387e+00 6.082948407937380786e+00 7.409539815826078346e+00
1 1.313231199547524497e+01 -2.524472225072261722e+01 9.781935634277223457e+00 1.825143974109120215e+00 2.247149884411500764e+00 6.432124134690761608e+00 1.346404999841608685e+01 -8.227176170400881672e-01 -1.045026105553588813e+01 -1.447782774755145496e+01 7.943878564352461202e-01 -1.321886150232183255e+00 3.855790961282569373e+00
1 1.322014882471938435e+01 -2.362048372506566096e+01 8.830633259486296183e+00 8.442071076250840633e+00 1.724273207037581557e+01 1.231123907869342737e+01 1.563776647482193383e+01 5.541870580159729442e+00 1.523253397179048996e+01 6.137269329180607969e+00 8.033458258932492768e+00 5.696847065542714361e+00 7.852387959852329402e+00
1 1.320232900953442545e+01 -2.681034693879215070e+01 4.117984263757564101e+00 -1.778666999259971071e+00 7.078044347067290687e+00 6.973513542770407803e+00 1.129521676940679953e+01 8.605261974441066997e+00 1.116400499105385613e+01 5.035930647292092388e+00 2.738711846983051146e+00 -5.179188886521078672e+00 2.467241329671127303e+00
1 1.315100745485511524e+01 -2.327245974997502387e+01 6.840900201578534734e+00 3.257722816578002778e+00 9.985022077144840580e+00 9.714186241350940776e+00 1.649319063952910014e+01 7.797463621759003871e+00 8.520926146794204570e+00 5.674414410337485393e+00 6.002311939705080590e+00 -3.647940068315514317e+00 -6.314039335707191114e+00
1 1.322403398350802561e+01 -2.558537749879241119e+01 3.221625945343650432e+00 -2.909844603351132264e+00 1.008300765095103380e+01 9.161984453370237702e+00 1.671187315695149778e+01 1.853373843942754506e+00 -3.998150418456519972e+00 -5.453377275928397161e+00 -3.193504077081054771e+00 -1.308074069480297297e+01 -1.166284109582685957e+01
1 1.313248790446324676e+01 -2.888483765984588558e+01 4.440787992114355376e+00 -9.968106395478171233e-01 4.215477186083105288e+00 1.158450087436517606e+01 2.036428862443446164e+01 6.414171693470575697e+00 -3.470645362426698632e+00 -6.865722972350734921e+00 -2.790688748269974373e-01 -2.128389183807740892e+00 -1.110224522986073126e+01
1 1.309581716472220414e+01 -2.398289444645303092e+01 9.900921379767567032e+00 6.190321530013494389e+00 1.234252734272089747e+01 1.433943589451564904e+01 8.502293075929239663e+00 -3.213021910692207550e-01 4.306092591973350814e+00 -7.911706343991682377e-01 -3.798758356691169791e+00 -5.488508686516560431e+00 -1.044837802565136897e+01
1 1.306098932047846617e+01 -2.556884017758414629e+01 5.697740909030173384e+00 3.996149786634961565e-01 1.121485748054807097e+01 1.095738331632547968e+01 1.075110162142942549e+01 7.512778592634542285e+00 1.128897440586049505e+01 -6.624344953874203856e-01 -1.801815435981246827e+00 -5.788315440861912187e+00 -6.328700269558034108e+00
1 1.326689189329924190e+01 -2.413701425416541113e+01 9.706537296642835599e+00 -7.715668456678231868e-02 6.269694819856928447e+00 1.407144324113669676e+01 2.411345226826613342e+01 6.304513993121770632e+00 6.172189200430957534e+00 3.070845745422694506e+00 2.472399168444914697e+00 1.495497105594324028e+00 4.019297439751073675e+00
1 1.316814270988882818e+01 -2.589529064231583178e+01 7.001050466072593181e+00 -4.674128596672740166e+00 5.905443470335677070e+00 4.890202322726946882e+00 7.681129931682771250e+00 6.604513124406475200e+00 9.575212519091397922e+00 8.107869480153020447e+00 -3.297212943559849618e-01 -3.521320601663317618e+00 7.946098665138972450e+00
1 1.331739553711730295e+01 -2.513865264569105307e+01 9.688481160990340513e+00 1.621688677538167589e+00 5.018706535828202142e+00 5.775725332992101002e+00 1.185039370458746077e+01 7.394253181173571221e+00 1.566838573246077893e+00 -2.833997241426632119e+00 2.794774771514559220e+00 4.572349842619775728e+00 8.776209916955188817e+00
1 1.379288833536704928e+01 -2.090839427564784359e+01 -9.463543591068164673e+00 -8.671699824852172611e+00 1.081485978495136635e+01 1.692461553685191689e+01 -6.909835919151028349e+00 -1.998449223933130625e+01 7.696224467600103480e+00 -1.925687361765090921e+00 5.490618957311749426e+00 1.187275313142244215e+01 -1.616403898632910341e+01
1 1.352382793496456870e+01 -1.721427221931115881e+01 -1.882014792674545633e+00 -5.751502561878773179e+00 1.665581528744812445e+01 1.749111451355182467e+01 -2.830802906334269231e+00 -8.263278003944904526e+00 7.604557196439051481e+00 2.762289496001395062e+00 1.420454952841688545e+01 2.072650359368773110e+01 -2.902725768254959871e+00
1 1.354486665913381493e+01 -2.555233832274216610e+01 7.909530817362034227e+00 5.857526432472640820e+00 6.564244914571174760e+00 2.462968994907603104e+01 1.235365971003114183e+01 -2.615932851170675644e+00 1.685281974077676992e+01 3.203985537247032944e+00 1.854104782686327724e+01 1.220671321436235246e+01 -8.728815414673293915e+00
1 1.433796796616224789e+01 -2.828149396333127896e+01 9.130118549255454852e+00 1.703806739497867540e+01 6.253374830729272915e+00 3.576014624573156198e+01 1.276428507008801461e+01 -1.039103914276634733e+01 2.306825357128315801e+01 -1.061658066686296387e+01 1.263966228439850292e+00 -2.301026516108763076e+00 -1.259856414460784713e+01
1 1.462117161114206532e+01 -2.761319843843467225e+01 5.149154748058140996e+00 1.066798018700828621e+01 -9.309109658961636224e-01 3.404208791552693469e+01 8.561233703302466580e+00 -1.728586467744955613e+01 2.683721303856734508e+01 -2.939147933014212288e+00 1.118488933219661519e+01 4.706732702442904426e+00 -1.492026259585311543e+01
1 1.497439408794890170e+01 -3.259517022644426021e+01 -1.609003925283882808e-01 7.517240549832288288e+00 -6.383685600887877065e+00 2.502914219663902529e+01 -2.851389888037269227e+00 -1.719924624540241354e+01 1.737247329164383203e+01 -1.592383240571319192e+01 1.344681771078505506e+01 3.019078633801492995e-01 -2.267875965979095909e+01
1 1.512100629795715356e+01 -3.364838761988330162e+01 -8.225762575795326770e-01 7.599428471306636901e+00 -1.147971476469501795e+01 2.404052141933503606e+01 -9.031795714965715760e+00 -3.262129875125089740e+01 1.562715008270586070e+00 -2.107558614972603195e+01 4.668429116124527489e+00 4.489888630357500077e+00 -1.056723631718799616e+01
1 1.690320540128945836e+01 1.014867628720325987e+00 -2.251582348768883080e+01 -1.175845921965637420e+00 3.441407130745408161e+00 1.138151427190940090e+01 -5.546651864107625229e+00 -2.335363623656562737e+01 -1.169991230476817634e+00 -3.458774934167997372e+01 -6.966320750498762315e+00 1.267979166329540330e+00 -2.403431638254351910e+01
1 1.870219046454484157e+01 -2.860966520770638066e+00 -2.255027856584115753e+01 1.254069238753956661e+01 1.799852462913974094e+01 2.959665206653741620e+01 -3.598041102233639776e+01 -4.934384984020508824e+01 2.151287254554768680e+01 -2.884050500769673420e+01 -7.325505877389050235e-01 2.662000610573642945e+01 -2.414212896994557411e+01
1 1.800338817785865686e+01 -6.556498970148441074e-01 -1.561724029578195960e+01 1.033143901819215849e+01 5.335391173772199735e+00 3.586368909131107330e+01 -2.130159334671150262e+01 -4.050151020901650867e+01 5.703737128268585366e+00 -3.637226388341274941e+01 4.215367507733617458e+00 1.487857189021357485e+01 -2.705031899383246952e+01
1 1.803957084104154873e+01 -1.153166119064498174e+00 -1.556033011301585667e+01 1.093474227813329058e+01 2.321597647488481631e+00 2.241910587576207448e+01 -2.499192276905978360e+01 -4.748517163922057449e+01 4.929046247438257033e+00 -2.147659316281491115e+01 5.901249631781218419e+00 6.466307186735196666e+00 -3.088211178701909176e+01
1 1.859012520756985154e+01 3.089059178296127861e+00 -2.245426458590404550e+01 8.219507181601869661e+00 2.275179106797867945e+01 2.649262430158280068e+01 -2.378493589104177985e+01 -3.557653868047154333e+01 -7.563840660751941503e-01 -3.384433217641986147e+01 -5.442664905669123421e-01 1.643972306525867566e+01 -1.970963468521749107e+01
1 1.912932042535634736e+01 2.891766112481230167e+00 -2.838624498816230712e+01 7.080944751493693623e+00 1.312366053657824061e+01 2.307422736090212112e+01 -3.125227057721012969e+01 -2.923617610589771587e+01 1.278418377513244941e+01 -4.028873569567203816e+01 -3.418852257258992999e+00 4.574793723502470932e+00 -2.702372208173578727e+01
1 1.995146182181057526e+01 -2.006650334735629038e+00 -2.838685498423282283e+01 1.456937550490883382e+01 1.930274741162381957e+01 1.935228699778107853e+01 -3.874347908483763092e+01 -4.131903593342089920e+01 8.390333009412699994e+00 -3.359036145493560355e+01 -1.100188088615471127e+00 1.944712344567347628e+01 -2.896946987454158062e+01
1 2.008978485640998102e+01 -1.120581397362268618e-02 -3.378461901497592379e+01 1.950384512613369026e+01 2.250456975766849865e+01 2.092891279847134456e+01 -2.688123889645451214e+01 -3.917468219673243368e+01 6.906294070200494239e+00 -3.492706207454276068e+01 -7.347596841830978498e+00 9.250397982318313339e+00 -2.971022012396667833e+01
1 2.044219013527931139e+01 1.559745962122875529e+00 -3.560910862949024391e+01 9.813134801667013463e+00 9.746230274403162142e+00 2.056718663342040188e+01 -3.249120136324161479e+01 -3.581247390416181986e+01 1.707074043003380126e+01 -3.942853587701605278e+01 -6.853560785679056799e+00 1.658320536236756126e+01 -2.220736394686871762e+01
1 2.033366274918710914e+01 -3.743713604835255393e-01 -3.732533517508833398e+01 2.259904075686692337e+01 2.131768330338754325e+01 2.441143134329005449e+01 -2.844807408290552075e+01 -3.954011399999961185e+01 7.715320523237444661e+00 -4.187336064397527480e+01 -2.068774718277078151e+00 6.089108379885561639e+00 -3.126240184507497233e+01
1 2.038288049632058829e+01 1.081051001815487522e+00 -3.488153582248163076e+01 6.314189941267702721e+00 7.964929028728126248e+00 1.821597413247665287e+01 -3.505838030910180692e+01 -3.997562802801307669e+01 1.223759122645301112e+01 -3.356035984894191415e+01 -9.253062878094333144e+00 2.120805818704308621e+01 -2.247594389989564689e+01
1 2.026537703658708267e+01 -2.110809104157882476e+00 -3.350646419346849569e+01 1.342522505501645647e+01 1.509777213608551349e+01 1.225373186116650182e+01 -1.811814677383774352e+01 -3.064980367076404022e+01 2.434057333889397157e+00 -3.576773108517647159e+01 -6.172682718513231137e+00 1.651829716422680150e+01 -2.223036781807085305e+01
1 2.015929219023190910e+01 -3.694741806076116131e-01 -2.971739959053134328e+01 1.515715398192478958e+01 1.817292532828813378e+01 2.020506895817961635e+01 -3.189662401318196316e+01 -3.285666393306794930e+01 1.064460392345709749e+01 -2.975618776211389971e+01 -5.412141086229834031e+00 1.351812054268709140e+01 -2.284052762258847125e+01
1 2.010073194154310627e+01 1.900517591803578377e+00 -3.173649978160040419e+01 1.489479147693309535e+01 1.464676378904401233e+01 3.277678835979986616e+01 -2.465798342411074628e+01 -3.721507326759633116e+01 1.423287811715070106e+01 -3.872470283343103148e+01 -3.264297095392592496e+00 1.940446904825923724e+01 -2.574890022040286297e+01
1 1.979321051774145701e+01 -1.108358125675703132e+00 -3.171805433062720070e+01 3.740351546591398346e+00 9.792803187985722246e+00 1.484676419218455834e+01 -2.153643226791821519e+01 -3.385800828035841192e+01 -3.915748286465758898e+00 -3.984138366417585786e+01 -9.360105653322703390e+00 1.339397230619540480e+01 -2.334095631345001109e+01
1 1.992896122876521403e+01 3.607753812601818266e-01 -3.292577229845646514e+01 8.220952181985115459e+00 9.494846579492721261e+00 2.112959866430850298e+01 -3.328101653586535491e+01 -5.014871497642207032e+01 1.233408688702355427e+01 -3.804396486738357908e+01 -9.677109361366696305e+00 2.297530714811684760e+01 -2.106713027584961040e+01
1 1.984016161698762559e+01 3.627917526009871718e-01 -3.651471567576227528e+01 1.079954460496689528e+01 1.161025523740600995e+01 1.257312867313304494e+01 -3.547825497681475326e+01 -4.328082240993493457e+01 2.398802495802448309e+00 -4.363459051895849683e+01 -6.208203350244035690e+00 1.120505147184959327e+01 -3.034066580976378447e+01
1 1.990036944463401269e+01 3.374724428943066679e-01 -3.407399081681266750e+01 1.498521153896115443e+01 2.341442657551782247e+01 2.070929267891228065e+01 -1.646766505616136911e+01 -3.587686222652082790e+01 1.321821420777354383e+01 -3.266581422008814428e+01 -2.058550233859199441e+00 2.446181421425349001e+01 -1.885182415444621995e+01
1 1.970191085743157089e+01 -1.788586902508275456e+00 -3.677911210212727866e+01 5.751964574861525570e+00 1.685226729763640563e+01 6.848817735298420750e+00 -3.865296167658402027e+01 -4.382488480154037802e+01 -8.126341038292567376e+00 -4.475106871608451087e+01 -1.539719845938858178e+01 -6.270933235515684379e-01 -3.619305551477218330e+01
1 1.949312196184478196e+01 8.948970317655904338e-01 -2.902508099748256143e+01 6.544968486481452352e+00 1.928126296944035545e+01 1.010247760856779031e+01 -3.097574545367044152e+01 -2.693356040783395855e+01 6.210897382434649394e+00 -2.555850411635561770e+01 -3.919540435992440397e+00 9.984602971138883731e+00 -2.600915433489556960e+01
1 1.905814542400091938e+01 4.857589555520269720e+00 -2.631390783969821712e+01 6.491244861954418965e+00 2.328570657911838282e+01 2.075330685264457742e+01 -3.215009320271590809e+01 -3.207987252690018920e+01 1.601605631687996834e+01 -2.816830384411828803e+01 -3.221290978020145079e+00 2.075411960428700908e+01 -1.829923277808438797e+01
1 1.884801553778439853e+01 -1.370900458230584373e+00 -2.175998869378297229e+01 9.318700383640553753e+00 1.732118655205394830e+01 1.858849633263524836e+01 -3.868481945109011377e+01 -3.754631603012479957e+01 2.384741303179693794e+00 -3.912411681596184110e+01 8.526506535066593617e-01 1.434655622405010433e+01 -3.131469451636217727e+01
1 1.810900114635613889e+01 1.095920501051881546e+00 -1.590321742183243003e+01 9.791790021031010482e+00 1.212448552346321229e+01 3.401602244567156674e+01 -3.217944860364321613e+01 -4.565938483245360402e+01 9.470991353944205215e+00 -2.478419953939658527e+01 7.447165387295773264e+00 1.680300407680230634e+01 -2.948387227461237359e+01
1 1.748556683189924499e+01 1.674657459721671460e+00 -1.580244905643646902e+01 4.511046772270240091e+00 1.200381734872628670e+01 2.628921283290834410e+01 -2.486394625883298559e+01 -4.811629328451225973e+01 -1.272919898512521630e+00 -2.949430126765638605e+01 -1.225633961481779011e+01 -2.923382599470171206e-01 -2.837218660646655977e+01
1 1.776028790717004213e+01 2.550310965191004975e+00 -1.754557382738400406e+01 1.627021710670210508e+00 4.476113701717631344e+00 2.377740210845743363e+01 -3.152315899826344392e+01 -4.834913841019933045e+01 1.390495561735214736e+01 -2.004247846254586207e+01 -4.548554823105287248e+00 1.293151883464052077e+01 -2.560828165586598004e+01
1 1.759788394336356276e+01 6.885740005423925947e-01 -1.476863627783358623e+01 5.745571472390175849e+00 1.373009574869636040e+01 2.837543741501324845e+01 -3.005691324014832233e+01 -4.736053256629239172e+01 1.175137263242719854e+01 -3.379456436362987404e+01 -1.099592372038866017e+01 1.071916728911146599e+01 -3.642667359868354282e+01
1 1.786567475983170183e+01 -5.621303776044446823e-03 -1.660052519297951434e+01 5.835961985291792331e+00 1.444187481105395143e+01 3.654443125667104653e+01 -2.792115552313205384e+01 -3.983195651679715610e+01 1.594250334433248462e+01 -3.596804584956993267e+01 -7.805580345035373346e-01 2.843871749279754724e+01 -2.257462042338945452e+01
1 1.798401997785700246e+01 1.694837035110325629e-01 -1.988038579206019918e+01 1.357873689371776604e-01 1.079478133778598448e+01 3.239257965173738540e+01 -2.756107239350322047e+01 -3.458165115719268101e+01 7.853783831192608034e+00 -5.026647036074034247e+01 -4.824224881325529068e+00 7.111448691106510900e+00 -3.161120973472898399e+01
1 1.800984237492919249e+01 -6.898005853069599791e-02 -2.169432003973665601e+01 3.310787898163981779e+00 2.357463927368809209e+01 6.699906542019325784e+00 -3.779024122241786898e+01 -3.937974010837560002e+01 -1.214244147071709712e+01 -2.555322703635507153e+01 1.151987934585184270e+01 1.609462558403748389e+01 -2.759464518472252337e+01
1 1.813491398737512839e+01 -6.772321986222322454e-02 -2.205806980945166629e+01 4.666496291262157037e+00 2.063667363325197712e+01 1.593158625063447431e+01 -3.892933638699506105e+01 -4.924967099173159113e+01 -6.936280619495109601e-02 -3.426287976361560794e+01 -2.960081170738026568e+00 2.402876565142961951e+01 -2.699281879120952965e+01
1 1.835745349226665368e+01 6.811401513941764962e-01 -2.539236285724689424e+01 8.974575215765664638e+00 1.725535561059340850e+01 1.925552297825299064e+01 -1.928965586900469731e+01 -3.141922573293360443e+01 6.888342486785446361e+00 -3.305046787511098216e+01 5.494819598001568828e+00 1.898927192157420407e+01 -2.371892349449642268e+01
1 1.827246989936825017e+01 -4.677551564847765242e+00 -2.425002149552366504e+01 1.205316595469766661e+01 1.777989887025661631e+01 2.411881460351319362e+01 -3.682321009160018122e+01 -5.550753190152001793e+01 1.176689058738339355e+01 -2.483370530734069703e+01 6.725866605160563338e+00 3.093885155951844013e+01 -1.303159248174533147e+01
1 1.773306997272177910e+01 -2.551253482131779826e+00 -2.237986815343680291e+01 6.155019705388903084e+00 1.108905260925432401e+01 1.872538871580736952e+01 -3.562849625941715459e+01 -4.738797855546429361e+01 -9.559440013870534880e-01 -3.017434281056471335e+01 8.656420027764255565e+00 1.473407342942718934e+01 -2.565895980464427950e+01
1 1.691160675253413004e+01 -1.376128829474923432e+00 -1.973786616447284459e+01 -2.530919337459308416e+00 1.014701178643567481e+01 1.644582524173210913e+01 -2.871232184873045767e+01 -4.532389805598065635e+01 7.672101581659416247e+00 -2.488883851928722279e+01 9.785585471564290927e+00 1.832448598772396053e+01 -1.418495230816501795e+01
1 1.645754662356252496e+01 -2.616492250562402422e+00 -1.782798655306943658e+01 -1.040080485124614595e+00 1.028936233191328320e+01 1.635881680366689750e+01 -2.169927619500997196e+01 -4.522396364066884189e+01 1.323309744311396807e+00 -2.523350047443957322e+01 -3.005623667475101901e-01 1.381978701936064979e+01 -2.572901249018906711e+01
1 1.598675000393784984e+01 -5.328302005850212630e+00 -6.046962637100608440e+00 5.732064504046013198e+00 1.553801931001379621e+01 2.496153248896849774e+01 -2.741721051339030524e+01 -3.426493420195885165e+01 2.213291342971171360e+01 -2.141298716933838975e+01 2.608129631890647726e+00 8.396428921676346135e+00 -3.003606579438227442e+01
1 1.494889411130646373e+01 -4.778807027490400650e+00 2.911569551708489634e+00 6.036407000825941616e+00 1.524131754496801605e+01 2.904640212533042032e+01 -1.757743207090104320e+01 -3.278970425800136468e+01 5.078481032237768034e+00 -2.061105763657985790e+01 1.293835648532234206e+00 -3.548423040878456725e+00 -2.549615674105928065e+01
1 1.480906009387005007e+01 -5.756976697748320326e+00 3.627844128930032941e+00 4.181891501404438216e+00 1.616073584274970898e+01 2.839113274125676156e+01 -1.237812580300273346e+01 -2.705333680277015418e+01 1.470331808696231590e+01 -8.200845658440034214e+00 -3.474974390435840443e-01 -1.081917814616570261e+01 -2.816311107295583227e+01
1 1.452314113437618559e+01 -6.107488157428609732e+00 1.295684661508288471e+01 1.523428602007264665e+01 1.587101245707655295e+01 1.625100720325554349e+01 -1.046364607192066032e+01 -2.064387943507731293e+01 1.544480535714204272e+01 -2.689450961543152108e+00 9.247093489820496615e+00 -7.069300346133404744e+00 -3.118838607647645489e+01
1 1.399326812844511636e+01 -8.729510936947782795e+00 1.204478142980266320e+01 9.637472713508875799e+00 1.280823181040549663e+01 1.683156087526634082e+01 -1.126516134532121427e+01 -2.545714145913700932e+01 2.179671816114325367e+00 -7.668618683656236890e+00 8.277915877499053554e-01 -9.527979890585189793e+00 -2.188837643388617238e+01
1 1.363455711486958499e+01 -1.194224346940096915e+01 1.394705236260477399e+01 1.191964119531822597e+01 1.923951928708880033e+01 2.534258195645987399e+01 -2.768742101540147549e-01 -1.803772044963521992e+01 -4.931634222836877690e+00 -1.881376934743757090e+01 -5.831259925263746702e+00 -1.211866748770572499e+01 -1.906264502736743793e+01
1 1.356997574340768153e+01 -1.270130503233548680e+01 1.604909799370985723e+01 8.131704061139686246e+00 1.009673351035998401e+01 1.999645548448221177e+01 1.302140461727371745e+00 -1.970029151590196648e+01 4.770260509962460205e+00 -1.576313653403343285e+00 5.157685869989788507e+00 -5.174460314239795800e+00 -1.060156104273545630e+01
1 1.338566888544966815e+01 -1.973211862504631853e+01 8.950122650397791091e+00 1.238412006420475997e+00 1.247335411697267915e+01 2.304220315527796004e+01 1.446239600662438463e+01 -4.581153794756432696e+00 4.803107872545099077e+00 -4.750672691846228979e+00 -6.260373371952464794e+00 -1.555786295572964306e+01 -2.565022424836245207e+01
1 1.324423592972820529e+01 -1.626558370813797438e+01 1.139077493176803912e+01 5.683407137116660124e+00 1.112483997859629170e+01 2.204714235833777991e+01 1.217864957351019939e+01 -4.704963895252521233e+00 2.692839465860359383e+00 -1.238407037340700345e+00 1.281821507890472223e+00 -1.533468781708518947e+01 -1.408293490432325079e+01
1 1.322160513368078050e+01 -2.212375922187746724e+01 7.367036495437722543e+00 1.661671512923894811e+00 9.737283046498422578e+00 1.402405004347683359e+01 8.598553734496620748e+00 1.471972151569712617e+00 3.076145343895151818e+00 -1.281909972591912750e+00 3.427944991737775116e+00 -3.398814184263641014e+00 -5.409713635146633948e+00
1 1.309781606639280582e+01 -2.302524544849480037e+01 5.111134290853205364e+00 -2.311127491398781153e+00 7.755995607575764339e+00 8.111716529402215770e+00 8.304368110308315565e+00 7.573063175894111376e-01 7.547128161118227041e+00 6.249232384227148884e+00 1.096049326878814156e+01 9.932276988741765678e+00 1.016176847909036418e+01
1 1.313087482740914425e+01 -2.126444830065454639e+01 1.000884454170093107e+01 2.566935951043020303e+00 1.635017200449557251e+01 1.843984647816634848e+01 8.647354916644268030e+00 -1.111088305425641964e+00 5.075082515842754383e+00 7.183017077422114482e+00 9.429411907941000592e+00 5.566561899305149552e+00 1.543798257633100190e+00
1 1.311887812418132526e+01 -2.475857153964393831e+01 9.495752610189361675e+00 -1.361211773045782440e-02 7.596564118858661452e+00 2.047006305326517062e+00 2.097029160524902736e+00 1.929195268379405581e+00 4.832638343096703260e+00 -5.850964588991327098e+00 -2.329474313832363419e-01 -2.779424638811240023e+00 2.825759183744914527e+00
1 1.310179834295115064e+01 -2.465978661522830606e+01 9.695405324820438153e+00 5.109781470587729579e+00 1.191486164263484504e+01 6.443493487370964168e+00 9.192776286885807835e+00 7.964172566720829849e+00 7.365299706384123901e+00 -2.667966553486704750e+00 -5.384745732865789947e+00 -1.068033296817630173e+01 4.723712662051114397e-01
1 1.307808494023761448e+01 -2.494346427127434396e+01 1.038297380090625843e+01 5.531277740618503636e+00 7.312069190126739393e+00 8.452044700981383940e+00 6.639228075629165282e+00 3.083695052801698644e+00 8.919901308927961736e+00 1.596393044647551163e+00 4.864477359046235350e+00 1.169830394098351434e+00 4.928488562596140099e+00
1 1.304139157149345074e+01 -2.304801495795353006e+01 8.944215583619069321e+00 1.773727129830613647e+00 5.482333637611265686e+00 1.062472355330888441e+01 1.426794891455872971e+01 1.300442437597800982e+01 1.686325656586527444e+01 6.751216510605525301e+00 1.880344603616012522e+00 7.746678021000089842e+00 4.168656488761151024e+00
1 1.312081183283483021e+01 -2.370557738722246555e+01 8.819005826083378352e+00 2.854676019583757274e+00 9.217966898402627507e+00 9.234349435441735920e+00 7.894677805137589210e+00 7.271109515040025117e-01 5.432476298921635305e+00 5.155734218826916404e+00 -9.039705261523245383e+00 -2.235452532873444476e+00 2.386553146037029283e+00
1 1.320409691760469428e+01 -2.627670802051346399e+01 7.589660420414015007e+00 5.138227833497363228e+00 8.017798385784306703e+00 3.217907996687757954e+00 9.871968327983278613e+00 3.126185212469093866e+00 1.219268006780160007e+01 -1.218278736164102732e-01 -6.707862622785476070e+00 -8.857190241978914358e+00 -3.628959707202025431e+00
1 1.308725888532153903e+01 -2.274857615967908586e+01 7.620729878935186719e+00 2.540386985167317313e+00 1.080333089231193178e+01 9.531025254299988703e+00 1.367868723013326715e+01 8.201265828474385344e+00 8.227489430089706346e+00 6.257932778369949212e+00 8.234117912611454315e+00 7.989077318338854816e+00 6.838131050824257651e-01
1 1.313320258357999926e+01 -2.279876825904509374e+01 7.109864760534331474e+00 6.182201025419271634e-01 1.063724305875939535e+01 8.242747642522791907e+00 1.239468620484451833e+01 9.763383797079468351e+00 1.250488413045581915e+01 9.491741851250029782e+00 1.065186518376318858e+01 4.683228174350130502e+00 1.057575319613014919e+01
1 1.330289481878535618e+01 -2.558513818156994901e+01 3.889097647530023849e+00 -2.300172126024748298e+00 7.887714164439919351e+00 8.476610647313595592e+00 8.329024026586175466e+00 -1.084552265258937442e+00 -2.754950640755664093e+00 -9.188910314814492608e+00 -8.456898392700484379e+00 -2.124197345417509197e+01 -1.961238956902822039e+01
1 1.314484926531001108e+01 -2.401279739742093255e+01 9.168765156573808639e+00 1.125130498234101495e+00 6.265263316662189830e+00 8.378871740315613437e+00 1.114754971586958021e+01 8.481426160759914623e+00 1.151617019385125751e+01 4.886091131527987130e+00 -8.434863436081833754e+00 -9.912505013023217515e+00 -3.749072143672273594e+00
1 1.320448700672932496e+01 -2.778093271876157644e+01 2.748648583179734928e+00 -3.436582985215346664e+00 9.314842010572219166e+00 6.088102175391532533e+00 3.546584675337794312e+00 4.458462980870567804e+00 8.440595500445059463e-01 -1.506708056198320733e+01 -1.453010503279037202e+01 -1.790182794981886261e+01 -4.084581698687347107e+00
1 1.322358623348408813e+01 -2.180855399234947001e+01 7.289014762341926357e+00 -5.771051320396761497e+00 1.198180664434598031e+00 -5.040960458512399711e+00 -2.062293553905402366e+00 1.450814867447975498e+00 1.568987049317476590e+01 4.603611310660811196e-01 -1.241375884359044512e+01 -2.041045515906805718e+01 -1.326666006803741027e+01
1 1.307173290880087002e+01 -2.161103567206242104e+01 1.062735035206786982e+01 5.361239962601937137e+00 9.880097300066232435e+00 1.090075202751150485e+01 1.503546074360243701e+01 6.776259715242831660e+00 3.163052760236265915e+00 -3.778815910268241041e+00 -4.816109255525017119e+00 -7.033768175824951285e+00 2.222111961424720061e-01
1 1.324710158024894113e+01 -2.459880713590844437e+01 9.304447057511239905e+00 6.919039648862388425e-01 1.058137049559671894e+01 1.447735303191941725e+01 1.656541696393509255e+01 1.364426020694106789e+01 9.641623612754660400e+00 2.675439304142622987e+00 7.079055248208367068e+00 -1.087188596041892552e+00 1.223304633500953642e+00
1 1.328548611101299137e+01 -2.370426861018566456e+01 9.929058089772807350e+00 4.930668485600462780e+00 1.244066017619550202e+01 1.128237587329805613e+01 2.038015181719902813e+01 8.697767964608837943e+00 -3.245724349088006555e+00 -9.652050104580954581e+00 -3.298185214206983851e+00 -2.509516256776783916e+00 -1.801640250962452727e+00
1 1.309674043846567315e+01 -2.582969981351652677e+01 8.085540081868042961e+00 5.795341027415121360e+00 1.088936843977307412e+01 1.038160805170051226e+01 1.651640455491713055e+01 8.727332052834961829e+00 9.970853204809650094e+00 1.397487234414000357e+00 -1.963913784066178669e+00 -1.104527958496109363e+01 -5.880779543738476889e+00
1 1.319638283720953176e+01 -2.361077318466760033e+01 1.289068377005968102e+01 6.286528502332657808e+00 9.846902425046840435e+00 6.936324051483132358e+00 1.139773977343132039e+01 4.429947315124413088e+00 1.122100550437697919e+01 1.666021254450957167e+00 6.399296513825764698e+00 6.189826258120286084e+00 -5.249373479468323112e+00
1 1.305108433041962712e+01 -2.756532870712495864e+01 5.972386609781211497e+00 -1.489037685957886215e+00 3.433594545305736379e+00 1.195333776829096273e+01 1.535606504169857622e+01 1.270746677081750420e+01 1.530103367461875052e+01 1.319181086965520855e+01 7.655144103856453164e+00 7.234552426853705143e+00 4.794990819157293416e+00
1 1.320601345763515866e+01 -2.518121295772584034e+01 1.148999777216612728e+01 4.603199432516925427e+00 8.059212559099819373e+00 1.187173202283269013e+01 1.101567462925638097e+01 1.609611421955278177e-01 2.168829236674301164e+00 -4.444042865257500807e+00 1.602826603580265463e-01 4.173729088452989844e-01 7.084558839678511966e-01
1 1.308149573613467531e+01 -2.473751886125156574e+01 1.150222107475252287e+01 7.928547656844346925e+00 1.586812732508617252e+01 1.695205362998166265e+01 1.033303841599154893e+01 5.185385631138482054e+00 1.487687213398050901e+01 1.068555213378244595e+01 1.028035548049331638e+01 1.398471168255806774e+01 3.258513379897857387e+00
1 1.308646488530208352e+01 -2.359514994593631343e+01 8.505815389732751086e+00 3.847284328631190853e+00 7.461595394219599164e+00 2.991885108181007169e+00 1.437493863660836091e+01 5.642732777161150182e+00 -5.130369534213935490e-01 -3.315283229908710383e-01 -1.718780192067254520e+00 -6.806609216369768234e+00 -6.619511299953130923e+00
1 1.309851247551145903e+01 -2.333846766594813005e+01 7.659490717011517624e+00 3.758695325617134930e+00 9.377325947950501117e+00 9.692746756855989076e+00 1.981193956813415369e+01 1.757088175817473186e+01 1.007126437758230786e+01 -7.386359880889973306e-01 1.744359869063751622e+00 1.700834536844803901e+00 2.396863105683150419e+00
1 1.308226782183611547e+01 -2.431880327474146597e+01 9.565005598231639539e+00 2.502601689417822239e+00 8.006261163240573353e+00 9.254597067668841603e+00 1.610999469398599615e+01 1.870977612867908135e+01 1.254662099618295201e+01 2.512136302493493289e+00 3.938033942514357122e+00 3.084575934733120306e+00 8.239784136761167943e+00
1 1.322008734048746170e+01 -2.290468727364853052e+01 1.053524345466651191e+01 6.302023628239276754e+00 1.063332535747272800e+01 9.862536790240133300e+00 1.800838684075627327e+01 9.472721043647833739e+00 1.382369618602772654e+01 9.068768942136447464e+00 -1.231770799977740388e-01 -6.287468729390425892e+00 9.473553393480700358e-01
1 1.320789673108875206e+01 -2.383513460252728677e+01 1.268964143605166228e+01 4.335776459259467863e+00 9.367186352320903353e+00 9.689592000631938262e+00 1.240231331080300770e+01 -4.483160926016595660e+00 4.284423972923446122e+00 6.758054406011404502e+00 7.330955555142978142e+00 4.705730981378891009e+00 2.979566681683152307e-01
1 1.314275434823810507e+01 -2.526620583006035048e+01 9.251322241815946867e+00 4.426114579853107855e+00 7.987376227135182916e+00 7.645112285240021066e+00 1.192341868128598925e+01 1.539704882391838225e+00 2.994305189144868429e+00 -9.572001356326399701e+00 1.925233424717939013e+00 8.228912365564817755e-01 1.764042113073721829e+00
1 1.318787533507522625e+01 -2.505099983801324726e+01 7.124752782073915824e+00 1.305605282865279548e+00 9.270629546695191792e+00 1.264968359063239944e+01 1.624161610505711195e+01 1.383069679090525206e+01 1.959778819795815608e+01 5.444818516372697204e+00 6.617618068534864229e+00 1.139634521981920479e+01 5.800881109513243317e+00
1 1.309221610992630680e+01 -2.154217998382694788e+01 1.300008252582459711e+01 9.072508059013779658e+00 1.411041130018705836e+01 7.297164966176720391e+00 1.866857671481965752e+01 1.023143321720230148e+01 1.018063339945287105e+01 2.652744688390723748e+00 4.321149348018672676e+00 -6.456017214123884074e+00 -5.763682156921830391e+00
1 1.324672076955983258e+01 -2.441322812642109241e+01 1.152500938938607966e+01 5.620999140403960759e+00 1.251147225838399102e+01 7.012058618554817713e+00 8.141457942934398062e+00 7.417583418570192322e+00 3.288414203646967238e+00 -2.292493013744051122e+00 3.051600043142189023e+00 -4.895665559069088957e+00 -5.610107297506120361e+00
1 1.329248577273753007e+01 -2.280153803369605470e+01 9.040831254563444830e+00 2.209723260796474964e+00 1.158320472515393007e+01 1.053485851312929533e+01 1.193157240600117852e+01 6.983020912979170269e+00 1.291916155437854652e+00 -1.198550288317795420e+00 1.007304361079336275e+01 4.520659574943936221e+00 1.262968535263243730e+01
1 1.300417926206593933e+01 -2.210607172873923432e+01 8.283436934048248546e+00 -1.815140763953970504e+00 6.752104497767232871e+00 1.385067609187055382e+01 1.831462684321969903e+01 1.185477690149362395e+01 9.743026256695864973e+00 9.309934771203938197e+00 2.893898347145894334e+00 4.680520533928241633e+00 6.744413511375736192e+00
1 1.307162999288642524e+01 -2.263677605611082910e+01 9.328819642540960189e+00 2.240093500922161418e+00 8.250085548667033919e+00 9.973333023025423572e+00 1.364672795500948155e+01 1.422790843763696689e+00 8.447333566960887552e+00 -1.214253733657833623e+00 -2.348518249895378940e+00 -1.224808334204749993e-01 -1.191852748513168248e+00
1 1.309530875843167230e+01 -2.310847837414302930e+01 1.190142367759341901e+01 3.015631840909163586e+00 1.202770175197731284e+01 1.188636601268774307e+01 1.148324724497330251e+01 8.096692176480006609e+00 9.320994877142341650e+00 1.998879952739126109e+00 2.982068992190025192e+00 4.172402442577553217e+00 1.824605562080443555e+00
1 1.309216588056247765e+01 -2.565422872304555568e+01 7.566510422662814150e+00 -3.783838494314547329e+00 -1.661191693965223592e+00 6.282141456754936071e-01 9.314168066332470630e+00 3.406970319691626781e+00 1.070580224898697708e+01 3.494647892417770407e-01 2.664360832117264710e+00 3.684320444232354497e+00 -4.875784834865747319e-01
1 1.313531823470861326e+01 -2.292089199509279496e+01 1.039194957073472558e+01 6.772985995439364082e+00 9.402694521656471238e+00 7.287863495160562088e+00 7.910082674317946427e+00 4.359051480026643333e+00 1.245834951860171103e+01 8.326663587600618754e+00 1.027215984139220240e+01 -9.767373923958639903e-01 2.390347976287128695e+00
1 1.312998356410777845e+01 -2.431918214046969595e+01 8.628720891666667114e+00 3.919846919131636298e+00 9.738741794917205041e+00 1.204239181061048924e+01 1.609191488981442575e+01 1.683992306967240538e+01 2.561958865404010055e+01 1.180248709860865475e+01 1.017352387636504041e+01 1.006098760092939060e+01 1.157894967119138308e+00
1 1.314098139207433569e+01 -2.408106995249758953e+01 8.651310723154788107e+00 9.400838120030429179e-01 8.845746316066158244e+00 1.240766390842760636e+01 1.229929125598192385e+01 7.538098615435239402e+00 1.905605606290755816e+01 8.978828372619512166e+00 8.522592285666640066e+00 -7.435479020755364488e-01 -1.527234649731472160e+00
1 1.671762144254921978e+01 -3.842367937246643095e+01 2.327518376719991622e+00 9.480863727068467028e+00 -1.952424946938310768e+01 1.742655523472452117e+01 8.228020369669907907e+00 -1.712077879088417376e+01 1.251733741081568851e+01 2.554951343543495312e+01 8.649957410598656082e+00 2.081530507001588859e+01 8.599214436608527024e+00
1 1.475173592332436456e+01 -3.096352646943839204e+01 9.278149268257447346e+00 4.775413321087922824e+00 -1.295291864892212175e+01 2.049740399784169043e+01 1.326969469309381466e+01 6.455527202265746389e+00 1.117534873523131367e+01 1.221426700524719600e+01 2.151920981171108949e+01 1.176914959981971975e+01 -1.556173008564329496e+00
1 1.421773654909683060e+01 -3.115129079657082656e+01 9.536076928717431400e+00 4.125076464379957564e+00 -4.505137049897363966e+00 2.056586209580854430e+01 1.292853943932852445e+01 1.859844196864947463e+01 2.096116346372294714e+01 1.004535869704892903e+01 2.001886827464204188e+01 1.264668033757605414e+01 7.596010744971331441e+00
1 1.386760325942251093e+01 -3.137058217560661078e+01 4.875615296696336642e+00 6.644941232225446193e+00 -6.517273743332669955e-01 1.806654325114988424e+01 1.089274493491487483e+01 2.030843653067317955e+00 7.276784965024626572e+00 4.716242738502557152e+00 1.321559177127501528e+01 8.686728717144218237e+00 9.803744276382554190e+00
1 1.339066604916561687e+01 -2.484798592960601837e+01 1.151730833991664760e+01 1.173035121425914085e+01 4.659175443158647845e+00 8.420644757028922456e+00 5.512059746124511328e+00 4.929135291864543689e+00 1.227609117780768777e+01 3.492224335704056659e-01 -4.094808799913778330e+00 -2.385484895030350661e+00 2.969816452813801799e+00
1 1.309344608883187355e+01 -2.834007280189308275e+01 4.792103644659335693e+00 6.206884366946550990e+00 5.115578727485308619e+00 1.702707414693491472e+01 1.774649183512024564e+01 1.602270483428323189e+01 1.906930252786389346e+01 5.321993443969984305e+00 7.722173659311267535e+00 6.393968579667471452e+00 3.193164378484984578e+00
1 1.332575363448210126e+01 -2.497829460909508370e+01 1.198951611433578890e+01 4.120283544794499875e+00 6.420319273960831019e+00 1.135690416170208294e+01 9.726389507451076000e+00 1.489620093824631297e+01 2.155101220015184538e+01 4.610718138766086938e+00 2.150574841021891892e+00 3.898812946312310013e-01 3.887113805136679368e+00
1 1.312351458561995443e+01 -2.336190765323468099e+01 6.633913862556729768e+00 1.906687823456207243e+00 4.187477850777432842e+00 7.176413646132377089e+00 1.578173726191883830e+01 1.401128759416698877e+01 1.238933043942278189e+01 -2.375353402980887818e+00 3.981807030223745603e+00 3.144270212927536612e+00 4.634742233100960007e+00
1 1.310917438040396910e+01 -2.507865510118342556e+01 8.832405783702515834e+00 4.576463597149758478e+00 1.191628525646112635e+01 1.800036185407753564e+01 2.234690950307930635e+01 1.327122222449981592e+01 2.497698297172033577e+01 1.516460288241377796e+01 1.226728186052385894e+01 8.005968922178301028e+00 8.950006505656105560e+00
1 1.319679763040628728e+01 -2.419479392432830167e+01 1.179168367740935608e+01 4.749485448680849764e+00 6.175206825494221619e+00 4.922454710337023087e+00 8.278515635807636386e+00 3.358759629539281644e+00 1.373906998953887282e+01 1.516937412707082933e+00 -8.268882100201947749e-02 1.645187909500077872e+00 7.116090460185576561e+00
1 1.316208089007174564e+01 -2.595837345140528640e+01 1.012630515875623161e+01 5.336919319850923493e+00 1.309033929379866557e+01 1.997833425542204466e+01 2.033694369973668259e+01 6.958954963170096875e+00 1.055777040949604029e+01 1.223620774050758619e+01 3.151446950437252426e+00 -7.337794654523437821e+00 -6.535379625660947767e+00
1 1.312949702434744026e+01 -2.435857209217060770e+01 9.949252264947533675e+00 4.319769049418334284e+00 9.934777641639456647e+00 1.379508464643835985e+01 1.401296534281427242e+01 9.802507717683960564e+00 1.264735205689851760e+01 7.222505973142921754e+00 6.139280671137067102e+00 1.917395307608593225e+00 4.569724238574567110e+00
1 1.320201277927981742e+01 -2.675266067315659413e+01 7.952927382252633848e+00 1.116469634771525943e+00 1.132084997050133524e+01 1.426970908061888998e+01 1.219204850783747673e+01 7.381702913959048651e+00 1.369808092357440721e+01 1.360867852650195431e+01 1.453547944739993270e+01 1.520210811409227603e+01 1.414409006911458455e+01
1 1.693527415606656561e+01 -3.684349270329302328e+01 4.928637653127645457e+00 1.145380239902721087e+01 -9.758025911716847745e+00 2.930339100432084365e+01 1.506609010136420501e+01 -2.363200186265216374e+01 1.844307206173684577e+01 6.530125788545618981e+00 6.297138515435050543e+00 2.426375884098856517e+01 4.782651726867395148e+00
1 1.416630282002909524e+01 -2.767264342298550517e+01 1.061860521156027382e+01 1.567773408833097548e+01 -5.942375241568977451e+00 1.261273503666049045e+01 6.922881739122459521e+00 -9.193996549748444380e+00 8.390877014467184480e+00 5.955378152569824834e+00 1.023201188474643253e+01 7.303687179789831063e+00 -1.333910546902467242e+00
