1 1.433631655328930776e+01 -3.191751971837751611e+01 -1.613143544198470636e+01 1.821030608209846235e+01 1.934885722547522491e+01 1.418235340791536458e+01 1.678637870726763026e+01 5.594611924489561794e+00 2.352132477284323286e+01 1.871271797148152283e+00 3.257021839320463297e+00 8.763950518620445607e+00 1.622840962510893714e+00
1 1.309705567587297459e+01 -2.531836153407826728e+01 2.993731636873570690e+00 6.294731634175682267e+00 1.125832042586568704e+01 1.031779973386130678e+01 7.779477552833266252e+00 3.301195129257620486e+00 1.075605069149205484e+01 -1.777640811427101619e+00 -1.979717886032321239e+00 -3.646274360009630566e+00 2.276148590318404885e+00
1 1.321578953410301516e+01 -2.614725957563774017e+01 4.878234636250665446e+00 4.980723821034575671e+00 1.668097501402219862e+01 1.994554637013187914e+01 1.290451236504320143e+01 -1.315406870710443377e+00 6.515481157909438714e+00 -3.710084347057923004e+00 -9.023642212814637631e-01 5.891441875674232609e-01 -4.878853784580842401e+00
1 1.316391912571341827e+01 -2.712482028135545420e+01 5.762256958898936965e+00 6.809049353219196909e+00 1.154932661178208519e+01 7.678012353834510861e+00 1.524234332697333727e+01 1.026719297710669032e+01 1.688452401239340261e+01 4.122094137745963671e+00 -1.778169805241700985e+00 2.871534969358267020e+00 -1.071725991421625279e+00
1 1.370533670254595293e+01 -2.992010931122867490e+01 7.203062765709652204e+00 6.383281465170453473e+00 1.531701790720600309e+00 1.790845563944198915e+01 9.898954001433100558e+00 2.596421014538113248e+00 2.482754988900195769e+01 3.421395258326668909e+00 7.001059106524563980e+00 5.084616201687275350e-01 -2.181326052593440590e+00
1 1.309490308382099499e+01 -2.565855096632795451e+01 8.077348388868223594e+00 5.204306335868693623e+00 9.998057328024405166e+00 3.583546029851417458e+00 7.594580851079991923e+00 9.586069389211967717e+00 1.851595215290772956e+01 3.742109137049966172e+00 1.559097790103040282e+00 8.603563124146088370e+00 3.338864353257047224e+00
1 1.321174711400231949e+01 -2.583386316636969937e+01 1.166538529088023601e+01 1.234760554301859514e+01 1.221682321797731596e+01 1.055919701703383495e+01 4.578223999831183555e+00 8.514406406720657072e-01 1.266100301686373797e+01 2.783767614484134345e+00 -2.706567137700635506e+00 -1.038530893905198482e+00 6.036312710963682271e+00
1 1.307409210977356828e+01 -2.541648315007404690e+01 7.236883725289667169e+00 2.565785184574307820e+00 1.529547622723659295e+01 2.054043863732862008e+01 1.439930029809366374e+01 -9.026096995916760291e-01 -5.146715004439485597e+00 -8.535270754727216413e+00 4.447144761137896474e+00 8.468630892834653423e+00 1.137919614798724588e+01
1 1.327825111957589854e+01 -2.581863543985602050e+01 6.258503410668256883e+00 3.474095182861517195e+00 8.760944715220666978e+00 6.447918136087172236e+00 1.617921494188758658e+01 1.206252651662049402e+01 1.047617252398137921e+01 5.909024879289995980e+00 6.130785527570543181e+00 -3.960319373248820662e-01 -3.370401625242101407e+00
1 1.312425928592912783e+01 -2.736640972573719566e+01 6.381406141343641814e+00 3.752032512210634163e+00 9.323055435130182644e+00 1.289742081783855632e+01 1.660964649020459305e+01 8.265320121399728492e+00 1.549834389588528971e+01 1.147986615771478291e+01 3.743395281048343737e+00 1.662217021596417821e+00 7.252974199533383626e+00
1 1.309355102962930850e+01 -2.413207565625223694e+01 6.986163025941982241e+00 3.333040709382746325e+00 8.239658618535507628e+00 6.904855672902338704e+00 1.223793556441051145e+01 7.606330545533690035e+00 1.418844152615253584e+01 3.804741218380260470e+00 1.192144125323118642e+00 3.160226275288705367e+00 5.750146677731292399e+00
1 1.289774232423147993e+01 -2.252133112794794201e+01 8.479303458225524892e+00 2.126249162778614199e+00 3.190873881228788900e+00 3.428509677430199076e+00 4.826372756818974707e+00 3.647787499842570558e+00 3.138210782268765264e+00 -7.821072109272281914e+00 -1.120943185861835545e+01 -9.618543503551032714e+00 -1.187980185559771723e-01
1 1.317538645583057111e+01 -2.730473467846923441e+01 6.910813570887871293e+00 -2.768280530144689333e+00 2.561450289955296000e+00 9.982777938019156139e+00 1.100903174224018954e+01 2.741021338099427052e+00 1.008178334678327737e+01 4.091227468278624713e+00 5.646745255952369646e+00 2.684121841295967759e+00 2.735365941933915579e+00
1 1.314371093843598359e+01 -2.846342529519035125e+01 7.508693558035941074e+00 5.417938797762608338e+00 7.129010659502766245e+00 1.109082328412772611e+01 1.342922773154605842e+01 8.664403668459220498e+00 1.088773114312809831e+01 2.374298444054491863e+00 7.487547424955762310e+00 2.562963281321537057e+00 8.358290917506289830e+00
1 1.320791044559890537e+01 -2.450323052486979947e+01 1.177001418274369371e+01 7.685410308648355837e+00 1.435863592456397342e+01 1.492464004746787865e+01 1.682348983684159549e+01 5.409670338126798761e+00 -2.114779645026089838e+00 -4.223428043304988222e+00 3.803489471878632955e+00 3.138845967800341974e+00 6.482200348745101870e+00
1 1.312104014210515146e+01 -2.279037399928747831e+01 1.460149846299967180e+01 1.088495379304382560e+01 1.361009602901289739e+01 1.364540611364228795e+01 1.340877621988888180e+01 6.933807743965599180e+00 3.460037983692033858e+00 2.790824806896806676e-01 1.032066735831837390e+00 3.857056951946742807e+00 2.498620856420441516e+00
1 1.318292259920061049e+01 -2.563146001153521425e+01 1.051964734382390887e+01 4.939811472838547601e+00 1.191450442831619938e+01 1.179982452302476759e+01 1.626839927497471550e+01 1.188444781490516355e+01 8.200521079185007167e+00 4.225776080340281737e+00 -4.827262086195381663e+00 -1.346074526042772668e+01 -5.443483329335344401e+00
1 1.302535813281876464e+01 -2.091724377302133320e+01 1.582727141834112849e+01 9.083909470183572310e+00 8.850109289438398363e+00 1.077313111586404482e+01 1.518957520151858098e+01 2.132146071749785321e+00 -8.981148199149018296e-01 4.242494122641881305e+00 1.224569574965894247e+01 6.423592766930811493e+00 -8.816537694241626255e-01
1 1.322091913821483544e+01 -2.465173439869275640e+01 1.148827920892128240e+01 5.675947929800211789e+00 3.985992170519251587e+00 6.963809157662632643e+00 1.398004259043893072e+01 7.848226735961757683e+00 9.909548824416534174e+00 2.675912354422985473e+00 -2.177781209221500980e+00 -9.020376342155650207e+00 -6.104980338510401339e+00
1 1.320688347377534733e+01 -2.397970296997054618e+01 9.135093495603026525e+00 4.850523680178372210e+00 1.494004420733004146e+01 1.732178375838092066e+01 1.564342654195781712e+01 2.032181723875188695e+00 7.112219664848446143e+00 2.481307068465742116e+00 -8.922705514203583821e-01 -7.083540717917053975e+00 -6.705681201943628267e+00
1 1.325602561089644915e+01 -2.544099591327748300e+01 4.599887295319303959e+00 1.287963203399209666e+00 1.778818476014145844e+01 2.079141539656102822e+01 1.200887976373503996e+01 -2.869417878101213404e+00 -5.877820616663969489e+00 -4.859850048320856430e+00 3.167681915406999504e+00 6.047079515194246468e+00 4.234860947239815765e+00
1 1.307673982873885521e+01 -2.583788137719845324e+01 1.113860741503935969e+01 7.070250013739735273e+00 1.200691471009058731e+01 1.255379837633678441e+01 2.040372061022528172e+01 1.486058188498189203e+01 7.240311253957735005e+00 8.107904082598906825e-01 -3.135699446233819021e+00 -9.286168139249001641e+00 -2.610987908067285979e+00
1 1.311395274985268955e+01 -2.211481009987494062e+01 1.487493082562292379e+01 1.040483997329548060e+01 1.405736511068976213e+01 1.303179575524233869e+01 1.324105402693014177e+01 1.073039951050382967e+00 -2.694173810173330796e+00 5.636770736712557017e+00 6.200433822217227942e+00 2.724152801297436977e-01 5.920962850135339295e+00
1 1.325008980560632565e+01 -2.674167152954890270e+01 7.319567997641229340e+00 4.288700328416132912e+00 1.076589630281166521e+01 1.367808117734633555e+01 1.835036965441016932e+01 6.541837930098206577e+00 3.828738427658732402e+00 -1.982032947797052191e+00 -8.179537371940495127e-01 -2.684807758521016829e+00 -8.371732936130058533e+00
1 1.314646172305559091e+01 -2.423136157429519244e+01 7.432136258995059919e+00 1.160831394033555286e+00 8.561472868907159750e+00 1.403243524475880477e+01 1.653386935895808918e+01 -1.590686087132651583e+00 5.965672730574379301e+00 1.051249985525128672e+01 1.001686352353862119e+01 8.496950473056161357e+00 1.058521627756795525e+01
1 1.314762864551489763e+01 -2.697773241617505846e+01 1.060664714136760445e+01 1.075964760830363787e+01 9.042428490676439168e+00 1.281915326101690056e+01 1.780761704351949248e+01 6.446002877096365324e+00 1.034793945280210714e+01 8.848505358429020973e+00 8.994225107103089201e+00 6.205280308725214411e+00 -6.114784868240393800e-01
1 1.315098821312822075e+01 -2.145508079781537347e+01 1.195504215515522972e+01 4.237013141471249078e+00 6.973710141460490952e+00 1.091235553351389953e+01 1.268050246556924598e+01 2.484282489414346706e+00 4.875284493582419110e+00 6.622698414764073505e+00 5.232480319082845277e+00 2.007964086133485093e+00 5.515784143874526535e+00
1 1.333142275514429009e+01 -2.559137442706584054e+01 8.663834474048618617e+00 3.777994909735590490e+00 9.390796708707625839e+00 1.047017254272699915e+01 1.669560971840916253e+01 5.418542964861992495e+00 1.302500118102359039e+01 5.674595214575756330e+00 2.018761718627576585e+00 -7.432614383381823675e-01 4.752842105887128632e+00
1 1.323932378906814833e+01 -2.801006973107951126e+01 7.539240855325831880e+00 5.595255503036590916e+00 6.857699831446102401e+00 3.443888855358464340e+00 1.246461378129556508e+01 6.086723813419572693e+00 9.730123813349413453e+00 3.409612460307575699e+00 1.712162411498757253e+00 -8.507687576676978836e-01 -6.492164724434343892e-01
1 1.331412685580874822e+01 -2.410390230224733443e+01 1.173869607457456610e+01 7.637343978221327490e+00 1.748631857429263903e+01 1.466271606492771973e+01 1.363676223369584761e+01 1.456889974597446091e+01 1.638690758689175553e+01 1.048071338741368130e+01 2.354845680110220663e+00 -2.889710922187584963e+00 3.873320393488364655e+00
1 1.313119502054780163e+01 -2.500931402255920943e+01 9.339511644797324763e+00 5.376981765739145658e+00 1.402606272922594854e+01 1.778044376197193799e+01 1.809078961339565694e+01 1.067730574270270161e+01 1.048625318215877478e+01 4.483063090020293906e+00 2.627851157697162598e+00 2.265249077093164587e+00 6.834009461307853250e+00
1 1.315052067885255482e+01 -2.185765253805132602e+01 1.086605248271368040e+01 6.315711606820732626e+00 1.311999168461604448e+01 9.370414947783771709e+00 9.125184980212639019e+00 6.707558823771385903e+00 5.922210454628602960e+00 8.660777986534584638e-01 2.122151461598640765e+00 1.938735532599518363e+00 1.001342793974741019e+00
1 1.308151488318807054e+01 -2.189507508409344894e+01 1.412951333223332462e+01 1.083953592745200289e+01 1.584001323413848006e+01 1.516798426490059093e+01 1.183203018061427869e+01 -2.742087750792453482e-01 1.637343684096540963e+00 -6.136326453534418413e+00 -5.972519090148558085e+00 2.699643996990799266e+00 6.476935159471438608e-01
1 1.322975757678337771e+01 -2.347986983334140376e+01 1.268892130501007465e+01 6.961201167847719695e+00 9.857031164397671574e+00 1.134153335426617204e+01 1.691404093983311796e+01 4.611169816144580658e+00 9.950337804157811661e+00 3.240151275858742519e+00 -3.939600066878935714e+00 -2.327177429925337826e+00 -9.894524846147201291e-01
1 1.429429622794085297e+01 -1.418552534502850548e+01 -4.680622092666311573e+00 -5.183751263375069307e-01 2.303727572485025377e+01 2.670433744921773567e+01 -6.607228203709821779e-01 -1.893226119725517620e+01 8.981599478590466035e+00 -1.449741414635917491e-01 5.021405199935168540e+00 1.673798705084100291e+01 -1.021995832571730389e+01
1 1.440164448528546437e+01 -1.140840629322391742e+01 -7.286881763176013216e+00 -5.928691726438958254e-01 2.847877833012267601e+01 2.149320254621226312e+01 -1.022147960580937465e+01 -1.485752935478627812e+01 1.086785348175279609e+00 -1.184324230575959014e+01 7.951228553361127105e-01 1.605247650694233386e+01 -1.423849787371524478e+01
1 1.354748990582605828e+01 -1.775768498426731767e+01 2.995723063924311091e+00 2.116828771701769973e+00 2.510604897191770846e+01 2.481578395396063996e+01 -9.194899199919374766e+00 -2.337477017506465415e+01 -7.634669687556546736e-01 -5.508340817976640658e+00 1.976207671578608327e+01 1.026437154042769961e+01 -6.886314696626578247e+00
1 1.384435343520796202e+01 -1.385924241977075155e+01 6.406609819200749456e+00 1.073730781147589575e+01 2.203012530578912731e+01 3.016511065934841085e+01 -2.875446740739266982e+00 -2.552806278558213293e+01 -1.104204437098252889e+00 -5.966138368946261927e+00 7.485192335374212469e+00 2.089126209297088366e+00 -1.454141702496662347e+01
1 1.622625302623410803e+01 -8.372722954047675969e+00 -1.608262622847576750e+01 4.481847691923271704e+00 1.926954474285431473e+01 3.008893782366716607e+01 -5.808764600556717284e+00 -2.807201193629387248e+01 9.859481293238546940e+00 -1.275945127663118406e+01 6.297817969798823690e+00 2.499906178356589237e+01 -1.528820967928376540e+01
1 1.721309209803304796e+01 -3.408559971480733974e+00 -2.268184379425677477e+01 -1.081536163139634610e+01 1.471918312831706288e+01 3.015002807099217108e+01 -1.253946769136237371e+01 -2.005028353343804781e+01 2.222003171908048458e+01 -2.083337930004849170e+01 -5.657293275960729950e+00 2.045433513803777004e+01 -1.436645590913692239e+01
1 1.821665127001111628e+01 -3.489962367673730803e+00 -2.457114444290703048e+01 2.432753408437608122e+00 2.213234240179904688e+01 3.736219809854082996e+01 -1.275863177293263462e+01 -2.994180883446302488e+01 2.250368579947922498e+01 -2.417856157212949952e+01 -7.868646515716937628e+00 1.181186069064386501e+01 -2.445468256255155026e+01
1 1.906087887748676835e+01 -6.827362095289803534e+00 -2.935736757011893161e+01 1.067737264184600221e+01 2.696818524856083243e+01 3.467866006872149853e+01 -1.255657402461437577e+01 -1.659956327967603329e+01 1.388679574899334668e+01 -2.592869021436297672e+01 3.029906317944563110e+00 1.572816318666763635e+01 -2.628755551071628460e+01
1 1.932680316602738557e+01 1.852370702001270519e+00 -3.092304964951537016e+01 1.510176360711650068e+00 1.836925705528237884e+01 2.835415843789354895e+01 -1.516636557074989433e+01 -1.643445036713843166e+01 2.119535524820426176e+01 -1.978392234843333952e+01 1.544683122470946968e+00 2.828002039246213428e+01 -1.317423592804774124e+01
1 1.908855513935381509e+01 2.228765538985214845e-01 -2.750915288639260581e+01 2.005667902427984650e+00 1.864959780389822441e+01 3.701256653909879901e+01 -1.480873896629005770e+01 -2.879171770529840302e+01 2.020518956239416397e+01 -2.504428523358770420e+01 8.007006689220456108e-01 1.402794212055826506e+01 -2.940438024763232505e+01
1 1.914674887763534628e+01 1.346368647631816406e+00 -2.576294351853366393e+01 5.764882077708348262e+00 2.733058871087423469e+01 4.442023302168384902e+01 -2.131697659575226211e+01 -3.301933932333248833e+01 2.227813567104707104e+01 -2.522858113020040349e+01 -1.777730256266636388e+00 2.603624888193025555e+01 -1.953296299378539302e+01
1 1.891670753215835887e+01 4.007042954738671448e+00 -2.655397119317543897e+01 2.700983158967883657e+00 1.253862055138749909e+01 2.588640574184849896e+01 -1.804866641004835870e+01 -1.462190593178302933e+01 1.838089030171075322e+01 -1.913908769365452400e+01 6.732240215489698087e+00 9.189869570467912752e+00 -2.136690845474024059e+01
1 1.972954431486767035e+01 1.459815946700755207e+00 -2.952554058787668723e+01 6.241517837397383417e+00 2.166320516006528507e+01 3.129108980874941182e+01 -2.817434988799690743e+01 -3.079030634406669265e+01 2.425931962922102869e+01 -2.792418168709317783e+01 1.039276647485618099e+01 2.240763303671315043e+01 -2.515365052814355451e+01
1 1.978438241896689576e+01 2.717718589077513958e+00 -2.849280026878053818e+01 -2.109569978862670947e+00 2.000306177418122289e+01 2.298387320103268294e+01 -1.581422761941036192e+01 -5.884967427655417360e+00 1.451184873047645674e+01 -2.345454851224031501e+01 8.868543845104566614e+00 1.658601703576927378e+01 -2.071528319397645745e+01
1 1.997010915568901268e+01 3.699058479832153523e+00 -2.912568913298508733e+01 -8.991802278633054257e-01 2.756474805030546094e+01 3.871388203406947071e+01 -2.373253158022164655e+01 -1.839822976200888505e+01 2.247100563627011027e+01 -3.231238523484761060e+01 7.778837180806953688e-02 2.047834412907991464e+01 -1.759027457182980925e+01
1 1.984972213645149708e+01 1.306459806056877060e+00 -2.983037961044795949e+01 7.393327273293519575e-01 2.110956387098100251e+01 2.573540998562161164e+01 -1.649813883749798293e+01 -3.730886718935702895e+00 1.292823937680118718e+01 -2.070713046890671194e+01 1.783790596963552133e+01 1.332800690788382170e+01 -1.647326480800833437e+01
1 1.982050464387997124e+01 1.885123931466558433e+00 -3.119877292504191857e+01 4.402934084816624072e+00 2.667557512335294945e+01 3.283413136759447326e+01 -2.229636178633734644e+01 -1.456598386852420468e+01 2.322028782560660431e+01 -2.503911241667685417e+01 1.133314912935377805e+01 1.534677985240050901e+01 -2.717832664086655470e+01
1 1.977487928742051082e+01 -2.121837836065383620e-01 -3.048728546206914203e+01 1.092885994148302053e+01 3.749766966635370835e+01 3.588549384166248757e+01 -1.896033118189278355e+01 -1.869389044755178730e+01 2.033825676668286420e+01 -2.448663637385704561e+01 1.106652771370388599e+01 1.118698183367772359e+01 -2.711028414656793828e+01
1 1.946041164322101480e+01 4.152766869391584237e+00 -2.746136484187125149e+01 -2.107932829961016719e+00 2.178721344117706238e+01 3.611588025094309273e+01 -1.732642027313993438e+01 -9.966323236949563125e+00 1.686095466848766122e+01 -2.791181958686287601e+01 7.051528838996075521e+00 1.832328640337976111e+01 -1.748299317292248389e+01
1 1.954280675305821546e+01 2.532334051554888887e+00 -2.768957856633626946e+01 3.072958653389697758e+00 2.328646380815194306e+01 3.528334344478506068e+01 -2.177702317003942767e+01 -2.214430020046501468e+01 2.235809009492518840e+01 -2.441097359369570796e+01 9.361821338614674248e-01 1.962035486713658372e+01 -1.660559774887824602e+01
1 1.919212416123270870e+01 4.325302220768858064e+00 -2.587930971464885488e+01 3.904852103381220463e+00 1.759510669203630684e+01 3.170039170809774731e+01 -1.860941777384794094e+01 -2.417218653188528421e+01 2.241149790073083281e+01 -2.744875915452749382e+01 4.711452945719679875e+00 1.368002276263469241e+01 -2.540569157910190512e+01
1 1.941506097047466639e+01 1.058894358025361138e+00 -2.863639377362421001e+01 5.794898345371272796e+00 3.147005918441954364e+01 3.896445599422719397e+01 -1.243902343436838898e+01 -1.077294708113306854e+01 1.984326457275313160e+01 -2.646023401685729226e+01 -1.026481778475261564e+00 1.264149434083897816e+01 -2.837168950910941589e+01
1 1.943942791649799773e+01 5.397057425964455479e-01 -2.806893464766489998e+01 3.280054821452998759e+00 3.197926251799489705e+01 2.339007678611923779e+01 -1.254200411355643396e+01 -9.221589185559420088e+00 6.195580335219868395e+00 -2.022767144227210068e+01 5.833615456965482338e+00 8.185499427744428402e+00 -2.248718317170735759e+01
1 1.927928189453611196e+01 1.015321070213209387e+00 -2.979453399986225293e+01 7.924779886351178249e+00 2.960835503797518697e+01 4.539799439342473875e+01 -1.775382374530397556e+01 -2.034483579821804256e+01 2.138318962481802998e+01 -3.645959337071193573e+01 6.472272287343020514e-01 1.149178519288753719e+01 -2.815527253264565033e+01
1 1.913184411713191935e+01 4.761672394573951417e-01 -2.715153057779835777e+01 7.912699054169332946e+00 2.984646603741265025e+01 3.732475093778518271e+01 -1.531209184268525547e+01 -1.098394930459922136e+01 1.473923886605489209e+01 -2.524718375744261678e+01 7.998771293944066052e+00 1.296647190513042247e+01 -2.348168362978299584e+01
1 1.856832345839149667e+01 3.821412014020017622e+00 -2.432122619213724590e+01 3.058176087318539071e+00 1.660534963869577751e+01 3.519472205526335529e+01 -1.643527138480431660e+01 -1.632303267575951722e+01 1.854219492418609505e+01 -2.837155793490020628e+01 6.444721887155051121e+00 9.032828119236285147e+00 -2.314016516289684944e+01
1 1.860934627385906737e+01 2.761830936035278850e+00 -2.014963890638967925e+01 1.031773375841796847e+00 2.033458412624434430e+01 3.061606352300171352e+01 -2.511418221801676154e+01 -2.328841408237855148e+01 2.379702602617596696e+01 -2.008539956610443511e+01 4.967233403956521798e+00 1.544988704930994317e+01 -2.596814146489340303e+01
1 1.807931490646604189e+01 1.532645185675307165e+00 -2.050828380453856425e+01 5.672068668975629890e+00 2.116618113221837660e+01 3.455482898001316272e+01 -1.297852383954806932e+01 -1.731538081276211827e+01 1.789681224297403617e+01 -2.245526662047922883e+01 5.625508862805189025e+00 1.064059720830427835e+01 -3.042750359623894596e+01
1 1.786767149435946678e+01 -1.073677760340215226e+00 -1.590670305717588917e+01 1.155060333248217574e+01 2.054182973305309190e+01 4.316722084551458494e+01 -2.230051621823757202e+01 -2.022383551764355403e+01 3.863879271881950928e+01 -2.377511583322373312e+01 8.591417290963637043e+00 1.686373334938550528e+01 -2.849939848940386966e+01
1 1.706010401499657547e+01 -2.479238147786217983e+00 -1.300180676485217113e+01 1.859258395413154830e+01 3.169810001935195842e+01 3.186302624049339727e+01 -2.458483029494005123e+01 -2.387029383972681984e+01 2.792273333525487899e+01 -8.095800778739171477e+00 1.561589116261097843e+01 4.686958594887658869e+00 -3.554525822965589299e+01
1 1.602945438256567101e+01 -2.187328302092462540e+00 -2.760007277291200545e+00 1.255473650578220735e+01 2.323182610967413098e+01 3.663808598096552060e+01 -1.242011492244147774e+01 -2.148209053546350944e+01 2.971856339482014775e+01 -1.355535595144097805e+01 9.869014447490423336e+00 3.747022378098385786e+00 -2.853129073040713948e+01
1 1.524575008715401481e+01 -2.306919849396722455e+00 3.785438004082604113e+00 1.069713111572433029e+01 3.168977319763835254e+01 2.452641893256549466e+01 -1.823056909007084414e+01 -1.951797440237887571e+01 1.921741392624315736e+01 -2.217469169552279684e+00 6.683651814853432072e+00 -1.109450205409958645e+00 -1.909350333692945156e+01
1 1.481935318436332416e+01 -4.390619310417312349e+00 6.974811760987639886e+00 1.026864597837060700e+01 3.023209284621924908e+01 2.714884061090777223e+01 -2.241767358330145399e+01 -3.191630003665811799e+01 1.563593758800549516e+01 1.742174978589112300e+00 5.026594469753606909e+00 -5.999079007007453335e+00 -1.472581626321630210e+01
1 1.407451223126379070e+01 -6.263057582417604685e+00 7.403093492507723639e+00 5.925652870334949363e+00 2.332593034756831685e+01 2.358394695623247372e+01 -1.573695560684083183e+01 -2.842100121248114064e+01 4.585566825854031414e+00 -1.095428151414484574e+01 -1.607404709371562435e+00 -1.082588467649267372e+01 -1.686944324826544417e+01
1 1.368944393110773383e+01 -1.271304616340415983e+01 6.616832883692843836e+00 4.265537574283410294e+00 2.387860363541225439e+01 2.156552764387665277e+01 -1.642442533423636775e+01 -3.886477207964932035e+01 -7.413265410839577463e+00 -5.739526769327334410e-01 1.263905990576601468e+01 6.890885839203455099e+00 -3.982575266085806476e+00
1 1.348526401602647695e+01 -1.378716982651523004e+01 9.528060252827456722e+00 3.688029362686382928e+00 1.757061930054407028e+01 2.072666421337925158e+01 -5.217494990989812287e+00 -2.266253771493972380e+01 -8.250254348263799997e+00 -2.811660115722311115e+00 4.862265605887295727e+00 -3.878784178059244248e+00 -1.028002151727066860e+01
1 1.339168695604647041e+01 -1.672134847762167453e+01 7.383907961973173784e+00 5.792217843544177069e-02 1.624274480751838112e+01 1.051518302629389190e+01 -1.048486829593649361e+01 -2.644831758448420089e+01 -5.390507320296565652e+00 -1.513924488046885397e+00 2.979950832279798512e+00 -1.254191312792097435e+01 -1.920712657216689578e+01
1 1.333314884219013940e+01 -1.931453592106675643e+01 9.202867630102170793e+00 3.519031074196917075e+00 2.021359036380389540e+01 1.520530067844622657e+01 1.053101068191768519e+00 -1.457587042208480455e+01 -1.524649163349399483e+00 5.175470016404584150e+00 1.608387294343695206e+00 -1.006345709578273961e+01 -1.488495051807738889e+01
1 1.334528745467368438e+01 -1.840270232955668561e+01 1.329273738096052959e+01 5.269263676102770688e+00 1.508895261565142754e+01 1.118808323726920229e+01 -7.456745576521929486e+00 -1.590250941399796503e+01 -1.398803155908509677e+00 1.026474190482388593e+01 9.184066070123039438e+00 -5.791079619907926634e+00 -2.969820503456773952e+00
1 1.326376645933628673e+01 -2.087539617716428353e+01 1.220523809120116709e+01 4.956160143974005727e+00 9.851404424897042489e+00 1.104415657723552435e+01 -1.303101514723665311e+00 -9.429285476499956076e+00 -6.642416066864850421e+00 -5.948015176101029589e+00 4.603581407035178152e+00 6.233609370002420214e+00 1.267756916484995555e+00
1 1.317162492160740328e+01 -2.226774061828303175e+01 8.292844586501164628e+00 4.167385854853349336e+00 8.039875029083761504e+00 2.640063395614816510e+00 1.397979445673165344e+00 -6.204424331754812449e+00 -1.991143423445462801e-01 -6.058349797007428705e+00 7.394428440249100731e+00 -3.904775002670152206e-01 -1.464615441696718179e+01
1 1.315636836851038360e+01 -2.385779206381837980e+01 7.912731519853466011e+00 4.829584882216686026e+00 1.483040146219492605e+01 1.620975784673005649e+01 1.233935730440704504e+01 6.048638338881074716e+00 6.963744903139574838e+00 -6.465587519285039830e-01 -3.149368501805045462e-01 -1.089075171576353185e+01 -1.132369225895719289e+01
1 1.312166600114910331e+01 -2.186862683648340777e+01 8.365424501066753393e+00 3.298530388358872578e+00 1.171980558727586619e+01 1.381547692903785318e+01 1.265642141404908649e+01 -4.011959200824372629e-01 7.599068769422082426e+00 7.866793097540393909e+00 5.929980119449684395e+00 -3.602849675502662330e-01 -3.455018527498341818e+00
1 1.304801744658317730e+01 -2.501193322696178356e+01 7.160201617895705084e+00 3.600949696351332996e+00 1.021874273385617293e+01 1.255327588487284984e+01 1.056570413733667735e+01 1.047159210870663415e+01 2.096452810497370578e+01 1.341507815620436084e+01 1.571876068423279271e+01 3.450154645845159962e+00 1.110288339927842038e+00
1 1.306491264616444603e+01 -2.422911657228544158e+01 1.085950041579116210e+01 6.807953630893530672e+00 1.602397321672826536e+01 1.347529946188320338e+01 9.629616336707137236e+00 4.358340427295377850e+00 1.626855089657297881e+01 3.034706713395057598e+00 2.264768772677046904e+00 -4.956336495190944547e+00 -9.900178288881468225e-01
1 1.320630675924230779e+01 -2.121490091346222329e+01 1.003120824701811387e+01 3.515580769195335797e+00 1.277870131296566214e+01 8.052886085166649721e+00 1.091515516435349475e+01 1.581696095069687669e+00 7.038333094722050376e+00 4.211632697407971193e+00 7.982429076353200870e+00 3.056063995112562992e+00 3.467211164304385917e+00
1 1.312986622787841640e+01 -2.474017896528819094e+01 7.527417384151225299e+00 1.437465853646582081e+00 1.200403468769209248e+01 2.789227790105214932e+00 7.472392209377374250e+00 -2.494276785796445850e+00 -2.935950309056584828e+00 4.505987034031866401e+00 1.359676289252252701e+00 -6.429975589275690240e+00 -4.520376645589191611e+00
1 1.316101443844031316e+01 -2.443763139830281617e+01 9.392356129019685085e+00 -4.904756609963391023e-01 1.148266352243553223e+00 1.144157864010157510e+00 5.239377514493865462e+00 -1.536611161078749621e+00 5.006751632689159237e+00 -7.850676086651628971e+00 -2.163757073386439966e+00 2.011101736369632409e+00 -3.131591254853104189e+00
1 1.316156279390392925e+01 -2.378698632640755406e+01 1.170290298469912038e+01 5.057097103450798770e+00 8.065683761271225549e+00 1.011990441016919462e+01 1.328745785929314138e+01 6.389955858486852769e+00 7.104032255632525050e+00 1.449916323943421048e+01 1.304851896031301628e+01 -2.930499208597358018e-01 5.794602749361470462e-01
1 1.317430104309288552e+01 -2.537055566871308088e+01 8.201369572796751939e+00 3.126243399899411468e+00 6.680924994132484862e+00 1.571344804974174103e+01 1.950624153824120555e+01 1.465841355633274645e+01 1.291690669257071100e+01 6.287453588797576209e+00 5.109666249896749335e+00 7.919952376008067008e-01 1.325798423400956549e+00
1 1.317095836101574235e+01 -2.437086538076275488e+01 1.031944520217391137e+01 2.018673747381262817e+00 5.901386368508120484e+00 1.347251597069592322e+01 1.363577299718032698e+01 2.994626041743428502e+00 4.631544380293274088e+00 5.010403120807520594e-01 9.142882216302931297e+00 5.252266709505153841e+00 4.547339125715397223e+00
1 1.318590456383329190e+01 -2.122283216298726671e+01 1.423757151711865454e+01 7.462217588133611912e+00 7.347933861461814153e+00 9.889447651474995382e+00 1.349152979026485966e+01 1.021069928009725380e+01 1.403549017004522703e+01 6.184442757962461457e+00 1.225914994463361607e+00 -9.388890341583417509e+00 -7.807625399676934919e+00
1 1.305953194064209200e+01 -2.076736181668334069e+01 1.312801973879284034e+01 5.069171066266061842e+00 5.310240790111989462e+00 6.409803355532663893e+00 1.179129555438285237e+01 7.919223618415573540e+00 1.229903371581239568e+01 6.519943352777050727e+00 6.092513907927783912e+00 -2.974063025627190007e-02 2.851558078340873603e+00
1 1.322949395094768654e+01 -2.349253858564469866e+01 1.184603564393278319e+01 5.712357718120911088e+00 1.018643302904334469e+01 1.183657328827946209e+01 1.040081337356878599e+01 3.873315945874721056e+00 1.288958085021941002e+01 9.689781528211630857e+00 1.762039449195702190e+01 1.029770259587380998e+01 9.530459626829422604e+00
1 1.310881482015599353e+01 -2.272804466694180547e+01 1.232910240886796416e+01 7.930903003223886749e+00 1.010969993783717236e+01 1.218302618506976387e+01 1.947558768480474356e+01 1.016821662946933991e+01 2.113874432337773168e+00 -4.845982733870910053e+00 8.569970100720464501e+00 1.721277522159040396e+00 8.440632482408632953e+00
1 1.301734813952753633e+01 -2.336021080102909053e+01 1.299041177197014107e+01 9.367929661328570745e+00 1.093878838337381154e+01 1.292438424156519439e+01 1.351879945195909727e+01 6.512758281649422720e+00 1.565353452481880581e+01 5.104982948571560541e+00 -1.217904567215487122e+00 -3.624830683105599860e+00 3.143609643581374069e+00
1 1.309893302156624983e+01 -2.251729217182943188e+01 1.461142662932156533e+01 7.761986729393655970e+00 9.197010533657479670e+00 7.489672841047527285e+00 1.335567741856810819e+01 9.889630577337168660e+00 9.807691960698377898e+00 -7.808052825477209247e+00 -8.228524412724880222e+00 -4.239263437885350427e+00 -5.871004862217947817e+00
1 1.305702926688985954e+01 -2.290800664455072422e+01 1.075102338080385245e+01 4.095329975823465141e+00 9.997973816767027344e+00 1.205766633710735647e+01 1.410261906407866839e+01 1.187975507223248961e+00 4.903810277710592302e+00 -2.922327643199217562e+00 -8.677266732951014916e+00 2.911499226044508504e+00 7.683152151674875086e+00
1 1.304007470341949571e+01 -2.707321555130737423e+01 5.225367676991007571e+00 2.373641894050598555e+00 3.187298725554586376e+00 4.653011583316184918e+00 1.554442560376900140e+01 3.520676983553132189e+00 1.461451891786054169e+01 1.006982330425933547e+01 6.268612123832389749e+00 7.146589199371987888e+00 1.362580464970609917e+01
1 1.309593555367098716e+01 -2.403868304146319090e+01 1.115052710058652785e+01 5.496186037779141387e+00 5.543058022121836181e+00 3.178773138730270009e+00 1.783225969670586153e+01 1.521234589297295514e+01 1.655442572573393889e+01 1.402720644011731643e+01 1.429134927464524196e+01 2.619059239433946917e+00 5.829802663417783748e+00
1 1.319048523277810681e+01 -2.556544387631005577e+01 9.441345132884496394e+00 5.558833859179119763e+00 1.102955245593327582e+01 5.808591753126862045e+00 9.510831236913832143e+00 5.493833780965099223e+00 1.212693521161012988e+01 -1.104168251147859880e+00 2.355465891338427709e-01 -1.376616690331432968e+00 -4.531557179441759509e+00
1 1.314070755766693743e+01 -2.583810747153355081e+01 1.018159469327497035e+01 5.911645933974938316e+00 6.136794913760784453e+00 1.028509599098690153e+01 1.711922322268668140e+01 1.294085023462712059e+01 1.479176554015946721e+01 1.561352177715460199e+00 1.202837469029643991e+01 7.760358902835778894e-01 -4.535487365709994556e+00
1 1.300853345723486676e+01 -2.400024805575295872e+01 7.861192744988739989e+00 7.023367003857298840e+00 1.205620006835293267e+01 1.052407233795067576e+01 1.055491321191334464e+01 -3.747802089819982641e+00 9.520146761604038943e+00 3.539375849174843935e+00 1.256470225667017715e+01 4.982894882939955750e+00 7.455835056292237084e+00
1 1.317502181212043944e+01 -1.833721623988552096e+01 6.854069698656558352e+00 -1.808578062303997980e+00 8.413846893992497300e+00 9.167635303979352557e+00 1.143332091324314881e+01 1.008620423964116242e+01 1.739779713594590405e+01 8.790057989817540829e+00 3.829092412204617712e+00 1.106014921828581077e+00 7.027946412632754658e+00
1 1.317075383975720371e+01 -1.843143285054028624e+01 9.879181009371116318e+00 2.003534580463345094e+00 6.124406754234099637e+00 2.386969244775268617e+00 2.447388363606037398e+00 3.601928971373562494e+00 7.130629752188282211e+00 -4.570466367623739146e+00 -5.602783820909632340e+00 5.295203295136770905e+00 1.342151180886372153e+01
1 1.310863644599288946e+01 -2.384535080115019312e+01 9.003278534951380863e+00 5.146804164115087454e-01 2.814836107245450414e+00 6.801579739779881173e+00 1.390757986611553676e+01 5.150795107884219348e+00 6.099204768518468711e+00 -5.353956595560669385e-01 3.666036080073169945e+00 3.820116596037397283e+00 6.572203502572728340e+00
1 1.308859630250561068e+01 -2.386234116302254549e+01 1.195488634335896094e+01 3.107409628079789154e+00 6.646991879957450777e+00 1.793824882243037777e+01 2.011684964526300590e+01 7.910470902119922876e+00 7.165662358166918544e+00 6.000616004368962919e+00 1.388714817477332453e+01 1.108129466658490792e+01 5.208622605078346623e+00
1 1.316140190253584841e+01 -2.467136853610407599e+01 1.045982789909751354e+01 4.437181395975411391e+00 9.095383912502766677e+00 1.095701018134279003e+01 9.638779402867820423e+00 6.079637705407986203e+00 1.247084810185250703e+01 7.648109135194570030e+00 1.882794374034270035e+01 1.519729761247273814e+01 1.606057895870229757e+01
1 1.299940769189250922e+01 -2.517315515939535686e+01 9.515485451703057151e+00 5.924763601042199568e+00 1.457952836252645312e+01 1.430511500606681174e+01 1.314445267562055975e+01 5.144238512735508806e+00 3.266954510560915903e+00 3.771148553021004712e+00 7.091316221872774328e+00 1.457962400243015155e+00 3.624599780352290690e+00
1 1.308333645009026469e+01 -2.407129147367414745e+01 9.903840232066318805e+00 9.566114204844891944e+00 1.675723609990134477e+01 1.335835667787064018e+01 1.147874448740810216e+01 -6.450856454805185436e+00 3.393704009922158260e+00 7.943867590803849410e+00 6.737890924265629522e+00 1.963228864969059462e+00 4.145096464891171451e+00
1 1.310725356994544732e+01 -2.581290168508697391e+01 1.067677752267481495e+01 4.592941133831316414e+00 3.731178601906186554e+00 6.449848601551314786e+00 8.675482590298166485e+00 1.547445418643131454e+00 3.863853353754002296e+00 3.426397306623802930e+00 1.148872900179496348e+01 7.969370995851903672e+00 1.802073478750719993e+00
1 1.311939685793949906e+01 -2.636850255722153946e+01 9.785819091106128909e+00 5.608934736329066695e+00 9.955281798097596280e+00 1.323206592779838076e+01 2.057071692552900188e+01 1.675216321340959880e+01 1.407725090068924167e+01 7.514981145988091527e+00 1.073962739179667203e+01 8.793071945467676898e+00 4.919135005350743661e+00
1 1.312712380696640935e+01 -2.409546514804085149e+01 1.128450848626333425e+01 6.523647547081623088e+00 9.082461037390020309e+00 9.843422749082105128e+00 1.533214011017149936e+01 1.445837130500484591e+01 2.040565823449733429e+01 3.574825374352809337e+00 1.278952585827519428e+01 3.267971693819806678e+00 4.898535540342900063e+00
1 1.316795888535600945e+01 -2.673540727570548015e+01 6.229796314510343436e+00 -5.387180364794821763e+00 1.592007136307524551e+00 8.382962542271242157e+00 1.423580162080325273e+01 4.812613236752864232e+00 1.333126602629693735e+01 1.786617285272072664e+01 2.216753238851474350e+01 1.205958030806122849e+01 1.392146561673068028e+01
1 1.321537048925986646e+01 -2.667559022592411466e+01 7.085882557971953766e+00 4.474090730744043398e+00 1.218172356212094520e+01 1.525167748790345357e+01 2.168868272346728077e+01 1.481096654073853891e+01 1.651117347295555149e+01 1.720251261518253827e+01 1.326780147997318160e+01 6.367856540675107979e+00 4.517385713928067759e+00
1 1.308707192191905122e+01 -2.772296358312866715e+01 6.038103538041934115e+00 1.299546183649828768e+00 8.348770407893443490e+00 1.284479693781515941e+01 1.718874603417379632e+01 1.071091426515936140e+00 5.401225677704523775e+00 1.317185389579443999e+01 1.624427373708785893e+01 1.603673855319846453e+01 2.460252042015704532e+01
1 1.312086961853035838e+01 -2.626458456411138442e+01 8.094033770399047256e+00 -1.443650832239925075e+00 6.207574423526175167e+00 8.736335021808105950e+00 1.056138917747889039e+01 7.011212068564830702e+00 1.616187022208448809e+01 1.530099006061688627e+01 1.414992966067168112e+01 7.104458173012898392e+00 9.367741918336424334e+00
1 1.308676158073967777e+01 -2.264130398257168864e+01 1.067486602878692459e+01 2.232410321639922923e+00 9.685417996960325127e+00 6.848415755115508041e+00 1.115094951475765050e+01 1.076788569292392950e+01 1.636709839859347682e+01 1.445098989576333537e+01 1.200639064639580234e+01 4.388804964620645954e+00 6.202654082821580594e+00
1 1.309806412441737677e+01 -2.363903028267193207e+01 9.105254134032916724e+00 9.868868631312404105e-01 5.652348762495470247e+00 5.444316362009204546e+00 9.976859794401537584e+00 1.862323384984749808e+00 7.515717482707382047e+00 9.309277129911563975e-01 -2.280275567938710654e-02 -2.054473573152751698e+00 7.092854543792334709e+00
1 1.311970454180191226e+01 -2.267882123370917569e+01 9.306677118420099148e+00 3.760775816339942068e+00 1.346186149947843624e+01 7.364828458179529136e+00 8.081987424681779331e+00 1.167839400245857284e+01 1.193672113933548218e+01 3.933617880884196172e+00 8.942594127146948679e+00 8.540906011162956446e-01 1.200950967202950359e+01
1 1.322011252262802472e+01 -2.650487333308387861e+01 3.734656515513045338e+00 -9.240011791886760806e-01 9.938730701019034441e+00 8.071732762362394453e+00 1.104001375590522827e+01 3.637191093419251064e+00 1.272632084320544443e+01 2.479387938735797992e+00 7.171470657037641416e+00 1.094014971824647908e+01 1.194779804569474635e+01
1 1.324766358030503532e+01 -2.822768697619937583e+01 7.036648147780373286e+00 6.197134065273353087e+00 2.126808293743255263e+01 1.966457551822243133e+01 2.014510455995316462e+01 1.073788141574559063e+01 1.524123868152957151e+01 2.313396137963345200e+00 3.675928420444803280e+00 6.705561294182339260e+00 2.449058413238467846e+00
1 1.322520525417255577e+01 -2.282730233752599958e+01 1.516991995819023487e+01 9.702865145613046138e+00 9.683977293578852397e+00 6.648213344394340751e+00 1.000878573434543028e+01 6.695725049965342457e+00 7.506983131878678606e+00 3.977073671041461700e-02 -2.422514394068473909e+00 4.729054213788078442e+00 1.131860680381431195e+01
1 1.313900927065661328e+01 -2.502980873812722962e+01 1.112162227138483672e+01 8.793761278518125835e+00 1.160989517174575347e+01 1.037532878218723731e+01 8.701168331590288574e+00 3.345801106797567925e+00 1.488467840632427652e+01 1.425977273046984983e+01 1.541112264026718393e+01 3.767257557592651018e+00 1.417556336031543518e+00
1 1.315977837451035271e+01 -2.113128426402234794e+01 1.446707033874032078e+01 1.098469275881617868e+01 1.446289684023372502e+01 1.327347951349576860e+01 1.061169539915054472e+01 -3.442070401647414180e+00 -6.936419090414503330e+00 -9.618914015228508418e+00 2.584923608246184834e+00 1.288854253172570408e+00 6.132924448198346035e+00
1 1.307926078290260108e+01 -2.202465889775229613e+01 1.529159802593209783e+01 1.356423422146094637e+01 1.566817516539353861e+01 1.148415885824506333e+01 1.370450074791061645e+01 3.568046921457491472e+00 1.021328169919085305e+01 2.461489293767492370e+00 1.521352023172472423e+00 -1.426386436342722830e-01 2.164376530289841671e+00
1 1.304677825078628750e+01 -2.312966949173587139e+01 1.051058603243762590e+01 3.631305981993753207e+00 1.136406540998335579e+01 8.905232865435024792e+00 1.454026956680368876e+01 7.379828727465034710e+00 1.331235783592602928e+01 -3.060315740644753202e+00 2.996847544299908739e-01 -1.633037723386494111e+00 -3.206249070232725984e+00
1 1.324837588386938236e+01 -2.193926992819063315e+01 1.367799005511726840e+01 8.749159428143290285e+00 1.371241040728731697e+01 1.385430678245027813e+01 1.049548612178162443e+01 3.296012053458090119e+00 5.807941817212786795e+00 -5.113154580331475962e+00 4.179096302496652982e+00 -3.362629621383143697e+00 -1.560153759864109979e+00
1 1.334502529695539152e+01 -2.455383190106396896e+01 1.058997210283858159e+01 6.221722016483332673e+00 9.540614985934444903e+00 5.839816608362665917e+00 8.317061193604864400e-01 -3.354276693181520663e+00 4.125796771698546195e+00 3.503395390021994515e+00 5.118197560004107416e+00 -2.336606739223838325e+00 -1.278564698152631962e+00
1 1.320633879727212623e+01 -2.252603687232558016e+01 1.293620492714024373e+01 5.425215340277155462e+00 1.110119864901989217e+01 8.880189528889616213e+00 1.266670350194294414e+01 1.316449351977340498e+01 1.280444967028933156e+01 1.069685938354504806e+01 6.436331894175564727e+00 3.065460306703811089e-01 2.344281033884552556e+00
1 1.300810659700202976e+01 -2.014967914404509131e+01 1.431342039458734483e+01 8.267971750486418969e+00 1.354852220981510413e+01 3.179899035859524048e+00 1.170347081704289494e+01 9.108968489265578228e+00 9.894609524306229531e+00 2.719293469099758997e+00 -1.420987849184733642e+00 6.602201241971010326e+00 -1.258200777987074082e+00
1 1.317230057435840962e+01 -2.683903394320147839e+01 7.383202448564231801e+00 3.955188929245375906e+00 1.712580648348771817e+01 1.433671318882282186e+01 1.588747533294268166e+01 1.986969612079106895e+01 2.667658015687503337e+01 1.418757500806162142e+01 8.159940393766625277e+00 -3.107234737090296406e+00 -4.407797280977906240e+00
1 1.303156571830072963e+01 -2.347287989575210787e+01 1.070452833944947990e+01 6.896085715134963934e+00 1.113085467605787571e+01 7.413840444257107087e+00 1.313864671925123950e+01 1.143956757546315295e+01 1.392072040990784032e+01 4.155724580592378703e-01 8.685944886394958431e-01 7.411297459857294712e+00 8.874809917243224433e+00
1 1.306066821005322964e+01 -2.330821748763527879e+01 1.301723722038410891e+01 7.714445172623503488e+00 1.050670372638102279e+01 6.507706031577564332e+00 1.383119945158409791e+01 -1.176384273811252212e+00 6.270945666546126063e+00 -1.986062297704618285e-01 -7.912693370609284571e+00 -6.510513767246971284e+00 -3.065163937267024519e+00
1 1.308716635135714590e+01 -2.206443227239753213e+01 1.012350724588303308e+01 6.793436205778241366e+00 9.893050527343378420e+00 5.995421692438154260e+00 1.046917276316798429e+01 2.176714397665981071e+00 2.904132180999702939e+00 1.849867617928545149e+00 8.738215515628887431e+00 5.461981033274008190e+00 4.946178663904348127e+00
1 1.312655793025614948e+01 -2.427570692266925079e+01 9.254271151859095212e+00 4.047895504005935230e+00 1.549739745970705052e+01 7.788122340505730712e+00 5.828339393264581503e+00 -4.186617748437667430e+00 -4.567626926472117432e+00 -5.572838773628033593e+00 -2.743697095085030124e+00 -9.617554418683017303e+00 -1.265745794637124888e+01
1 1.311619533511157698e+01 -2.626137018600346096e+01 1.153836335638089317e+01 7.993360902482840480e+00 1.427934494541672805e+01 6.146471962863983229e+00 1.031475528592954127e+01 6.085058928295125291e+00 2.342210869951682817e+00 -3.852446935410823059e+00 2.432571149947412970e+00 -4.682760641519140066e+00 -8.606947577011990091e+00
1 1.326776472877313395e+01 -2.519406391733972583e+01 1.104275764237282509e+01 4.908049329282361484e+00 1.012031589033206203e+01 8.364011363909774843e+00 1.328305128673337521e+01 7.166283203185575879e+00 1.592831241872472070e+01 5.161201867908944863e+00 8.882734368531046698e+00 1.154577345277496292e+01 8.357348891010948577e+00
1 1.315294266328415418e+01 -2.197147796866084946e+01 1.066715998795589115e+01 4.245307489972526049e+00 9.442813346877269254e+00 3.259942036454800185e+00 6.682157876892371284e+00 -4.072771957490524564e+00 -4.061138127610210979e+00 3.016367129102791367e+00 -3.765148517445310317e-01 -1.509076776721706814e+00 -3.749593217240710707e+00
1 1.323354922175420256e+01 -2.393219646235134945e+01 1.154920643650709344e+01 7.448168115544335777e+00 1.478729084625189216e+01 1.490556566964120577e+01 1.283122161875769329e+01 -1.221631026674857345e+00 4.192608279127678195e+00 1.258055986564216466e+00 2.789965136000652546e+00 9.554457216699436817e-01 -3.863663677173100552e+00
1 1.324202039864125879e+01 -2.257080264981009776e+01 1.270543233114338655e+01 6.196617647297747666e+00 8.434764911680167287e+00 4.397794554725136251e+00 9.715780141195285324e+00 8.860700401500837486e+00 8.063575446270196068e+00 5.423556973466542530e+00 -1.629417554756136921e+00 -6.268426395689002284e+00 3.138702549018111743e+00
1 1.306748418539689283e+01 -2.492341367882383807e+01 9.335801635651636232e+00 5.822706870711562566e+00 1.197601121111262579e+01 1.004552805523872117e+01 9.390202091926070693e+00 -3.250618577274492771e-01 -3.948876527781255419e+00 -9.921819966373172761e+00 -7.614124676496559552e+00 3.504051002745474541e+00 1.181863440816657373e+01
1 1.320400050815320014e+01 -2.515792664104693088e+01 9.820167275273018248e+00 6.647135067250531826e+00 1.568617946866846324e+01 1.534527269589341714e+01 1.996767494043682944e+01 8.180039753581779038e+00 1.585618885897856600e+00 -7.316755622130798997e+00 1.822328344200516481e+00 7.416979857249286212e+00 1.864911303830869282e-01
1 1.305251995619060423e+01 -2.521959807340973470e+01 5.672485392312192509e+00 -4.274820947529143211e-01 7.714093185823016618e+00 4.359940243183839215e+00 9.434324962483479737e+00 -9.337105590217764650e-02 -5.624965331286500003e+00 -8.221739306394896474e+00 -4.318839537729940226e+00 -4.489777981338712864e-01 -5.202213704856487597e-01
1 1.319213667513687582e+01 -2.486457754952843047e+01 8.007810217087827809e+00 3.136087270775967273e+00 4.952541012106110863e+00 5.268810224160361599e+00 1.352792052959125257e+01 9.490399704619626675e+00 1.337718177702060807e+01 8.473278935012502622e-01 -7.178676545628650985e+00 -8.151161287858517568e+00 -5.582385626541035428e+00
1 1.318414841002078219e+01 -2.401341544921317350e+01 1.158928909469528890e+01 1.240715482121206925e+01 1.017604019406673999e+01 1.328057800814700373e+00 4.779526177300356338e+00 5.660573435437329159e+00 1.404943662061226917e+01 3.917617482452179889e+00 1.635118820925848926e+00 -1.778006572779808003e+00 7.484059086953108064e+00
1 1.308906983341094943e+01 -2.371305541719455334e+01 9.354876260482193118e+00 5.166950365900260245e+00 1.100239703071401998e+01 9.121075660014422937e+00 1.221272934272169763e+01 4.229047882553488513e+00 1.290969584564687800e+01 8.579557941543942690e+00 7.654961727182614695e+00 7.890939144834106855e+00 5.444505645636015245e+00
1 1.308620296209103095e+01 -2.345764630989921429e+01 8.669588610736612466e+00 5.072463818434365557e+00 1.324282241872350063e+01 1.722561705270152999e+01 1.975900574988537173e+01 8.076082619030053422e+00 1.250067520588340209e+01 4.607766593643338182e-01 6.448300745712153059e+00 6.946171469021001244e+00 3.479005404685778569e+00
1 1.312235351766822156e+01 -2.224063757060380198e+01 1.033301190280165827e+01 4.850409310162921983e+00 1.240278756479404088e+01 1.483909947551868491e+01 1.179149045867958101e+01 4.591695677248654128e+00 8.065163556246098153e+00 5.535242348808126767e-02 6.350775213630836191e+00 5.623634141186478752e-01 -6.687659772970772742e+00
1 1.676619185951542690e+01 -3.895531652626418406e+01 5.931142926280227323e-01 6.300011351005411875e+00 -7.626200987597887782e+00 3.612772723611161041e+01 2.898486534407573867e+00 -1.287579946143514498e+01 1.405933659578938588e+01 1.561802642044941791e+01 -1.726233148927959649e+00 2.439343632227941683e+01 1.583152597932742722e+01
1 1.461580505620528569e+01 -2.851086702967949549e+01 3.885397454541266171e+00 5.159777325128892755e+00 -2.452963108508811274e+00 2.542437538123267160e+01 1.174617076200375898e+01 -6.694685687466791713e+00 7.380544180823540579e+00 7.363847704204871114e-01 -4.380671846994273200e-02 8.215220888881724193e+00 -1.564703670251440304e+00
1 1.403418678499187955e+01 -2.708587509119711711e+01 7.401870814774032858e+00 1.615899683337279902e-01 2.908724973423876037e+00 2.325099268357855919e+01 1.311090309493367201e+01 4.382075800748685523e+00 4.022584884098029612e+00 1.108397441797677629e+00 -6.550197659964343444e+00 1.654229318331479348e+00 1.309458516964165709e+00
1 1.383836796176494133e+01 -2.839727934120970687e+01 2.560443940401746055e+00 -1.470046267781938143e+00 -4.613194186611217773e-02 2.328976531739875355e+01 9.274785484713202521e+00 -3.195995817516645854e+00 1.134144942435690417e+01 5.893357195852571451e+00 -6.139643492333937580e+00 -1.260125585711987739e+01 -5.436188469577706961e+00
1 1.355844158238929431e+01 -2.686838143138059820e+01 7.188286427597727624e+00 3.930048887171143868e+00 6.846666301166699498e+00 1.863560228312780609e+01 1.426566236716672798e+01 2.454402093079238512e+00 1.471681088720860942e+01 1.289199752953770961e+01 -2.447927714796648058e+00 1.373574991612136920e+00 8.687537166389075693e+00
1 1.335124754689745430e+01 -2.646303011554225648e+01 6.620213969420989386e+00 4.920972578353561389e+00 1.378909574401270888e+01 2.343165207594390509e+01 1.544546790315576779e+01 7.900788259786061474e+00 1.892354085072715364e+01 1.144131484848320746e+01 6.609913205865808550e+00 -1.935407607369546978e-01 4.754958053597611034e+00
1 1.329582987168715569e+01 -2.525314872174752168e+01 5.886736592171237348e+00 4.851876932805672560e+00 1.689179010732046748e+01 1.913203367992272419e+01 1.506814775109543625e+01 -3.186426024273719015e+00 2.810381749542546270e+00 1.219308662604693971e+01 -4.200096755886062461e+00 -1.038632957456604444e+01 4.542060146111388974e+00
1 1.310625653240171395e+01 -2.569440440877630394e+01 1.120639421417555859e+01 1.100216122661780815e+01 1.705527194376663402e+01 1.438330167726666531e+01 1.372980332587901664e+01 3.368077936359628488e+00 1.036165970932797276e+00 -7.482553628506347643e+00 2.464619876580467772e-01 1.158504987879639403e+00 4.243984616385896302e+00
1 1.305370914873994970e+01 -2.467090333766428145e+01 9.276295183630429264e+00 7.401507068434837855e+00 1.371701611424832201e+01 1.201930142764926046e+01 1.293075224950065483e+01 7.661572913321323952e+00 5.694261382592954668e+00 7.691605409963130136e+00 1.447828872541508360e+01 3.790146814457742153e+00 4.559806820972052144e+00
1 1.312108415664749828e+01 -2.397086238630544486e+01 1.120337693144682589e+01 1.199568908400786604e+01 1.817075821332054275e+01 1.976865428445091410e+01 1.314214365947131391e+01 7.438558272097382407e+00 8.778399549525307322e+00 1.987123944471606452e+00 8.730247070433602374e+00 5.892641031401108620e+00 -1.304642031096819643e+00
