1 1.324136232936706747e+01 -2.005046659730835401e+01 1.058067143397707355e+01 2.489168061917021557e+00 2.411130248900837270e+00 7.104998726103314288e-01 9.158412745799467125e-02 -5.182620294228021507e+00 2.179257894150326891e+00 -8.774241677390040905e+00 -9.197137578574816175e+00 -5.315419463447016213e+00 4.278104408557362182e-01
1 1.310844478171978444e+01 -2.357920542205656034e+01 1.407583052076365426e+01 7.821946355596430145e+00 9.257212136332222840e+00 5.024200058031587979e+00 8.166784194089686366e+00 9.313206101600769671e+00 1.792829484950093999e+01 4.338790315239847040e+00 2.919008253867788838e+00 4.313851477769730991e+00 9.192830602132421092e+00
1 1.317924220727725704e+01 -2.762104982639223394e+01 6.279165044638294724e+00 5.662322103225764236e-01 1.070343513781831568e+01 1.399943911404547592e+01 2.129462615993539742e+01 1.380045539044332870e+01 1.621897476817484218e+01 7.945759557648778504e+00 7.331344762229348611e+00 4.449223006170742067e+00 -1.771166277188095384e+00
1 1.319851962071794382e+01 -2.681822694013049002e+01 9.547718147912616971e+00 4.282293977941039387e+00 1.006829082410141929e+01 8.109696299299839595e+00 1.516228869307915517e+01 7.723464804892462787e+00 8.955832332060731815e+00 3.971984156845855818e+00 7.177341361622894489e+00 6.884405160368738841e+00 9.501223884979085099e+00
1 1.299897723169660146e+01 -2.627646957682422268e+01 7.456153338810074693e+00 5.316007660315671401e+00 8.647605897676138298e+00 7.719077168778377462e+00 7.850420477445345213e+00 -2.534688965046678177e+00 4.416638379064577791e+00 2.227125035165543609e-01 2.362151316447026195e-01 -1.058498553626766459e+01 -1.515728922031333958e+01
1 1.324802662121662422e+01 -2.458053281891519859e+01 8.525583118875406541e+00 4.377353042175309850e-01 9.021499679475775579e+00 7.767135035537340748e+00 5.647084154506618603e+00 6.447820898648892296e+00 1.438499253208305007e+01 4.033999192710148840e+00 9.915568359244065988e+00 4.972303109900529705e+00 -6.999089845389869780e-01
1 1.315663111048775313e+01 -2.505164688908607928e+01 1.052817128973853755e+01 3.911376192717202827e+00 9.983301280122208965e+00 1.136705628433733928e+01 1.478451085761873074e+01 1.069133622790121230e+01 1.805922164628799820e+01 8.464145548588714263e+00 6.713715127663643756e+00 6.358684205401277545e+00 9.793645082997659568e-01
1 1.315425028123651963e+01 -2.500828148779304883e+01 9.526267561956830221e+00 2.607395509772738151e+00 8.149169049240322593e+00 5.285267039076243734e+00 6.215987159840246079e+00 2.928403318319718007e+00 7.480804144947327927e+00 -7.066582784021940844e-01 1.852347634350642425e+00 -1.298675139734111106e+01 -1.403806476352590238e+01
1 1.314699060930445640e+01 -2.530337772665212981e+01 1.050557125068901421e+01 6.081515505132095711e+00 1.417074260733484437e+01 8.401066948535410361e+00 4.512621280914431487e+00 2.234081428030939787e+00 1.193339705446198806e+01 5.087888182130581249e+00 9.080005556401260947e+00 5.862094536993241789e+00 -6.509754740515125704e-01
1 1.332039494003181090e+01 -2.298116612720959751e+01 1.281932872245108612e+01 1.908186154395020706e+00 8.687464382528194307e+00 1.573763175815618531e+01 1.230585329243610460e+01 1.310688901270014206e+01 1.591875555124515884e+01 4.519978775821026140e+00 1.927716883020915928e+00 8.949580610425378779e+00 1.021332377390287505e+01
1 1.319515029291168595e+01 -2.514753876280245137e+01 9.132096985426958469e+00 1.090713261690555935e+00 8.680594969016363294e+00 1.277943160704981196e+01 1.361387411089465616e+01 -1.121893503897996691e+00 -5.938324916593535896e+00 -4.684095206043818571e+00 2.345472546080257903e+00 -6.957727716539887197e+00 -7.330182117488412530e+00
1 1.317932786866093231e+01 -2.454640131261172797e+01 6.284620616434644980e+00 3.930609569649099022e+00 1.700040343937643428e+01 1.615925991443706522e+01 1.533687724759115767e+01 7.077520774575872586e+00 4.063868928878025422e+00 -8.702875171193628079e-01 6.911450620128061217e+00 -5.086904200045051283e+00 -5.589579394749997654e+00
1 1.307643308952968653e+01 -2.291012678791753387e+01 3.606804452583577181e+00 -2.075445910723903609e+00 9.220402998905063541e+00 1.385042979503782945e+01 8.355808530568827663e+00 -2.822989187922729126e+00 9.835283306539631454e+00 8.654583631674945821e+00 6.795820755092889520e+00 4.469431980414432459e+00 3.673425064322600520e+00
1 1.323439704943327655e+01 -2.821806474896504824e+01 4.942396439584671342e+00 4.014759970798665201e+00 1.326105704537661367e+01 1.198900428222281711e+01 1.095005514381797163e+01 8.097824661804907009e+00 8.680525986543774053e+00 3.550282418602877105e-02 7.078839528767953304e+00 3.471839810766528700e+00 3.907526054802245685e+00
1 1.303933287256872475e+01 -2.550956916363107041e+01 7.607199538680038842e+00 9.403916472247105807e-01 7.287990122373163793e+00 1.519045078064032239e+01 1.059013882877452239e+01 -2.956840116054639811e+00 1.207362314707800799e+01 1.090828149187520779e+01 1.091517572274800685e+01 9.720868965180315513e+00 6.071408175655253814e+00
1 1.314177605058085696e+01 -2.368230098261926386e+01 1.089383290823211681e+01 5.815074798443719217e+00 1.632950572394612365e+01 1.948832815133156871e+01 2.072910191641980404e+01 9.131510132326715379e+00 -1.201190349900939758e+00 -4.244850242884241176e+00 1.256245467389695447e+00 1.655233842601464778e+00 1.215794555546325029e+01
1 1.298119820335250552e+01 -2.346870700398815757e+01 1.184202105939091432e+01 9.522380576791427131e+00 1.511086208459357749e+01 1.608388421794607481e+01 1.335122888841768862e+01 6.252000353705615687e-01 -9.830668732016265565e-01 -3.980084247162813949e+00 -1.435063537611813933e+00 3.409402438513189915e-02 2.245992132004355213e+00
1 1.315890652859039811e+01 -2.342368327750275725e+01 7.187552586779827557e+00 4.386687092396842402e+00 1.437855496292067237e+01 7.897442624877484718e+00 3.252335747443988456e+00 1.385689609581034176e+01 1.969694518507912662e+01 7.616205551570644161e+00 3.109048990101418664e+00 5.403951289831478988e+00 1.486356840858303130e+01
1 1.311775599700507833e+01 -2.479154854676691855e+01 8.368351442022916586e+00 -2.387182050429540181e-01 4.309974369769129510e+00 1.558566090301986939e+01 2.409677514093752393e+01 6.046902052150749718e+00 1.229425589316331946e+00 1.076805411868422491e+00 9.110727111468625239e+00 -1.255822145866897221e+00 6.207582151719415187e+00
1 1.300516321512403550e+01 -2.292609323308689895e+01 1.016856783142974230e+01 3.068218611333144885e+00 7.781589604530345206e+00 1.064596810036309904e+01 1.372954344156544515e+01 7.002342304214243640e+00 1.934596446286253490e+00 3.202816121308857955e+00 4.183733401748271241e+00 2.836465289887920793e+00 4.284489684240280205e+00
1 1.313332978689367003e+01 -2.271838765944158922e+01 8.998683333600368428e+00 2.602763305615856115e+00 6.782722556554013238e+00 8.608844704842772089e+00 1.682149005109597439e+01 1.411227248024570891e+01 7.692429817793687619e+00 1.373076178307191864e+00 1.343501527091243153e+00 -5.759042660929560853e+00 -2.706624988553446798e+00
1 1.317682710951596015e+01 -2.129412638729727547e+01 8.716736284036144866e+00 2.920210915669097851e+00 9.845348432475846678e+00 4.632979875462399200e+00 1.075686141435045862e+01 3.138952623047752688e+00 2.484096994056880003e+00 -4.508199375527350838e+00 8.917693231988189639e-01 -5.165253322028566352e+00 5.403476264176092399e-04
1 1.319567210144597169e+01 -2.596401828992255290e+01 6.504151101801617152e+00 7.325521039206978058e-01 8.523774602850158644e+00 8.874035217068376724e+00 1.573186728557845093e+01 9.216061773727798112e+00 1.606525020605212362e+01 2.380593363318295186e+00 6.142419055187502863e+00 7.441397616497621215e+00 1.395296652961669182e+01
1 1.306611464102963360e+01 -2.195588396568102851e+01 1.059459204082887318e+01 5.866133773156697373e+00 1.502904801952702663e+01 1.065251887527873720e+01 1.700172663089576020e+01 1.358548452566960130e+01 1.602910183568392810e+01 3.957543538865246013e+00 6.016283421535892018e+00 4.280043695270049575e+00 7.024735652276891784e+00
1 1.319696487052674172e+01 -2.261340844801442884e+01 8.797188651436764317e+00 5.401488073726150141e+00 1.456167420493305720e+01 9.555982992146056176e+00 8.962534874634894067e+00 4.971220402448384590e+00 1.605788791729332488e+01 2.055911363717489060e+00 -5.686088611901909395e-01 -4.643461453677559803e-01 4.472774519998941045e+00
1 1.310282235602871026e+01 -2.199792445729420010e+01 6.864562781119337487e+00 3.558400064063533375e+00 1.024884609786911405e+01 1.393101797363862104e+01 1.420326512168315780e+01 9.711123992829659102e+00 1.765998022241759458e+01 4.611062001632103780e+00 -1.720714401108935032e+00 1.851519614193768870e+00 1.391585746667327594e+00
1 1.306251836076417838e+01 -2.543012720405667793e+01 8.429060426076739887e+00 1.795571664577765292e+00 7.956797859547386054e+00 1.149692775410777301e+01 1.791727730854296752e+01 1.846511699619219016e+01 1.443037709920930034e+01 7.399976954496153780e+00 1.255081356545279192e+01 5.122974819866768392e+00 4.451591058100000886e+00
1 1.318837137537022741e+01 -2.292172888845272283e+01 3.638409042202256138e+00 -1.643950896075496715e+00 9.627884693983574493e+00 6.403437590634304399e+00 4.230183351345241149e+00 7.861932735586129040e-01 7.399323344980234474e+00 -4.400797198619292860e-01 8.141666917542062620e+00 1.241699534626347656e+01 4.085152796882589143e+00
1 1.305583787382563088e+01 -2.457068264726311213e+01 1.129324905336690676e+01 9.317154614207355579e+00 1.274451801389856520e+01 4.959813161046206176e+00 3.061373611276492657e+00 -5.062411116826961432e+00 2.573358212605409978e+00 2.894865814913841540e+00 5.760438758472674614e+00 5.854668070930571844e+00 5.386245319768147688e+00
1 1.317050909994799923e+01 -2.617503205167521685e+01 8.776738103638161093e+00 8.855294276963341371e-01 4.091086255410276706e+00 5.529431748142489944e+00 5.969759440901763803e+00 -1.230000097018726091e-01 3.577486666077748012e+00 -1.373015052166058458e+00 2.109156816602326234e+00 3.886972454457954029e+00 8.318028523065903457e+00
1 1.324128846105092450e+01 -2.519775628464129369e+01 6.965880591909366260e+00 3.456066955693278153e+00 1.189148202537523424e+01 1.193313370103776627e+01 1.356933612878548523e+01 6.579090876795712362e+00 1.132071725729705847e+01 -6.191380807569895062e-01 4.085905332682418845e+00 4.576339830048789636e+00 -4.350887926916291448e+00
1 1.308125766931151190e+01 -2.408053750371294655e+01 1.100442499177791156e+01 7.008422666604647411e+00 1.154837250518229830e+01 1.626195124796570823e+01 1.431136613525397117e+01 1.017955264472375632e+01 1.487477924508340621e+01 5.963308285834914457e+00 3.893976208311743292e+00 -1.066534079264541912e+00 5.430691308437372022e-01
1 1.307454360873543031e+01 -2.390435062538239919e+01 1.006805462462685874e+01 4.647622164114110888e+00 9.835632075974791277e+00 1.423210618555330953e+01 1.274910069511115296e+01 8.563915403572373464e+00 1.004373899427357308e+01 6.633016956321782787e-02 1.188987186403555940e+00 3.553621388510635803e+00 1.235799810462669335e+01
1 1.306263086124548245e+01 -2.512936785848514987e+01 8.638091417194377897e+00 2.993268107438019854e+00 6.983386494450989801e+00 6.465790742060906204e+00 6.049796340586407695e+00 -9.817695471773764115e-01 8.992936248969394697e+00 7.797025805702609169e+00 6.716737154933753118e+00 4.891244674972074158e+00 8.042639984124450692e+00
1 1.316371873955115390e+01 -2.591383114387310727e+01 9.751788870811493481e+00 -7.581355009320639438e-01 8.038138914685193370e+00 1.410664939355530301e+01 1.765118828860526179e+01 1.382233214292916657e+01 1.232318981605318875e+01 7.912514435495627829e+00 7.054113539399314625e+00 4.605706086878670114e+00 1.025570340392160240e+01
1 1.319624648099855158e+01 -2.995255520655253889e+01 1.552180462301384622e+00 -1.359655743769212055e+00 6.963405544575067552e+00 4.990114289070523235e+00 8.701638820291009324e+00 1.248547406229784329e+00 7.716425524765045729e+00 3.738779344839871399e+00 1.590360781527769385e+00 -5.917140475462999483e+00 4.364575117717190089e+00
1 1.319426077461536018e+01 -2.224374159484472457e+01 9.620629467889411757e+00 -2.948855573997319901e-01 7.714540688159564397e+00 1.196996648628942594e+01 1.458067282560381450e+01 1.098132857029562004e+01 1.434566944309331227e+01 5.033693816433158830e+00 -3.238182397092498888e-01 -2.495989339270155982e-01 -4.225941977071051348e+00
1 1.316775957334065872e+01 -2.510805587021110696e+01 6.879669787248899659e+00 -7.704407080623983939e-01 1.163598651065233014e+01 1.466605447377873261e+01 1.623722641617960250e+01 1.317257831603806650e+01 1.400400710456786157e+01 8.492853240817256122e+00 -3.604908115596805906e+00 -6.943057642783390104e-01 4.268960161093016126e+00
1 1.316779749972634050e+01 -2.628629980401417399e+01 1.001084897116661843e+01 5.791306042889223793e-01 7.201165203428388395e+00 5.159142585508413426e+00 6.343124309326201526e+00 5.442205473793300108e+00 6.546354208125732654e+00 6.439919093740932965e+00 1.010665466643993149e+01 5.335529541867511938e+00 9.084230969385796328e+00
1 1.322071705348222004e+01 -2.503175839935398272e+01 1.060749977634780272e+01 5.428522550200677976e+00 1.075103086183351309e+01 1.256069601733532082e+01 2.399993438054386630e+01 1.547810331430667041e+01 1.170510106151031238e+01 5.999178684614450141e+00 1.269303242523906583e+01 1.351790942007788132e+01 1.053004138206647511e+01
1 1.304246743957838639e+01 -2.486237765840091285e+01 9.676424099856825833e+00 4.846886973020041012e+00 1.314898310119923863e+01 1.458666221020498632e+01 1.609562200328761605e+01 3.336915022846254519e+00 -1.669624272140562082e+00 -1.019442979453689890e+00 2.728060383670452449e+00 6.097306490673361168e+00 1.014276253136978134e+01
1 1.306616319121988212e+01 -2.387652454683486170e+01 8.662068761302517572e+00 2.410696599677553564e+00 5.632700081946851789e+00 5.014428266216165220e+00 1.386454829294134683e+01 1.223499321344295332e+01 1.026231318178953522e+01 -1.936602082258788160e+00 8.153844917404409642e+00 8.763909875842660568e+00 1.326445324959794725e+01
1 1.312624126878176867e+01 -2.416863218136445468e+01 1.100103947668046445e+01 9.042089493653120869e+00 1.726377539530522753e+01 1.497240496253382780e+01 8.619496148912000777e+00 5.425661661575516881e+00 1.072364149858985272e+01 3.873242109636125807e+00 1.042740741473380872e+01 9.483432708201437578e+00 8.499743825610789116e+00
1 1.327565808665309710e+01 -2.536979345162671606e+01 9.863205502223863164e+00 7.128900120406521879e+00 9.547003425865565163e+00 7.304030410650089067e+00 8.668482034449038309e+00 9.174292417712807124e-01 7.538966454676134354e+00 -5.428489650664922728e+00 -6.375812178973616184e+00 -4.299412620052111222e+00 6.497765489593462229e-01
1 1.320935966561511776e+01 -2.636651352422941486e+01 9.894385422533783725e+00 7.184321420347486331e+00 1.041552862867571072e+01 1.447198656246191106e+01 1.879678905504982467e+01 1.724064817902055324e+01 1.791993960775940664e+01 7.479068949740018901e+00 7.684995703684068147e+00 3.387327428079666691e-01 -2.585642136381792966e+00
1 1.315913872759180592e+01 -2.388977131604164228e+01 9.812129169854994615e+00 4.515505291157148271e+00 1.235593912619734880e+01 9.333494001703202869e+00 1.612459984848413086e+01 9.964228770338131369e+00 1.259388822053932522e+01 3.346060065881777845e+00 -2.880318090422072874e+00 3.135348631745269454e-01 1.415740836787263257e+00
1 1.297180928557968471e+01 -2.134143896932184248e+01 1.312545800941228791e+01 9.138669535462238258e+00 1.212871909714779761e+01 5.173353223840561732e+00 1.539896382034753763e+01 3.590772068385624127e+00 2.535044646109605893e+00 6.447117759232683376e+00 -3.489586556428296404e+00 -2.682363235627477138e+00 -4.593432130090635113e+00
1 1.314749295589305511e+01 -2.378954268326278054e+01 9.512456777976806777e+00 6.074176339198653629e+00 1.762134996601178472e+01 1.435462116076383232e+01 1.636141586449609164e+01 9.381846764508255276e+00 1.136337277870431883e+01 5.428017543518634191e+00 4.600122167315455535e+00 -6.704469035263095122e+00 -1.485179309978362339e+00
1 1.320812820837843127e+01 -2.330824613622440111e+01 1.219137368021526768e+01 6.359870557723103168e+00 1.331677975036255468e+01 9.915308823274978423e+00 6.880591514317836221e+00 1.572688153077591799e+00 8.607778182878053741e+00 1.270294663389509360e+00 1.520949616402108795e+00 4.302101866528856178e+00 4.150266809188249084e+00
1 1.307328101345199833e+01 -2.280850296535121657e+01 1.380649003942599506e+01 1.324669987636649182e+01 1.380578979216967639e+01 9.792249159955016324e+00 1.482923711658722965e+01 3.259801978133480826e+00 7.985493113559231304e+00 5.716452549565964603e+00 1.077063721841996191e+01 3.274777770574774038e+00 -6.171246640237006975e-01
1 1.311162415383486746e+01 -2.240719018322027623e+01 1.055978779498331477e+01 5.463034585085361883e+00 8.944960001314077758e+00 7.254616545006024708e+00 1.005774910016189772e+01 7.206747800060968601e+00 1.098988844584564362e+01 5.440528758404709286e+00 6.729693832779005014e+00 3.646293130106875058e+00 3.984279396101263693e+00
1 1.314380913340063550e+01 -2.092891313590662605e+01 1.511375346507083961e+01 4.056762488624944929e+00 4.649006505691672508e+00 2.220667514882209481e+00 4.577847718325860349e+00 -4.707559458817425213e-01 4.784251382333861713e+00 -1.758598944263904063e+00 1.597654996055808851e+00 5.352803929558763940e+00 3.304735106360304542e+00
1 1.322022712675055089e+01 -2.242569109973893404e+01 1.526382999039334898e+01 1.034481424050510334e+01 1.229865142384723242e+01 9.818367509191160636e+00 1.629110116234877381e+01 7.354703072019572296e+00 4.997781377467261699e+00 2.293696569404403363e+00 1.031700730691809476e+01 -1.306290110873936872e+00 -4.151577815098330682e+00
1 1.328408029576551286e+01 -2.219511405704948004e+01 1.195586958039541514e+01 8.616717131501427929e+00 1.241497543519658464e+01 7.802380649980356964e+00 1.634380111854623152e+01 1.807598876952461131e+00 3.185182141835028791e+00 -2.647348623100007625e+00 -2.519727286622084783e+00 7.281406117791597854e-01 4.071315721400126542e+00
1 1.308659068994748331e+01 -2.196697003736127130e+01 1.462613795337380651e+01 1.168010011721346508e+01 1.688301507270841029e+01 1.522952380148912965e+01 1.604838375751375423e+01 5.725262620728680751e+00 7.235872818738478429e+00 1.993350925453977740e-01 -3.588181771289538080e+00 -1.152259063180802556e+01 -3.731828343287422189e+00
1 1.318701836029353558e+01 -2.050512371252125732e+01 1.633506704872062087e+01 8.734020879170094176e+00 7.876380131454173927e+00 7.633763474853895836e+00 1.318284234839816804e+01 1.275085260403350773e+01 7.982690041914565882e+00 -1.186495896176810483e+01 -5.157709631971687081e+00 -1.596706967705473712e+00 1.096831043553898377e+00
1 1.331380170036041655e+01 -2.468618197560859429e+01 8.952051525366966800e+00 6.741610008367938889e+00 4.683142383357496996e+00 2.243667737234958892e+01 1.799876624887443555e+01 5.755016413881172355e+00 1.588700029059778451e+01 -7.005526198326290199e+00 7.628956351154159155e-01 7.995655966937095016e+00 -9.827786798832125470e+00
1 1.400952045112397037e+01 -1.619348093650407705e+01 1.734096705571236852e+00 1.228401159426006473e+01 1.519223837615246886e+01 9.904357492735753610e+00 -2.441745266687540195e+01 -3.535336852421401233e+01 -7.222089668154191067e+00 -2.241136687310517317e+01 6.340972306872942610e-02 8.056970568024812707e+00 -7.195386797971795367e+00
1 1.609640229703589043e+01 -1.726440887034475935e+01 -5.100807201516336598e+00 1.101853171457049463e+01 3.000106370946562073e+00 3.002527571469080314e+01 -3.107845197720772745e+01 -3.268720760075452603e+01 1.749730157287827836e+01 -8.423454733149585039e+00 1.782346011574496814e+01 1.258310170497558289e+01 -7.837988303845622617e+00
1 1.633521498362565438e+01 -1.313229514470353010e+01 -9.113612557223424560e+00 9.871628625831366577e+00 4.022115775304191843e+00 3.454903856259100792e+01 -1.976790037389733712e+01 -3.193475633981179485e+01 1.530262247540654563e+01 -1.349050438344293212e+01 9.251872955822574296e-01 7.886742935246070729e+00 -8.767835198364691607e+00
1 1.699893560782558666e+01 -1.023403828798826432e+01 -1.977752479957954534e+01 4.683854579048381872e+00 1.511515765090451247e+01 2.949339050665355444e+01 -2.234771290607380934e+01 -3.504713234498175467e+01 1.229398629767190609e+00 -3.903663363427073563e+01 -1.515973178358358098e+01 3.271142493772764226e+00 -1.895179137937644853e+01
1 1.670759063043194104e+01 -8.142153588939217812e+00 -1.875589914980552564e+01 7.158514971738688004e+00 1.854222216938673284e+01 2.777234512401197009e+01 -1.609266154192035003e+01 -1.431457983422756897e+01 2.501127317960307295e+01 -1.681702817272715222e+01 9.064275456879126835e+00 1.912250818217787796e+01 -1.956898799601229655e+01
1 1.635930165313414975e+01 -3.664420844392983323e+00 -3.679249140527143247e+00 9.668555843593864552e+00 9.867992405501057718e+00 3.186991660476448374e+01 -2.624101938180206872e+01 -4.087239664265045036e+01 1.537804920087432059e+01 -1.348799659960171482e+01 -2.599224311552071232e+00 5.121225825178688851e+00 -2.372510267179188048e+01
1 1.679472718325848746e+01 -1.660706706294209134e+00 -6.552758271969010728e+00 9.992125905842618394e+00 1.331266855781864855e+01 3.205203890516524723e+01 -2.749190643464319805e+01 -4.301920426633838446e+01 1.778487587473236076e+01 -1.721731682402105079e+01 -5.798722085646233815e+00 1.323844290879124941e+01 -1.912294345153922137e+01
1 1.707657907633317862e+01 3.956065844345991317e-02 -1.168450161688661026e+01 8.165115882155761895e+00 1.115185997353948721e+01 3.180614610042333013e+01 -2.141585340750827626e+01 -3.647155408755692463e+01 1.140540555296443159e+01 -2.956921707476455197e+01 -2.736334224278873073e+00 6.216695947575859194e+00 -1.802020341218593558e+01
1 1.699161539474193461e+01 9.360447464092604974e-01 -9.442561691298127613e+00 7.288789076066040096e+00 1.126508681884190999e+01 2.737515040947429412e+01 -2.311769990489309734e+01 -4.018516944225946474e+01 1.640571650048186569e+01 -2.395321778935634072e+01 -5.740055498105940401e+00 9.309349311606121447e+00 -2.266064912834472977e+01
1 1.898282643864065378e+01 2.189738477635509550e+00 -2.638503515668407928e+01 4.823900688528432568e+00 1.607933717287262709e+01 3.511139467319830487e+01 -1.780177571137311432e+01 -4.258595478016655278e+01 1.657443775178519729e+01 -2.702299241685074449e+01 -1.003798115071584540e+01 1.576391782526663832e+01 -1.709314361295620444e+01
1 1.888672455693988894e+01 -3.536880811348509512e-01 -2.706261163558754035e+01 9.254261916937982946e+00 2.811475123773302442e+01 2.591722033419559779e+01 -2.249962037765986267e+01 -3.965124449770443960e+01 1.915967848408818286e+00 -2.370132052430756175e+01 -4.060959795660159521e+00 1.186560066466778807e+01 -2.724303220705044026e+01
1 1.904196838181085383e+01 3.902812145603565153e+00 -2.414688890627515150e+01 -2.596135737958050527e+00 1.431957459629040663e+01 3.240148902945900744e+01 -2.981231652355860717e+01 -3.910307505557280194e+01 1.281065539334053227e+01 -3.233001054054189893e+01 -3.355115127616245196e+00 6.949931446355224196e+00 -2.552299158401966750e+01
1 1.869068155025778211e+01 5.710035016950073761e+00 -2.231545897544333812e+01 -3.408169458959265707e+00 8.688984316216519233e+00 3.209098784982593600e+01 -2.262604539440216911e+01 -4.672526246985027143e+01 1.173515302892091405e+01 -2.314198701333734576e+01 -8.288121425158090361e+00 8.168826893074122353e+00 -2.943063841154215865e+01
1 1.884711942567270171e+01 2.970292056200920072e+00 -2.087367133733999225e+01 -2.575263721615420054e-01 1.872840290341890324e+01 4.346419404786389862e+01 -3.054718690781401591e+01 -4.678082958925814694e+01 1.507460511288854477e+01 -3.035768769776018416e+01 -3.693438379085976386e+00 8.670821759766468517e+00 -2.441832310562353214e+01
1 1.867743970679279286e+01 1.944756605069063227e+00 -2.178280236211159959e+01 4.986180854933091600e-01 1.787029982152661134e+01 2.829425615025700225e+01 -2.978305003015243102e+01 -3.783842769486553692e+01 7.187885546019991523e+00 -2.831321413656809938e+01 -4.653085996398589330e-01 3.894942378078235290e+00 -3.452365895931691853e+01
1 1.873763537414006564e+01 2.085651980137972039e+00 -2.198195731152970112e+01 3.710793877603266289e+00 2.115665496259469691e+01 3.944745927802783569e+01 -2.427739218949592015e+01 -4.261289247046863693e+01 1.548337367419283517e+01 -2.837209071602311283e+01 -2.142748788651351433e+00 1.085189160507491124e+01 -2.675598258276310304e+01
1 1.854657727145074375e+01 -1.157762839474412164e-01 -2.416672541525468532e+01 2.933229385502301056e+00 8.760148187410379705e+00 2.766623354864164597e+01 -2.360131577929810476e+01 -4.188513373856276445e+01 2.804556036242300099e+00 -3.166768270466382162e+01 -4.423231336859453577e+00 -5.145211500544214722e+00 -3.604677462977878122e+01
1 1.871263842257305043e+01 2.513197357827693601e+00 -2.152284644561118654e+01 4.350057081332734832e+00 1.971991464751387468e+01 3.999609478099833382e+01 -1.774261401340348954e+01 -4.660316350896395221e+01 1.607292927989181308e+01 -1.907847733519195543e+01 -1.033205002830098529e+01 1.056059233874769809e+01 -2.148349879816116825e+01
1 1.876631251577190085e+01 2.616121774753486506e-01 -2.130856643226679736e+01 7.538483650422033833e+00 1.852984176270188499e+01 3.157107793106698068e+01 -2.725629497148972291e+01 -4.396966918644820765e+01 3.680597412836320803e+00 -2.138693456932227832e+01 2.169081769624662037e+00 2.659937849337330018e+00 -3.924478733253385343e+01
1 1.855489212054383685e+01 1.869316472481820757e+00 -1.833043826256624342e+01 3.068534155035229638e+00 1.467991865212623104e+01 4.391473351202358799e+01 -2.232044045600910565e+01 -4.507582613559623042e+01 1.513090132526195219e+01 -2.661263834099821324e+01 -8.564277688250388820e+00 6.034906400322789466e+00 -2.058173699143984337e+01
1 1.848361998450814170e+01 7.188482870762595844e+00 -2.101752261436613622e+01 2.741581113011698712e+00 1.218290783151229029e+01 3.103619983632134094e+01 -1.360696561063016752e+01 -4.506095917679135709e+01 7.959234460308214132e+00 -2.318454373247133660e+01 -5.103874214537990284e+00 -1.836065782125822166e+00 -2.874091261106990558e+01
1 1.860452657800944465e+01 -5.528495833161396478e-01 -2.097132177874296843e+01 6.489164694034697867e+00 1.616770786708727314e+01 3.815163736250082849e+01 -1.355546391318131327e+01 -4.826393886078199102e+01 3.367519925090821653e-01 -2.792904530382316253e+01 -5.130871000637500678e+00 1.322832067833678904e+00 -2.337447044613616498e+01
1 1.854901369474000816e+01 4.136654209962473239e+00 -2.049799474102968233e+01 -5.850331652550726069e+00 4.820867695386230167e+00 3.197408933390675045e+01 -2.371195244004388414e+01 -5.898773401263706972e+01 5.826130955264479105e+00 -2.734581781830287994e+01 -1.432401165895663908e+01 8.642117530773797685e-02 -3.305208665123426215e+01
1 1.872903108531728478e+01 3.822489092018117596e+00 -2.096252403860055225e+01 9.488670782581649643e-01 2.563740829218422235e+01 3.568025254002927937e+01 -2.396756753535389350e+01 -4.289903996972908828e+01 8.083226242123361160e+00 -2.193587405799124568e+01 -4.966041243713192443e+00 1.002657065678939574e+01 -2.264660415055934806e+01
1 1.851449797970846234e+01 3.903404827921916453e+00 -1.954049660723860171e+01 4.064005341008109617e+00 2.806633612050955762e+01 3.530495946967606358e+01 -1.571409079781590101e+01 -4.101298178392545424e+01 -3.286606851804501961e+00 -2.477421466769274261e+01 -1.987259830783886239e+00 3.079673784426257388e+00 -2.838634615473287681e+01
1 1.880318660720725177e+01 4.371572376506723145e+00 -2.326425656736633840e+01 1.781234443169005921e+00 2.215331685042214360e+01 3.298264866611086177e+01 -1.972240628891036351e+01 -5.040859562740794786e+01 6.274573902551670024e+00 -2.062497871753673451e+01 -8.865146181859165253e+00 7.848686336981211653e+00 -1.908233140246826309e+01
1 1.850801294499477834e+01 5.524647011464895563e+00 -2.105669465396693951e+01 5.960861387913347187e+00 2.089579900899618536e+01 3.698471948454297831e+01 -8.235076286312288829e+00 -4.074707308302523501e+01 6.372480245062456916e+00 -2.389533461457257602e+01 -1.147025537660643124e+01 4.106296222951065111e+00 -3.079111043030302852e+01
1 1.866166969600051928e+01 2.406689581530958133e+00 -2.249085123480833914e+01 5.398946554146984766e+00 2.019628391090634167e+01 3.529517135076855539e+01 -1.808297681497472098e+01 -4.917151747670884987e+01 8.655278358310072306e+00 -2.112478886430943348e+01 -1.034362388677442368e+01 1.132187557315945625e+01 -2.213657365207814820e+01
1 1.834370669846815005e+01 4.542563206939964182e+00 -2.186857417561670758e+01 2.369151139111517756e-01 8.067691209228549098e+00 2.910312121846455824e+01 -2.134396007238743920e+01 -4.577527479068832861e+01 7.896033417614153116e+00 -2.853587656007005791e+01 -1.149117071268616286e+01 3.086697481807469945e+00 -3.039506945921413461e+01
1 1.839933161288076136e+01 3.037566188086773700e+00 -1.954035515869942330e+01 4.843408221116416001e+00 2.137831627698020398e+01 4.040011299234537034e+01 -1.979855171142531134e+01 -4.993062709277605649e+01 1.701031692650374438e+01 -2.124384244958922352e+01 -1.293417862256015027e+01 1.403819640194933527e+01 -1.929816194209388058e+01
1 1.792225452540669295e+01 6.460704247742471651e+00 -1.898950330272019826e+01 5.013280370152318755e-01 1.654933378372264841e+01 2.118620302093417962e+01 -1.122517436934480273e+01 -2.595147043121657759e+01 -4.221961338218200299e-01 -1.505119796507703889e+01 -8.853303516970807863e+00 -8.901310174104859474e-01 -2.406055105945818084e+01
1 1.782990688249997291e+01 4.443236646126746514e+00 -1.796004389247003630e+01 -7.562435261761459859e-01 1.651897388404007216e+01 1.936118545052289264e+01 -2.558774535831898689e+01 -4.539716885033744376e+01 -1.008433604960585067e-01 -2.175407510045672410e+01 -8.915275459990597895e+00 1.327666935737357790e+01 -1.449361287700346601e+01
1 1.759330072656372579e+01 2.179875339417995495e+00 -1.858497230493282260e+01 5.691716963893643566e+00 1.259467146819678263e+01 2.004321818984819359e+01 -3.053503985848379898e+01 -5.639922624579383381e+01 -1.539531895724564725e+00 -2.909487757232519201e+01 -1.200438212651366143e+01 -2.111201252058616973e+00 -2.176269472475623701e+01
1 1.770890945722541332e+01 -6.531979563307923620e-01 -1.988615236903977035e+01 3.023730931351487516e+00 8.337150818465536517e+00 1.684604569642088734e+01 -2.993621380746467153e+01 -5.205076741153685305e+01 2.266750798975828984e-01 -2.645064731579743622e+01 -6.766026969972611660e+00 8.993765186439789616e+00 -2.251257522745484252e+01
1 1.784135555687796426e+01 -7.923923116142954637e-01 -2.045754777206944652e+01 4.313374361143775815e+00 2.512135184804590970e+00 2.423199076246978123e+01 -2.602762079518985061e+01 -5.376270207914257782e+01 8.096925513498788307e-01 -3.456215029230524038e+01 -1.490812030221977125e+01 -6.027282487892697826e-01 -3.641745347602151384e+01
1 1.762239418427957460e+01 -1.282260769901976370e-02 -1.677661269904350760e+01 4.260269613842726066e+00 8.489688055840719727e+00 3.702856006217677987e+01 -2.045542594353402066e+01 -5.005151589528475142e+01 1.931758162833746439e+01 -2.138229571827433517e+01 -5.961661536045046894e+00 1.792771879188401840e+01 -1.736920374090140129e+01
1 1.688466088690799793e+01 -1.019285074710161165e+00 -1.179396777334843271e+01 3.879062661137291368e+00 1.030390637169598200e+01 3.528357599410449552e+01 -2.181293494433531777e+01 -4.642694688249041235e+01 5.751456147327630219e+00 -3.627030630200661676e+01 -1.257094872989454082e+01 3.620435774921080263e-01 -2.643795671283863769e+01
1 1.593527413607169052e+01 -1.820507811152637379e+00 -1.860220280966964790e+00 5.770478267966274721e+00 7.890846669226522003e+00 2.141785251214486507e+01 -2.498038183211318142e+01 -4.643295965441512863e+01 -1.466079867164932771e-01 -1.496230010104153507e+01 4.848644879473317459e+00 -9.582150817448301439e+00 -3.246700063674573755e+01
1 1.545779838919075466e+01 -1.439383344786369978e+00 4.385157295340610162e+00 5.812250237174523271e+00 9.601223393077097157e+00 2.967479003479927968e+01 -1.800368627863900528e+01 -5.023123897555567652e+01 -9.397531981161925785e+00 -1.636735274789288752e+01 7.735897495806868918e+00 7.117205141978799610e+00 -1.751456218270571696e+01
1 1.468722492047698758e+01 -6.841305630772202662e+00 3.622662126560339590e+00 5.413259380848086444e+00 1.519311304854593914e+01 2.879951233638725228e+01 -1.468350187992500722e+01 -4.124927721075117404e+01 1.111645460831745247e+01 -3.844547613950998866e+00 3.483587379362078629e+00 -5.399723129373928288e+00 -2.291638818831329871e+01
1 1.440066376200517695e+01 -6.317547116506730731e+00 9.441430829035066807e+00 6.431991567719117953e+00 1.488592585268694179e+01 2.744703828966570214e+01 -1.558776008891599041e+01 -3.243667421416335372e+01 4.656007277679406364e+00 -1.416403096543547591e+01 -9.442420048096453300e+00 -1.240007854178713487e+01 -2.087536868352495034e+01
1 1.389263844683853044e+01 -7.743740838659635806e+00 1.135333587159745861e+01 8.987771995916029599e-01 1.370941978689456064e+01 2.231087181009390008e+01 -5.588679705409094645e+00 -2.432346906215641269e+01 1.200520790633679002e+00 -8.069265356632877584e+00 -8.225425759537463577e+00 -8.774959306302203998e+00 -1.552983918082388293e+01
1 1.379300782738600795e+01 -8.449076640599031407e+00 1.313676572801419162e+01 2.073479510552286076e+00 6.554164570369309217e+00 1.876883087114071458e+01 -2.272057065607338000e+00 -1.883507721843968596e+01 6.912924614510502774e-01 -3.286594675937400289e+00 2.071509888418990308e-01 -5.909012050259685012e+00 -7.509557117924181568e+00
1 1.369563633638019517e+01 -1.011154733344434931e+01 9.893726018562590596e+00 -1.833456219867741543e+00 2.408915537508918181e+00 9.597290191436295359e+00 -2.594379605474966599e+00 -9.786052996213895128e+00 9.932644707455958510e+00 2.118517251422151304e+00 6.539920505916686722e+00 -8.658907318577959700e+00 -5.466404070026353423e+00
1 1.347481453595380430e+01 -1.334051658208484348e+01 1.647163302675180674e+01 7.605269409195026142e+00 1.221689614334424157e+01 1.162556073912284305e+01 -3.208621054259921390e+00 -1.799068908409848433e+01 3.820715675796588773e+00 5.846048886925556687e+00 3.990608401463443755e+00 -1.523600946547139756e+01 -2.041502243355022017e+01
1 1.324539434550712436e+01 -1.311941360927998801e+01 1.651527942451087227e+01 5.860578247367727478e+00 1.691544759107322093e+01 1.976967227574138519e+01 5.400457345190895708e+00 -1.093074641195589081e+01 -2.059883126704598943e+00 -1.075916066900366985e+01 -5.740323058799365441e+00 -9.233151160903609878e+00 -1.466520965378992436e+01
1 1.321100438846741909e+01 -1.691406192785535723e+01 1.461146603754666273e+01 1.069546021484308973e+01 2.385003330277850964e+01 2.370644530710916342e+01 1.189571993899910751e+01 -9.296407067692857851e+00 -4.058740718598742525e+00 -1.052289925837054874e+01 3.838311437619235100e-01 -1.499147431862329682e+00 -4.582691248183070165e+00
1 1.316160267119816574e+01 -1.934659792932323086e+01 1.230270263127824926e+01 5.192357905236764104e+00 1.897701639647808491e+01 2.431188721270937947e+01 2.004062890870928726e+01 3.643272626875411757e-01 -1.468209204341444307e+00 -1.243677764574480626e+01 -1.675074251649408907e+01 -1.255911562151231564e+01 -1.190544837527154343e+01
1 1.323479234868502985e+01 -2.149971045933304836e+01 9.822004963798010024e+00 1.952937144294950800e+00 9.712869140992788530e+00 7.213249680940027275e+00 1.183185399416702133e+01 2.595708553077852088e+00 3.812457840489508865e+00 -9.411895617564708161e+00 6.767823212774418451e+00 9.820440344427764146e+00 2.008187009447716775e+00
1 1.312538509899117578e+01 -2.556622397523581824e+01 8.175088277885802057e+00 3.133354593106914443e+00 5.288380360723439644e+00 5.927040392269739222e+00 1.370841662349464940e+01 1.028166037203276595e+01 6.524066901035979527e+00 2.654407476320028714e+00 6.664088644430490760e+00 2.184809311219480854e+00 2.031988803215547090e+00
1 1.307526163377351125e+01 -2.534991938252512966e+01 1.088979261175153646e+01 9.301804900458193970e+00 7.149556426919799534e+00 8.500038677344894822e+00 1.946497667558057643e+01 1.716315256055757388e+01 1.725564516796972470e+01 -5.123689108634932321e-01 4.530042161621053332e+00 4.644759548617998668e+00 6.658054082954297570e+00
1 1.310245789120918936e+01 -2.422084197440715769e+01 1.023851619885803288e+01 4.819559433815223670e+00 7.325267240156811077e+00 7.237212626393275450e+00 1.065753985935455717e+01 2.686234483838858544e+00 7.992907614020960949e-01 1.508446572500636629e+00 8.938378779604750690e+00 4.545781256386452363e+00 7.304281713063330628e+00
1 1.336134312075273201e+01 -2.097494526777257207e+01 1.299547098721035532e+01 3.866848297326490602e+00 3.012407435071067674e+00 7.029985948092668302e+00 2.011327127086172784e+00 -1.379466486536510238e-02 1.147506695243879271e+01 2.717294637912051947e+00 6.635418220234215347e+00 3.664471132278261933e-01 4.008328923138290811e+00
1 1.327185188006207817e+01 -2.192389606487974163e+01 1.351673755417365186e+01 8.806641268285841928e-01 -6.992534802993237708e-01 4.948843661226713486e+00 1.666719762045392272e+01 1.123329950775947239e+01 2.218970842198251958e+01 1.831025474556767918e+01 1.067411350428379890e+01 3.704361311519733579e+00 2.561400790976506858e+00
1 1.327246623520774449e+01 -2.024823752207934646e+01 1.473367603616843802e+01 3.099863258585274117e+00 7.006944593568785962e+00 1.060618381410396438e+01 1.107112123791234204e+01 6.381705471439861554e+00 4.448561245365872274e+00 -3.777517466584385364e+00 8.143314660574493047e+00 1.417224809543117026e+01 2.668416040202883810e+00
1 1.315364504332595175e+01 -1.937312220971293897e+01 1.117555372103112710e+01 -6.459437785923477504e-01 7.177746992613156962e+00 7.615096347125214216e+00 1.271074100305400556e+01 1.117958991159041560e+01 5.006464896814221355e+00 -8.310299962434880561e-01 4.266888039480897454e+00 9.230876872796159205e+00 -1.982348757961296615e+00
1 1.313905688565406926e+01 -1.860348491146234551e+01 1.260240265700126905e+01 4.662747618934979243e+00 1.019585347806879838e+01 8.415662463397405091e+00 1.069682334706166671e+01 9.839445787836925916e+00 8.580113107473232859e+00 -5.493147524882580512e+00 3.917198884628770639e+00 2.537344174674471819e+00 6.108169563280851477e+00
1 1.306548306391483649e+01 -1.966319071845723698e+01 1.312580995849472032e+01 5.418710608371025472e+00 9.757671274529409189e+00 9.908834879611056579e+00 1.484837393779415748e+01 7.907785799180651942e+00 -3.721163221020317380e+00 -5.088359161094627936e+00 -3.745787008303845145e+00 -3.304225113827182980e+00 7.385391431006357088e+00
1 1.315879026215452718e+01 -2.345122869082698358e+01 9.092191593171220276e+00 4.638453971920535324e+00 1.259458359271688721e+01 1.904006737262002247e+01 2.254974996600877901e+01 1.017154096986749146e+01 4.265426694077198988e+00 -6.963061398276708225e+00 -3.916787841047285834e+00 1.875904474697844826e-01 9.241929754692447929e+00
1 1.311772060165494125e+01 -2.156801679612723888e+01 8.838070697717862245e+00 1.270535227875655204e+00 5.715579250006819656e+00 8.328824255596961379e+00 1.202168372518410600e+01 1.660947844277735452e+00 5.365947647014975175e+00 -5.192295189391200605e-01 -4.203264448988114355e-01 4.314153562739064363e+00 7.843123334526032941e+00
1 1.306632426886622866e+01 -2.284325900246705032e+01 8.186668346541111418e+00 4.042184199699046410e+00 9.896708540066809334e+00 8.307835166397385507e+00 1.150956455945248891e+01 -3.445142127386241704e+00 -1.360337104911962491e+01 -1.527530717090946588e+01 -6.387505416679148951e+00 -1.704076165183496527e-01 -2.661347707969400345e-01
1 1.306783828191364805e+01 -2.269022464461323452e+01 1.288437103986905186e+01 8.120456507385247491e+00 9.134366763183413340e+00 1.083088387639711137e+01 1.389485216907458209e+01 1.358702137277679967e+01 7.458703555991469614e+00 4.372129350031134010e+00 9.215613030455468646e+00 7.776141232854280716e+00 3.260332401605561703e+00
1 1.307421869669797942e+01 -2.216525985622363493e+01 8.268915254767662759e+00 -4.890175588426203035e+00 -9.926223872289575700e-01 4.252143387149271980e+00 7.401118591219271181e+00 2.970758032039565677e+00 2.370614258213662673e+00 -2.519983783573364722e+00 7.908978948021675448e-01 8.462793671877665957e+00 6.034040306097635309e+00
1 1.312906575566993794e+01 -1.783845261278765548e+01 1.360574654457669119e+01 4.610786047498858231e+00 6.412701297599976868e+00 1.568817081308119832e+01 1.879190908493399803e+01 4.581610137767771818e+00 6.648068209898996272e+00 5.847907404817687116e-01 -2.965135823775648216e+00 -4.454892166804141240e+00 -3.376926243786093185e+00
1 1.317160562396175116e+01 -2.259354340987972876e+01 1.286141475528869726e+01 1.093974385575107888e+01 1.436717695137936524e+01 7.565531526526084960e+00 1.174469430672315617e+01 1.077340475193424219e+01 2.820767334110170665e+00 -3.685751382677263432e+00 4.165576984818389228e+00 -1.969667480364716949e+00 -4.097722400458854608e+00
1 1.313550201296062880e+01 -2.081705703913446470e+01 6.735519608955852000e+00 -8.395579082560616913e-01 8.234704081412411725e+00 3.078378398488222700e+00 7.740848965687778804e-01 4.655173311487911469e+00 8.093599799780019310e+00 -9.823073590484574069e+00 -5.643134903620881992e+00 -5.171841487255101733e+00 4.894171477236625378e+00
1 1.299953652118116310e+01 -2.324350077214394616e+01 7.855633243210337291e+00 6.765347537153923341e+00 1.426397053522610214e+01 1.842790163044994856e+01 2.129554169268394759e+01 1.159229733679619123e+01 9.841338632588128021e+00 2.160718794479204341e+00 3.993333397495013593e+00 -4.768854532232174925e+00 3.034962887666498577e-01
1 1.313696119724214384e+01 -2.318099611625419598e+01 1.082515769133084049e+01 4.745343118779535629e+00 7.024633095466337629e+00 6.977282989687408232e+00 1.278495724789041077e+01 6.812278098805457205e+00 3.162729971457883593e+00 -7.104489677829088023e+00 -4.785974300182546770e+00 -8.552318397253376503e+00 6.017811661705787518e-01
1 1.315540249567456854e+01 -2.101767642692407634e+01 1.180355250380786813e+01 8.740908626690904626e+00 7.398824112806362763e+00 5.010495584701092575e+00 1.229317178596793170e+01 5.010498828013586703e+00 1.211777245896322697e+01 -6.447665383428370367e-01 3.472455320465198447e+00 -4.431759061835545133e+00 1.982747327743427546e+00
1 1.320032778756246472e+01 -2.172109962429554386e+01 9.774805150533689257e+00 -3.223856703878397179e-01 8.523802815361291252e+00 1.447379820523169336e+01 1.962389740189689746e+01 1.296710468050129172e+01 1.607186030380874087e+01 2.864167472636759637e+00 2.906023502080847365e+00 4.772072707956573012e+00 1.371533380856643003e+00
1 1.323839898676208904e+01 -2.240440465825296101e+01 1.187664799764057477e+01 5.090293680247791386e+00 9.186274670264158004e+00 4.958754723565868439e+00 2.049146682831716859e+01 1.456268276062566436e+01 9.528319625423977257e+00 4.314016990316371647e+00 7.976880806816045499e+00 5.491474952233923457e-01 -2.079720557100549261e+00
1 1.323272749920290181e+01 -2.098334594123132391e+01 1.516157662771805192e+01 6.762990674746094832e+00 5.837713629779043956e+00 7.503704500743447525e+00 1.048854859541286721e+01 5.450565720548319781e+00 6.242094902580408444e+00 -9.861226405660571404e-01 3.994359167813241296e+00 -7.080567836948769234e+00 5.180798331207118190e-01
1 1.303541922409079135e+01 -2.320205563449233921e+01 1.255235260730179370e+01 6.798265613251091466e+00 7.758671154328714792e+00 1.122453131808481430e+01 1.218624922195314930e+01 -3.941354984986869425e+00 6.642422622079736882e+00 3.977237986322705865e+00 1.171815871774741069e+01 4.423943554954790969e+00 -2.291250479750365443e+00
1 1.297579060050954247e+01 -2.369862315233039141e+01 1.063664601410717836e+01 3.230746446425798446e+00 6.108130104529563731e+00 1.487150910963602080e+01 1.461907068313144364e+01 -1.737602218509735952e+00 8.092017399852151349e-03 4.372106706749273819e+00 2.494141216158966667e+00 -9.683339556024007422e+00 -8.197410222873996233e+00
1 1.325607788677513987e+01 -2.462273116981907251e+01 8.968009810546719862e+00 4.826216924600237768e+00 1.159633826308204974e+01 1.408549894543922854e+01 1.678280306941621447e+01 6.582826986262173996e+00 9.527158934159556836e+00 -1.175452885583788021e+00 -5.843189790425256547e+00 -5.860484236595973506e+00 7.231666886371015401e-01
1 1.316433772149770576e+01 -2.531341857858831901e+01 9.871247007363377790e+00 -1.458863647033211031e+00 7.130446299535555532e+00 1.788669765606618967e+01 1.518731815017221898e+01 9.153255580980237838e+00 1.180274100527194214e+01 2.491398244119357397e+00 -1.814342448975434730e+00 6.724305762083185312e-02 -1.002575867290915745e+00
1 1.312930170987543477e+01 -2.368203229748570138e+01 9.190523149974207939e+00 -9.842491029106129052e-02 8.176073711026141666e+00 1.333961040294499867e+01 1.824229680994907099e+01 1.234077961839939519e+01 1.734910779763754007e+01 9.407224599374874430e+00 6.100983934914155249e+00 -5.239206140901686126e+00 -1.021679092519101140e+01
1 1.321049309318973997e+01 -2.359185624323318464e+01 1.287660691604432195e+01 5.031303289563413550e+00 4.543756227386919200e+00 1.056004808960656405e+01 1.475328351237658886e+01 1.929452447328692255e+00 8.378619914817232228e+00 9.030454697766546746e-01 3.377022225865204952e+00 -5.599027687686402466e+00 2.483175130313461931e+00
1 1.320530012193917990e+01 -2.411704683223284107e+01 8.192902603223298996e+00 1.550066478608662868e+00 1.347459150872718325e+01 1.311016963238045108e+01 1.291735922795133717e+01 9.594415405469547409e+00 6.168810492717074823e+00 -4.763561860656329583e-01 6.326887411438482545e+00 3.980758725280288512e+00 2.924722479543343745e+00
1 1.309568893443090865e+01 -2.584697150917137520e+01 4.348421403227932025e+00 -2.005741983109393445e+00 3.577003028567745879e+00 7.735884956923508859e+00 9.757339656028857888e+00 8.617877031408051280e+00 1.952076065615752043e+01 1.288413884612854510e+01 1.006670422105790585e+01 -5.496709754254577085e+00 -1.544983341322787851e+01
1 1.314866131631321089e+01 -2.546642582542167688e+01 6.975728166984276335e+00 2.152575016886460468e-01 3.048178410250010462e+00 7.226795736273833093e+00 1.457131668454425544e+01 1.166368287394455905e+01 1.090351951456921142e+01 -2.945874636856919526e+00 -2.665685436453740564e+00 -8.560391020850838473e+00 -3.053299869932681432e+00
1 1.315278805243225158e+01 -2.436281357993711438e+01 9.627018439130379690e+00 1.973296599961840592e+00 5.363123746956856230e+00 7.332561955454747427e+00 1.090415584750595634e+01 4.604298927249902640e+00 1.062909635737955583e+01 -6.090800023508349703e+00 -3.313257375150308270e+00 4.209920971708016602e+00 3.056456164754367766e+00
1 1.317648236609986157e+01 -2.556892645855868196e+01 6.430759992426324345e+00 1.459823446260063162e-01 4.466604423491062015e+00 4.174096902142453658e+00 1.503950049063420025e+01 4.076305157635434107e+00 7.227208678573792788e+00 9.783490855296371747e-01 -1.210682368875405590e+00 -1.006381836704160371e+00 -6.769321052595552501e+00
1 1.331964768327574689e+01 -2.626805212106433274e+01 1.032758819859603427e+01 3.371243049080368870e+00 9.004230519618104722e+00 6.580679752545356642e+00 1.616733118088934873e+01 8.719771904456187883e+00 1.331893622393232235e+01 -6.847788943443943177e-01 -1.541822738728403142e+00 -4.418898606683542951e+00 -6.473477908224450239e+00
1 1.318561580180250736e+01 -2.362228004940289239e+01 1.049963131870550370e+01 6.816535406347977499e+00 9.072685663104861575e+00 1.456918247034670344e+01 1.463695058518150915e+01 1.174771159286088640e+01 1.240375249774768562e+01 9.144832554066081087e+00 1.655228450926311368e+01 6.693158457767411917e+00 -5.743046434013098223e-01
1 1.303440248945561564e+01 -2.344506561059849048e+01 1.053845732511055466e+01 5.629520120023787655e-01 1.129638569899447553e+00 1.326262646800286937e+01 1.954912944635426086e+01 1.341632323293764273e+01 1.486321120748143265e+01 1.377102460203067258e+00 1.386781158550082260e+01 5.818237762853431860e+00 -6.548544420835893831e+00
1 1.319117155305595013e+01 -2.067416671842772402e+01 1.315300081883488126e+01 6.948575344112299490e+00 1.285109025673105876e+01 9.603601759843630958e+00 9.183029290344254747e+00 1.173543239667611537e+00 2.060706436300745903e+00 -4.303986265748611650e+00 4.380313442016985803e+00 6.593999239961764403e+00 4.669939189959861764e-02
1 1.316722236940055524e+01 -2.220371975044559321e+01 1.110197564854039065e+01 4.085176005829505463e+00 1.121435174208097862e+01 1.353040519859208324e+01 1.049143344792500621e+01 5.147601575131645291e+00 5.523442483562195804e+00 -7.307197608248907628e+00 -5.354864769277999592e+00 -4.060438330270072171e+00 -4.194337111885230840e+00
1 1.331508632185286345e+01 -2.437245968165811050e+01 1.192406311622663928e+01 7.885271089421816981e+00 1.169904178007066164e+01 1.990691305537917621e+00 -2.414152551152136117e-01 3.523718991375101695e+00 1.961421608255909987e+01 1.080239714599420786e+01 1.068087119363814530e+01 3.314827194651834841e-01 -5.784186343566274369e-01
1 1.308102721505350097e+01 -2.337533512128959856e+01 9.404881854346090364e+00 4.884314229540725805e+00 1.068592831080466432e+01 9.921884259682531848e+00 9.450071690404801217e+00 6.753854524000176163e+00 8.573319288574916541e+00 2.924399955761541214e+00 6.570516303135615743e+00 1.764301175447219094e+00 -1.768584823996177224e+00
1 1.304541612815093643e+01 -2.582990117824493481e+01 9.304338940326335461e+00 3.352650624781179811e+00 8.955824799483151466e+00 7.616352748170437614e+00 9.875708382762253379e+00 7.392554501134235068e+00 9.184725936862729867e+00 1.802345077175132371e+00 4.486161700045992795e+00 -1.650344941276672861e+00 -9.894954816504499817e+00
1 1.306721332392564605e+01 -2.557379032219656878e+01 8.441143201909225624e+00 3.735097903990558521e+00 8.709638288324708100e+00 7.222516173577963272e+00 1.712543867520243879e+01 1.631850124828045523e+01 7.784036199661208855e+00 3.381586505420830058e+00 9.776545324702128781e+00 1.071709332230278733e+01 1.042730287595670724e+01
1 1.308643155971714300e+01 -2.229440549413494566e+01 1.272073429439902448e+01 7.140900100009481832e+00 1.131967358055739581e+01 1.277373464289905947e+01 1.469812358215738435e+01 7.038678599821905912e+00 9.610434937636513908e+00 -2.744365471046787075e+00 -7.022407501250511608e+00 -1.165324667660157587e+01 -3.747982753676061929e+00
1 1.300678033914999610e+01 -2.175045637894985262e+01 1.029139868038666883e+01 5.750964019952546025e+00 1.090355796766234420e+01 5.898978440287687697e+00 8.539326580254897436e+00 -2.095043625173371282e+00 3.125558048946658118e+00 2.993188556017098545e+00 9.105857323060664754e+00 -2.229512124634756898e+00 -4.638673082532709380e+00
1 1.308758693630106862e+01 -2.478369047065281805e+01 6.541990241999979361e+00 1.745033228030794081e+00 8.713380756336785993e+00 1.014614328338298321e+01 2.272235795120156965e+01 8.346694640137791055e+00 1.202910167421694965e+01 3.085833789152355955e+00 3.264964918342955436e+00 5.433243656027883617e+00 3.100781331049386580e+00
1 1.309512011273317889e+01 -2.334039195072643835e+01 8.620748461288298969e+00 2.636963119582867776e+00 7.635485484693012914e+00 5.908604691385354712e+00 1.367526078182579141e+01 1.409841400858840466e+00 6.959863459103468486e+00 1.778065942626847917e+00 5.670776251130295265e+00 3.303736556555884718e+00 -1.254992049533823151e+00
1 1.315881502242012324e+01 -2.644309902707180981e+01 4.962967611554342184e+00 9.797998315435524352e-01 1.496506337845800871e+01 1.704832048580342985e+01 1.928878572557365345e+01 1.632847680579846639e+01 1.656342882874251288e+01 9.993455543315509004e+00 1.618776780410550842e+01 5.808603506093761304e+00 -5.356285703379433549e+00
1 1.305619440869462267e+01 -2.352841411267237248e+01 6.149537362976962740e+00 -5.053834531882480663e-01 3.110736583390397492e+00 1.517510086057811680e+00 1.219168390307681094e+01 8.558002312510778253e+00 1.038412184152332607e+01 -1.130195182140992793e+00 5.010086731563901524e-02 5.740220187222358383e+00 3.928603688068915467e+00
1 1.310534900863927454e+01 -2.425420412236935874e+01 8.937383344197709079e+00 2.789368994904819488e+00 1.119277000089163465e+01 1.559611242557217992e+01 1.478610445972379672e+01 6.700491877624948245e+00 6.570522033135173245e+00 -3.940711903508269387e+00 9.555648870239193959e-01 1.058301858134130358e+00 -2.128053143592363305e+00
1 1.320868116166301576e+01 -2.357524530305872545e+01 1.226264644830829553e+01 5.782607389837307821e+00 1.081437947149601797e+01 1.149567927276280699e+01 1.603704944878457539e+01 1.252528107120752132e+01 1.437628876131397604e+01 1.109506408125974675e+00 5.071167532682374635e+00 4.627773271397041199e+00 1.558771510016050410e+00
1 1.317701304798139184e+01 -2.322909993223546010e+01 1.189719862838297182e+01 6.679108819536001995e+00 1.880030488512200648e+01 1.938332634054491876e+01 1.758265873883099317e+01 1.393655943190471724e+01 1.573714739768162474e+01 -9.200556839713946999e-01 -1.482319055099341476e+00 6.101901339105364475e-01 2.236060736865378651e+00
1 1.321560231917320039e+01 -2.296256101729553123e+01 1.390857182300931250e+01 9.221717460676016387e+00 1.611407868798528042e+01 1.696751078478067143e+01 1.661429549385006155e+01 2.410826992182578454e+00 7.769225446010834979e+00 -4.203330010772051040e+00 -3.903807942570661216e-01 6.709205253682813286e+00 3.712453276181506556e+00
1 1.315781263686323754e+01 -1.852163020009703942e+01 1.755523875134300837e+01 6.718804430287668161e+00 8.342504800723533620e+00 9.918982925058889677e+00 6.186432534928818505e+00 -1.563142184703292692e+00 3.306381345315608122e+00 3.631994464270304146e+00 3.686364781426903825e+00 -2.385957634445370901e-01 -1.274133593549558130e+00
1 1.313733916166270355e+01 -2.393787834618670374e+01 1.373663462626366538e+01 7.160150956677750145e+00 1.393650045194816300e+01 1.904770434624822428e+01 2.313653000971261164e+01 1.598472129759238136e+01 1.248066111850579318e+01 3.559240513338742584e+00 -4.136353073325913066e+00 -4.150363738272133673e+00 -5.223894602132833853e+00
1 1.320706562376519067e+01 -2.315184579726763303e+01 1.000838244952277378e+01 1.278076999310278961e+00 9.545783099253906556e+00 1.025465119984241369e+01 1.075882549609057826e+01 3.902674435595952396e+00 4.397343064957255798e+00 3.292028466100692441e+00 5.201100907953943420e+00 3.066226882159962308e+00 5.342604344630230706e+00
1 1.311790121212660232e+01 -2.200723264849542815e+01 9.086252558834409854e+00 -9.711537706245625401e-01 6.602031316667324568e+00 5.165050392047777272e+00 8.554890362890336775e+00 9.169625226432383869e+00 6.546040500410746255e+00 1.861187259298977770e+00 1.294428785415545624e+00 -1.185880757458085633e+01 -6.539670191541947730e+00
1 1.321785800032652780e+01 -2.600216429499935344e+01 9.400564451414460621e+00 6.367177554913890702e+00 9.567894046620898152e+00 1.040988023999292089e+01 1.407513982611989967e+01 1.011118267427546868e+01 7.925375737118420361e+00 -4.293762487544807271e+00 -2.560221978180240665e+00 -5.588315703078700736e+00 -2.277866287866784134e+00
1 1.311980965430905854e+01 -2.181567383351469047e+01 1.085350369750424449e+01 4.414521794294913870e-01 7.268142530020861969e+00 7.473277328643790796e+00 1.492151533887756543e+01 1.439746529371302408e+01 1.507037740995884967e+01 1.173554529128911383e+01 1.333162605969810244e+01 2.665020323478586306e+00 -4.310535877716880293e+00
1 1.312570355761166496e+01 -2.282008505083629402e+01 1.022342406230806233e+01 5.908066439143362381e-01 3.801046397099249408e+00 1.050210716694060764e+01 9.286211990223518953e+00 6.182581147156226642e+00 1.647738324221842987e+01 1.187225635192548800e+01 1.713655580517298560e+01 2.539166686601463496e+00 4.103848457420112616e+00
1 1.306281577709712849e+01 -2.153034356700361229e+01 1.501402215761019043e+01 6.390276540431171881e+00 7.766206444232782724e-01 2.039841193908581207e+00 9.198062148142717831e+00 5.794687273883853074e+00 2.832859015650857515e+00 -6.148169160013114976e+00 1.000025751738970392e+01 7.417202049978264711e+00 3.959274330127832808e+00
1 1.315088943988083159e+01 -2.699203779478047238e+01 5.074905136697193342e+00 -1.903643773350507384e+00 3.964820335357603920e-01 5.822075455878316319e+00 1.299771546686291757e+01 4.050097593849876887e+00 1.197298522112406971e+01 3.211973411200271133e+00 9.703017367586548758e+00 1.188399159050627674e+01 1.006230280538237487e+01
1 1.317610637545809560e+01 -2.333928302188300563e+01 9.782099756824583991e+00 2.208770683853564787e+00 9.565815375926931097e+00 4.657098610561571483e+00 1.361886915948120169e+01 9.279601535309701887e+00 1.094024281948142452e+01 5.499815437208011915e+00 8.992513504110535294e+00 6.741867746169553754e+00 8.094701770718772948e+00
1 1.315527490414972611e+01 -2.479005382993274154e+01 9.493824539444995381e+00 3.560109003675532069e+00 1.344252563125593447e+01 1.427583432865789881e+01 2.043703928312795881e+01 5.353896526556140678e+00 8.603184478664935853e+00 3.742376673973879964e+00 -6.392127738383162061e+00 -7.571536025681131044e+00 2.476243597248286132e+00
1 1.302419449907745808e+01 -2.510023948527890525e+01 5.904918605152775335e+00 7.440381755008542708e-01 4.834183771606914704e+00 1.159719499319125902e+01 1.711424169842174692e+01 1.066912470342432684e+01 9.447874033447758890e+00 1.076471236611568472e+01 1.201382493827604137e+01 9.159741297955498851e+00 6.790186196945025010e+00
1 1.313457098083659602e+01 -2.578531722308171581e+01 4.819300152217272704e+00 -1.964567599068206771e+00 4.655502550947124618e+00 1.420555562351596102e+01 1.594179000935204016e+01 8.664325760555184885e+00 5.931623231882855229e+00 9.178472331270333129e+00 1.090370556356508303e+01 1.585668919245970443e+01 1.921406619580478292e+01
1 1.310203646790058407e+01 -2.276665586858427304e+01 1.279774326481729751e+01 4.115868837527543178e+00 7.324671061814855832e+00 1.339055996194251463e+01 1.287118877547675844e+01 5.606443670712810246e+00 1.102032895291835501e+01 1.641008496789925664e+00 2.982025832352971140e+00 4.266938791670627396e+00 8.692417557535794259e+00
1 1.309838810018756305e+01 -2.084568492858348776e+01 1.436342846905738035e+01 7.633398629843882510e+00 1.209428569221573291e+01 9.268135388844958911e+00 7.721784015486545805e+00 5.973581480587257353e+00 6.131582603627874661e+00 1.254357962805190407e-01 2.606897721237617649e+00 3.687509975459659195e+00 5.484820441253544843e+00
1 1.672026154111887664e+01 -3.749153405375725612e+01 3.333097318445383372e+00 8.142228374227542531e+00 -1.326619857419597004e+01 2.817687166893242434e+01 7.103061593303788612e+00 -6.704810107905050387e+00 1.763651378155646654e+01 1.894128871735994579e+01 1.358100960571711546e+01 1.179712053252842452e+01 5.891557768616775270e+00
1 1.482049472453680039e+01 -3.422562918255535180e+01 1.096088660214642552e+01 1.017960543760101544e+01 -6.455870542729233996e+00 1.744225860505613213e+01 1.064858062884644596e+01 7.032760101381184015e+00 1.611292628323233345e+01 5.985931264502085014e+00 6.338185826588166094e+00 5.213622782117778520e+00 -8.207520447307597777e+00
1 1.420125964064302160e+01 -2.917578622065111560e+01 1.414467520400941858e+01 1.161789172168535345e+01 -2.578548119236928393e+00 2.045530737150169642e+01 1.393886028375659691e+01 5.066690096689289824e+00 1.254856701806920150e+01 -1.734937803000018874e+00 7.477952041776529946e+00 9.870335051749300703e+00 4.484278666869257357e+00
1 1.379364977904816136e+01 -2.858508788517465860e+01 1.170624339176965556e+01 8.806410503371969511e+00 1.323556435338819171e+00 1.936286480503985175e+01 1.629818275753461876e+01 2.482537485555269097e+00 4.282703408729793271e-01 -1.494887599032045955e+01 -9.664295514740762760e-01 -3.638101896706107841e+00 4.874351174491749816e+00
1 1.341064873875540897e+01 -2.890804820424313704e+01 1.079891723661967795e+01 7.290533178023000715e+00 4.560727230373314178e+00 1.178503267828365431e+01 1.203524430026492098e+01 2.202258334877072343e+00 1.218997250680218158e+01 9.240467984032376236e+00 7.928759777972315348e+00 6.329976358175779083e+00 -2.516679247909803685e+00
1 1.332105538088698005e+01 -2.472949347933844422e+01 1.195081195115791672e+01 7.205007303990089262e+00 7.221422022136431806e+00 1.823175544731056874e+01 1.337430626734486871e+01 5.739440933822060664e+00 1.787281721680310298e+01 3.831455018086828535e+00 -2.863040930712389631e+00 -4.714649612505363407e+00 -3.213886630859301152e-01
1 1.326708190423351752e+01 -2.427086584601977393e+01 1.330008553526116977e+01 8.567080678092498403e+00 1.165309033555988805e+01 1.104937619515063574e+01 1.045868227201325773e+01 -1.540408071710138938e+00 1.303130338837672930e+00 -4.987228006667337787e+00 -3.149995421586170963e+00 -5.555507929200961925e+00 -3.092155103654078641e+00
1 1.327503736096419829e+01 -2.352360335416781467e+01 5.209818448521583711e+00 -7.490221329602976263e-01 1.448246831339315932e+01 1.669495714288060384e+01 1.570386802030781759e+01 4.508079500708205956e+00 1.087673113361060118e+01 1.558403894140174195e+01 1.283202856305847561e+01 4.622538206688944662e+00 1.412139550801400745e+00
1 1.308354939685412610e+01 -2.255097556945874615e+01 1.147594761207878200e+01 9.173607684898906101e+00 1.321119362851354317e+01 9.871379329494066823e+00 1.162968996349597894e+01 3.408372998681726607e+00 9.122952555887007264e+00 2.171421074207661395e+00 6.333166838373227581e-01 2.114725986626864618e+00 1.555481975373301351e+00
1 1.310336525734299684e+01 -1.912995937507847444e+01 1.521460826509072817e+01 7.398724552331225723e+00 1.261289874413832557e+01 6.275879826070075218e+00 3.223167691225644393e+00 -2.099935619443445312e+00 6.614818066224218640e+00 3.830516333291951181e+00 -2.496048734295615468e+00 1.576768399172169710e+00 6.785438395606122164e+00
1 1.322965744536646504e+01 -2.000144040975105142e+01 1.326781887042023200e+01 7.008584104857623842e+00 1.602291273838536512e+01 1.096713182697768829e+01 1.175051468167130508e+01 1.610519982554007257e+01 1.129365665549119413e+01 6.669796602786050244e+00 1.970479048900225072e+00 -1.056458411625830074e+01 -1.753418779812567552e+00
1 1.301666596181459390e+01 -2.157724080647929199e+01 1.055671793402345315e+01 2.394057697044162492e+00 9.559538483370960904e+00 6.217182711928844974e+00 1.820989347271870340e+00 6.590446370763228146e+00 8.094384078685544992e+00 -6.393446789238253380e+00 -2.612747510671872053e+00 -1.602911552467582434e-01 2.880323391376040210e+00
1 1.324733134714922045e+01 -2.355796555671813053e+01 1.168391242200186042e+01 5.586853675882864856e+00 1.107338406472797843e+01 1.210259856287454916e+01 1.666691919347383788e+01 8.079784664352665402e+00 6.831232770034342927e+00 2.013798431925095667e+00 7.511997938920228712e+00 7.362582091475857737e+00 1.213107763179557264e+00
1 1.327631585370206047e+01 -2.313502898046698064e+01 1.266406680594827705e+01 5.552794517289162179e+00 6.854907578026237402e+00 5.899981313993428067e+00 1.603807054228672868e+01 4.195878418311046687e+00 4.116307516599769123e+00 -1.770191523878512863e+00 -2.252686141695114941e-01 5.143165283791872877e-01 9.468601643971232829e-01
1 1.719178530460730059e+01 -3.826322003880749634e+01 4.330070933237244013e+00 1.482328457166377333e+01 -1.798691850910922696e+01 3.380989523115727025e+01 1.427437685817527679e+01 -1.260482022394455193e+01 1.620096010050402668e+01 -4.573478618429708042e+00 9.015584229843499386e+00 9.104247849744785626e+00 -5.138900461758080240e+00
