1 1.329389245619071858e+01 -2.941458224820461353e+01 -2.138300104478918051e+00 -7.600327256198943893e+00 2.685811870522968992e+00 6.033764911022975852e+00 6.725230653045162654e+00 -3.665600264006484199e+00 -1.347672522243883009e+00 -5.859312586838782089e+00 5.735705628811899048e-01 2.586767607396415425e+00 -3.563045640062227015e+00
1 1.327402716469749322e+01 -2.880667119860244085e+01 -1.489990933990922750e+00 -9.080310448258906320e+00 -1.854171090679677780e+00 3.553129626113885831e+00 3.489357248873334871e+00 -2.695011402625271391e+00 8.726816894202148234e+00 9.318808547422070987e+00 5.153066172750028429e+00 1.022994105124973574e-01 -1.050998989212050594e+00
1 1.320168081133704874e+01 -2.736399920563266974e+01 2.109115380706811038e+00 1.146663562725834362e+00 1.272534693241394699e+01 1.034502459119825524e+01 4.942923858635736245e+00 -9.628307904354364011e-01 -3.549222159573075519e+00 -7.259175169718051102e+00 1.007629144471605720e+01 2.624625390246473344e+00 -1.789924534124354150e-02
1 1.324352015279812811e+01 -2.435790440828277070e+01 3.033596682376637599e+00 -1.839419874298372781e-01 1.030093149291105448e+01 1.542173790975295766e+01 1.776661349007785162e+01 2.624814107189765711e+00 -1.204379283549688484e+00 -8.489393597761756283e+00 -4.686712704426335918e+00 -8.995907672787881282e+00 -6.388020528583238100e-01
1 1.315829344536428991e+01 -2.788115814016803995e+01 1.322045548018373262e+00 -3.781028231112898208e+00 8.031522857569056484e+00 1.001075605638159338e+01 1.291635181476465277e+01 1.122120573224350260e+01 1.438218875781763550e+01 1.411063557687015013e+01 2.696980012057884579e+01 1.815942818359568989e+01 1.598300826096450411e+00
1 1.299944713810305963e+01 -2.127484625549288566e+01 2.696572794676609597e+00 -3.643118474661413586e+00 6.032361646458378246e+00 1.193413982373464499e+01 9.322196430549901436e+00 -1.125471032482948663e+00 3.806345617015208127e+00 1.741248793050610977e-01 2.019029602411683388e+00 5.640054520546838646e+00 -1.618156548164043640e+00
1 1.319296088911184484e+01 -2.299897991709118017e+01 3.337642665692881483e+00 -5.215725015533666520e-01 7.450021500648628781e+00 1.506116835815655541e+01 1.065693871577680696e+01 -1.029235040901955722e+00 9.002030579604474170e+00 5.452009026489736954e+00 5.373806495104330061e+00 6.366668529343659788e-01 4.485480141175621327e+00
1 1.349249734751678353e+01 -2.242417467680964904e+01 3.842229042237752523e-01 -9.247810696295415411e+00 8.538592702167108195e-01 1.881401777746739512e+01 1.010354499497936409e+01 5.652592818364662541e+00 1.672555494569425960e+01 5.515373020609826149e+00 1.692909518254611001e+01 9.587032125170088293e+00 -4.756220223298929461e+00
1 1.327885532133793767e+01 -2.240850447256388733e+01 -3.178085466402128301e+00 -1.523870872960200629e+01 -3.523130360700180042e+00 4.680181771712898176e+00 1.095274767658792214e+01 1.258560511746448229e+00 9.228954789262601821e+00 1.588166760978114844e+01 1.809013740857686159e+01 1.202608288586541896e+01 1.928757248945992586e+01
1 1.305731796559271629e+01 -2.427504016323798908e+01 -2.631956006749844867e-01 -1.041431830155030980e+01 -3.250394668317262148e-02 5.434791871580992861e+00 1.194315439560275038e+01 7.007836959664419663e-01 5.059541516030484409e+00 6.373862714399336049e+00 4.978661537444742713e+00 6.463463873875427090e+00 9.941272593588579287e-01
1 1.314637445849121278e+01 -2.640185488549859372e+01 -9.775885976648682751e-01 -1.016081494464346946e+01 -2.160726553017675133e+00 -6.520447053794591330e-01 6.424375880844126030e+00 6.300323309068281752e+00 1.552182355793485158e+01 1.255684293413701091e+01 1.407636786633356962e+01 1.291054476179016675e+01 2.879209118377152876e+00
1 1.320705996785194181e+01 -2.187832820921199684e+01 8.031335915445298568e+00 4.039956378833976514e-01 6.847212685518402786e+00 9.208141669181676647e+00 8.746292292632434240e+00 7.077618788993960131e+00 3.417754112977887448e+00 4.766484910268222741e+00 1.617272303427959201e+01 1.330002487373850961e+01 -3.522768778727655370e+00
1 1.336589307544890204e+01 -2.783298644307346237e+01 -5.583907744471945378e-01 -1.067311694752666007e+01 -1.816116971119406953e+00 3.452708173661159119e+00 1.118008308770405890e+01 4.814219058127619633e+00 6.134050860020916929e+00 7.058857828495177511e-01 7.194608871620944868e+00 2.113101015561698048e+00 -8.519127863519139865e+00
1 1.322613133515050166e+01 -2.638855111456346236e+01 6.994081013004625369e+00 6.379888831711179042e-01 6.392763253890858088e+00 1.318825366962963841e+01 1.722623331016487924e+01 5.236795378149122548e+00 1.192203734376349189e+01 1.207166885938321421e+01 1.527622016323163123e+01 1.040850945220615742e+01 3.797375354517182888e+00
1 1.319333698102032670e+01 -2.361276316068470038e+01 7.300770879484232090e+00 -6.433044662092425314e-01 9.148637697167492533e+00 1.663249650573231619e+01 1.280102989739919472e+01 1.270784469498543068e+00 1.536712605625332628e+01 5.858044856011008328e+00 1.105070069428200519e+01 -4.493134143114873247e+00 -3.250459456924886581e+00
1 1.308620109484427374e+01 -2.567671608223204771e+01 4.886026711164880965e+00 -1.890212938297087142e+00 2.353397608347039149e+00 1.249904322942176549e+01 1.283638719346105717e+01 4.131462325956753112e+00 1.351404118350341044e+01 1.630001549132599692e+01 8.179884608518348088e+00 1.819912020684415932e+00 2.407024744623235790e+00
1 1.312446429885532417e+01 -2.379319810462012441e+01 5.290528026617075774e+00 -3.088904587160803406e+00 -9.364729249468788375e-01 6.084565682358499927e+00 1.601425578465602229e+01 3.483189199931082669e+00 6.137301495607097479e+00 7.489546782268777569e+00 1.180893885509601660e+01 -3.782548479960687438e+00 -7.507692440682227186e+00
1 1.310251073968699309e+01 -2.940364554719981172e+01 2.021545355392903254e+00 -1.112294191924067865e+00 1.040570624719106618e+01 1.206745554658591502e+01 9.364489560793931133e+00 6.937285549036509735e+00 1.147259217822449173e+01 4.570520237830979937e+00 1.663566447615862387e+01 1.289848488662015313e+01 4.593834424729177357e+00
1 1.304389788787488236e+01 -2.646236631889906832e+01 1.799375961465378593e+00 -2.660493995504292997e+00 7.303736115797584638e+00 1.280950359230130253e+01 9.504537272757023203e+00 9.488465940358569384e+00 1.487868063341250924e+01 3.880907973506174446e+00 7.863747962473075503e+00 6.240455161911739879e+00 -1.311496862946723019e-01
1 1.319220465349653182e+01 -2.508405062089846993e+01 7.872851524661605538e+00 1.466501535860733618e+00 7.568716914679137986e+00 1.252078096646391714e+01 1.987907671882044269e+01 1.424369338761705883e+01 1.386755644092206552e+01 1.089420847381850299e+00 1.147683694108954278e+01 7.523844600030239249e+00 -4.555800814946112887e+00
1 1.323314066647719578e+01 -2.897995683012334922e+01 4.063831578647640441e+00 2.338354506508237840e+00 7.697540765878789770e+00 1.028440565475026425e+01 1.233103781723139925e+01 7.073667236325920982e+00 1.087221041671273269e+01 3.319073305716850886e+00 -3.746939073346351012e+00 3.003643367338398651e+00 1.722670964521987536e+00
1 1.308897839519947581e+01 -2.421675980707058073e+01 6.033553444211102068e+00 -1.511175806670999933e+00 1.392523580188955945e+00 -2.393893090114409983e+00 -1.723267877930637404e+00 -4.997315784686908735e+00 1.407550410027637966e+01 1.782657436892208835e+01 1.829287272742614334e+01 3.896532241418992459e+00 -2.714112609695754408e+00
1 1.326955922880700811e+01 -2.570777058078545352e+01 9.217500139281364469e+00 -5.247116430503743212e-01 1.867066303815758443e+00 6.834233750116817774e+00 1.600486314383941178e+01 1.358964643372793901e+01 1.594819024614316660e+01 7.491728762607210435e+00 7.583325131273800146e+00 7.007766297270995537e+00 1.140633638456415788e+01
1 1.318007843615020924e+01 -2.430622135906817149e+01 8.697134258972619492e+00 5.543768322147275551e-01 5.310811478499439353e+00 8.153926494641073219e+00 9.589768470960773783e+00 1.080939458206103598e+00 5.296631417777046380e+00 8.101056760853515115e+00 6.046001304636123841e+00 3.428950840913077336e+00 -9.196875676895240881e-01
1 1.304685689466575482e+01 -2.676105142651367430e+01 6.186685382793337240e+00 4.553937562621579893e+00 4.435083688575160110e+00 7.151182748130698208e+00 1.424072052806979549e+01 3.602275079195790042e+00 7.439097274912499280e+00 6.240342827482810328e+00 1.509171287133282746e+01 4.776230640110949999e+00 2.239167268017236090e+00
1 1.319382209721842081e+01 -2.863931077249980106e+01 3.301714064882060651e+00 -3.706140435084154805e-01 8.507542524175546461e+00 9.532047791235605416e+00 1.426286577729580252e+01 8.597210943821528062e+00 1.333723456313159694e+01 1.209717083189690712e+01 1.671754220720413642e+01 6.591259869731446841e+00 -4.899060068656468481e+00
1 1.318685246654183807e+01 -2.721782926565057892e+01 4.505755850308852395e+00 -6.731752326102380390e-01 3.401268783138986507e+00 1.899346302161858846e+00 8.851828479106739422e+00 7.178869929773759928e+00 1.492897104521702900e+01 1.436918141715444364e+01 1.001867745127818310e+01 6.028070936677840663e+00 8.428074678495788008e-02
1 1.305957259806007187e+01 -2.332129294788963847e+01 8.916888838369914083e+00 2.650453685805977067e+00 6.302332163022112077e+00 2.528959971233247117e+00 9.601447852804176009e+00 6.511990836824481654e+00 1.378161819824419076e+01 1.320276789223338909e+01 1.787656045676475713e+01 9.168012748255195632e+00 2.052655813528057038e+00
1 1.308903887604548721e+01 -2.395352891107214788e+01 8.528429763167272526e+00 2.924589423537300004e+00 8.229758603880082291e+00 2.732830439106185949e+00 2.398635793573238306e+00 -4.343815923529941170e-01 4.746630373487358945e+00 2.263230759821297511e+00 1.051504765427980281e+01 5.897915186516237362e+00 2.055947420605163334e+00
1 1.300899383955280975e+01 -2.468064271062821646e+01 7.161196098423806333e+00 1.245993301464956904e+00 8.031946318778423688e+00 8.221868094169280994e+00 9.003847716844791904e+00 6.594504040615493778e+00 7.579389162061939800e+00 3.181470955362486475e+00 3.605450241866234418e+00 2.170485858430719617e+00 2.174785764698344614e+00
1 1.321269038915602856e+01 -2.761504175347497281e+01 5.173669158564672799e+00 -1.419888451912620697e+00 5.553291031825561497e+00 6.397163179307104208e+00 1.496231037094263527e+01 1.058441858019207871e+01 8.728437408721267943e+00 1.689007499988379069e+00 -3.985549912752013313e+00 -3.327155762660375160e+00 1.931503869559028086e+00
1 1.320368762575695243e+01 -2.676769923373054993e+01 6.622263950720229886e+00 1.718600907868651273e+00 4.400353228415077034e+00 4.723478332572583760e+00 6.414874573702080696e+00 2.801848092391103329e+00 3.505203035978672332e+00 1.084857945680412161e+00 2.767329909506691887e+00 -6.458564619205290569e+00 -5.329914676262051287e+00
1 1.322606432534995946e+01 -2.727594011349679448e+01 6.085571473364078443e+00 3.939393379170521015e-01 4.133099347258406553e+00 8.238657616659375904e+00 1.093318463720667744e+01 1.417617265004405214e+00 8.391454074939202812e+00 2.831371650768097048e+00 7.327659810899249671e+00 8.780240407888669552e+00 3.586945751613900057e+00
1 1.318683506890992341e+01 -2.338499336319786437e+01 8.807500668615567463e+00 2.303346291082633890e+00 4.652490555745207423e+00 8.499915794313649187e+00 1.143435609809720788e+01 7.441899579500582895e+00 1.188829516487495219e+01 9.475124363414026973e+00 1.273767006939370283e+01 1.167559298851853633e+01 9.156788992209673239e+00
1 1.321368988341554562e+01 -2.545582659677935311e+01 2.985238661730301946e+00 -6.429153940555128344e+00 1.604745861469793755e-01 1.981084152320543135e+00 1.200332326681835227e+01 1.302655865623214737e+01 1.692610542903248572e+01 1.023994179092859014e+01 7.679976390276317844e+00 6.364233882205720505e+00 3.149591821741521080e+00
1 1.311642667857125133e+01 -2.654315107273732366e+01 5.099602636975367531e+00 7.068066710905858141e-01 8.171573011652052188e+00 1.434180930374258622e+01 1.851975248448659528e+01 1.339736780051777210e+01 -5.394433481573330802e-01 1.623162379073329609e+00 6.285065557586001717e+00 2.335249527711493300e+00 5.271243388254315931e+00
1 1.323143087523445161e+01 -2.461700312416735059e+01 9.483709855657584953e+00 2.631917064243988857e+00 8.823628748290806456e+00 8.147090321295404891e+00 1.106308172820046742e+01 1.270924237361689890e+01 1.322709092656435992e+01 3.871925686505279351e+00 5.155462744048645851e-02 -4.651505485136559592e+00 -3.537257208784063245e+00
1 1.301628212874926582e+01 -2.707085363883773610e+01 4.244619892050399024e+00 -4.365329763180388345e-01 9.200362771793063388e+00 6.449303597583922354e+00 1.130866021348643002e+01 1.139866976482805327e+01 1.364594866662595507e+01 6.168954130433551342e+00 6.295053760555370914e+00 5.865546574153409409e+00 5.300651010669660934e+00
1 1.312609630590414334e+01 -3.124437808687604345e+01 3.140508176592795020e-01 -3.698406155264085893e+00 4.290895839677013157e+00 4.053971465553598108e+00 6.615397866332587640e+00 7.302952007333950668e+00 8.813071154012089181e+00 5.850529129196528011e+00 -4.874038459741813156e+00 -6.412485290281615846e+00 1.161127373586896327e+00
1 1.314782061713590977e+01 -2.490910355426720812e+01 3.438493136058241806e+00 -1.997014830047935785e+00 5.141785756190930812e+00 1.117653163995796106e+01 1.103117174121076971e+01 4.587532009354204909e+00 1.088814476241846485e+01 9.305234948663864358e+00 7.877463162945483433e+00 5.162105009207228257e+00 1.111274527823670688e+01
1 1.318926469314495797e+01 -2.857858256481580028e+01 3.124639742688884780e+00 -6.132660179031679704e+00 4.419718088915044696e+00 1.013200659651703361e+01 1.413739122871221809e+01 1.230282089296774473e+01 1.412697921508958387e+01 5.978360618842307517e+00 1.514657417455449906e+00 -9.959678810917683978e-02 6.466918168781240261e+00
1 1.324139228951825586e+01 -2.508662064107221212e+01 8.996958030471768453e+00 1.442702590609328928e+00 8.421264632807533346e+00 6.283059828188676477e+00 1.109034825522693346e+01 9.919868311413880591e+00 7.987072290546795905e+00 -2.956686312126605820e+00 3.596628166140854788e+00 3.250734624452917831e+00 4.282544560384431986e-01
1 1.321857020035472630e+01 -2.764782692455091606e+01 4.103700219003577843e+00 -2.162125390296767868e+00 1.540320744831789268e+00 5.810445203365208755e+00 1.241251228558596509e+01 9.554756715449078897e+00 1.601799043995269045e+01 1.195476081039709193e+01 1.537979331113716519e+01 4.109508304247967203e+00 6.312196968597384661e+00
1 1.321251407679957701e+01 -2.518268090378675694e+01 5.231053906334662607e+00 -2.434569431929266337e+00 7.538589276756238355e+00 4.804926590467063718e+00 5.550034883043214684e+00 -2.093359728150007426e-01 2.553384887023938177e+00 -3.604643554883698031e-01 2.628378970940703940e+00 -4.840508505043886522e+00 4.027845694621714046e+00
1 1.330530010669380658e+01 -2.612569942750553764e+01 8.117766292480206758e+00 3.405996913651273328e+00 1.242050030772022318e+01 1.219435339062346202e+01 5.975252877616022751e+00 -6.408447622865037552e+00 2.696022850362403300e+00 -6.350213514624832634e+00 3.193916414552699923e+00 1.620780365441458981e+00 6.151468830272900590e+00
1 1.324194503621371410e+01 -2.336378437339938685e+01 2.043804747304976743e+00 1.047299076641761584e+00 1.566723535076322449e+01 1.530640357176338284e+01 6.552403780500124952e+00 -3.373720019434689910e+00 1.071953699661497517e+01 4.985683696430008638e+00 8.634267223999438912e+00 4.913907041709363988e+00 8.437114003100885995e+00
1 1.318517388191141926e+01 -2.745910579670638896e+01 3.287045123106987266e+00 -2.994073258792112391e+00 4.299583303331374395e+00 1.219979973505689763e+01 1.264268706282594579e+01 5.425266938359183833e+00 1.801355262305924754e+01 4.820376883683617386e+00 5.300514151299296373e+00 7.704365494784138235e+00 1.594765630013280244e+01
1 1.315115718473208517e+01 -2.300302418864899678e+01 1.228543173901324614e+01 2.720093752335714488e+00 6.970885480874289719e+00 1.022451708204145504e+01 3.095740606031678777e+00 -3.713281532649686856e+00 8.458261367326198155e+00 3.348890839068273451e+00 8.087240838521255526e+00 6.950063657903198688e+00 8.554446603341405719e+00
1 1.324048906272634696e+01 -2.165142316970833747e+01 1.092912541445027230e+01 4.018923833481541585e+00 6.461658818924027159e+00 3.746176213830241686e+00 4.495494630881541553e+00 -2.364123253776567957e+00 7.152351717116297358e+00 -1.253868252491716850e+00 7.179179627614930226e+00 9.231733007094600651e+00 2.966381220338500047e+00
1 1.469686431181087549e+01 -3.509590270547826663e+01 4.885179834554377543e+00 2.255064486946403601e+00 -1.712090982044428955e+01 1.160065450169498469e+01 -1.711589297351922667e+01 -1.579515929395277496e+01 -1.615653662361356169e+01 -2.530619496158831794e+01 -1.866250428680092099e+01 -2.051082241329728362e+01 9.148927458883693298e-01
1 1.576932028527964391e+01 -3.619283416257915320e+01 -8.516124493374661597e+00 2.302815134146440457e+01 -1.577426318291384888e+01 3.602580008840131853e+00 5.362726836167007072e+00 -6.924389200013520096e+00 -9.412824605188381710e+00 -3.333411777495871142e+00 3.054981256967761016e+00 1.072686671330280284e+00 1.361457161923316939e+01
1 1.592225746543606668e+01 -3.812675966832711083e+01 -9.389457313635400482e+00 2.692760852342206235e+01 -9.540197278355817545e+00 -7.485648399646865236e+00 1.112352681740615168e+01 -2.182562505505954675e+01 -1.626662215673801271e+01 -5.413579506185913992e+00 1.458750473827363336e+01 -5.352831635834441215e+00 4.072278345739919203e+00
1 1.365354394455733278e+01 -2.849023910828980632e+01 1.110808267633513369e+00 1.087343747501708613e+01 -3.100698743730921692e+00 -1.638126128530689130e+01 -7.202039130845288462e+00 1.174158753330101224e+00 -9.585188373588900745e+00 -8.166571156562534739e+00 1.195481535989447863e+01 -2.665214432839691505e-01 6.959256997456948923e+00
1 1.324519112034792911e+01 -2.262209224484957559e+01 7.560179348689851864e+00 6.096616298591125194e+00 1.770245354002513594e+00 3.069321443629417612e+00 7.530041974588000953e-01 -4.028421049084221828e+00 3.269521087078687938e+00 2.968123354179674767e+00 8.472625578359366472e+00 4.448176585524128868e+00 1.096977745087262690e+01
1 1.340905435191474382e+01 -2.879633663758842843e+01 2.027813109191021645e+00 1.349393237326921957e+00 -3.198879565465125641e+00 -5.184339594448317712e+00 -2.837154046193480550e+00 -1.040771801882607228e+01 -4.054364142132767412e+00 -3.006829506832933596e+00 3.942227634526585422e+00 4.778329730058996638e-01 1.784372852394920628e+01
1 1.366800294568405327e+01 -2.486706286768409768e+01 8.000268367775467127e+00 1.163803356709323111e+01 4.005139664060399340e+00 6.566270476161053971e+00 -4.979028112680378704e-01 -4.505365613436659977e+00 -6.736358787206391252e-01 -3.627149846091503260e+00 1.377373114880747274e+01 -2.846878385709373793e-01 8.898426799199443238e+00
1 1.324462412667208255e+01 -2.524653779655427144e+01 9.131971866087173595e+00 5.254493999807404947e+00 4.390343507616619512e+00 4.883695324692512330e+00 7.499750746988225636e+00 -8.748145585350409759e-01 9.504330174048548630e-01 6.222581409120789608e+00 1.026253430336458550e+01 1.286218706876744378e+01 1.591949816602566870e+01
1 1.331901730585870958e+01 -2.592273804627362566e+01 7.300175029126487303e+00 5.675304191291490746e-02 3.767170696200327740e+00 7.074435661936726127e+00 5.767693020416004401e+00 3.527409785013559507e+00 1.426082352578178458e+01 1.892353749424738041e+01 2.779128763903039090e+00 -3.444503221823759231e-01 9.778960178424906502e+00
1 1.324927939574937064e+01 -2.446376303161549615e+01 1.609006698461697527e+00 -1.103917261067387079e+00 6.645255010119016426e+00 3.781207450692090521e+00 7.725846908884038911e+00 6.176717673630764516e+00 7.942366232725034614e+00 3.480394893038492476e+00 2.260012871958692493e+00 -2.277554379035663157e+00 -7.990933736399117748e+00
1 1.324895735843838551e+01 -2.636648079129914990e+01 -2.098093088158226482e+00 -6.704781631059714364e+00 1.000883378315775474e+01 7.241563226891969407e+00 9.251720614292274769e-01 -7.739670243048035303e+00 8.444168142265963795e+00 5.005125693904017403e+00 -1.274230441703394945e+00 4.883791497979768081e-01 8.011144807140912150e+00
1 1.316394071859931891e+01 -2.444559744415212776e+01 2.817941750986017624e+00 2.437825479716344002e-01 5.904093495498599076e+00 -2.740849131960533924e+00 4.324365826268746993e+00 2.825956299589496901e+00 -2.450640650029052570e-01 -6.148289713988905891e-01 1.698161233112427482e+01 6.305321592362870042e+00 -4.409201318162590866e+00
1 1.325092831950739836e+01 -2.627012990447330409e+01 4.878431975664503373e-01 3.144399346991959998e+00 1.633785001296134354e+01 -5.633529458286025138e-01 -9.848197157042076100e+00 -6.377517755280051048e+00 3.463633082782859862e+00 -3.784605064173868882e+00 6.539482646552311707e+00 6.714170501483001985e+00 3.798277231908889551e+00
1 1.328569028933593543e+01 -2.387045688124592857e+01 4.722943127885053549e+00 1.631385914583334040e+00 6.812313568500913519e+00 1.438962729736832147e+00 2.807609145966114550e+00 -6.431546584855629689e-01 8.126267209689116200e+00 1.898565846628699205e+00 -1.108904766301540334e+00 -6.145522019975603101e+00 8.445836730688901284e+00
1 1.316866142105902782e+01 -2.503201576451856170e+01 7.194148974228138371e+00 2.315296715516261816e+00 5.460099315828042421e+00 4.038649250746474628e+00 1.793608399238955542e+00 2.363070813241069101e-01 9.083396729884755771e+00 5.515009197510066130e+00 1.868051353040176110e+00 4.914807022510164991e+00 2.128026372947498857e+00
1 1.316838883436331997e+01 -2.742629239420637433e+01 6.108988755577348329e+00 1.142352259823703697e+00 5.641209946681542853e+00 3.935881224656697430e+00 5.543167371052838632e+00 1.177838499398400529e+01 1.347932984273673895e+01 5.963014338078568954e+00 5.051682391635000435e+00 3.361503146760730587e+00 4.078479771170155033e+00
1 1.309626146411624958e+01 -2.670249292787589113e+01 4.505376753167046999e+00 -3.930222006115612343e-01 2.048182925613531769e+00 4.986101052277470913e+00 1.427264123137422480e+01 4.903579960657050485e+00 1.016169320388087982e+01 9.811686987521037295e+00 1.117693717982008650e+01 4.732320052787141407e+00 5.016153584125230935e+00
1 1.315290006861119387e+01 -2.546121829429023009e+01 8.821172751085329722e+00 1.510702748132606077e+00 1.490776688770442560e+00 7.034338972674435420e-01 7.478866650661410098e+00 4.910972705640017644e+00 1.392359998276944211e+01 1.150866906369810394e+01 1.595071674179269472e+01 6.061961736205335072e+00 1.022490228710076288e+01
1 1.525619006846111958e+01 -1.725116028892113107e+01 -2.104824546848952593e+01 1.197481103290320315e+00 7.295784764264948485e+00 7.790588675909310368e+00 -3.457474767040868979e+00 -1.148083552412250263e+01 2.507257064505362010e+00 -1.335101682225707798e+01 2.144692490106274718e+01 8.169502798225938278e+00 -2.049177205113350198e+01
1 1.654535097765753093e+01 -1.093305588360373903e+01 -2.730940254855620708e+01 -4.540754585675877308e+00 -2.768316548480799000e+00 1.124385093941223346e+01 -9.956435558046671019e+00 -2.352324183536293845e+01 -4.162991422035937639e+00 -2.203141439899001242e+01 3.363435485201340214e+01 2.007602777036925445e+01 -1.272204394454947085e+01
1 1.700973831760140698e+01 -1.128990033464016562e+01 -2.799865557016440931e+01 -7.207533915530727420e+00 -2.367672008338142398e+00 1.822635887624790385e+01 -1.921863829311248395e+01 -1.962548761694229782e+01 -9.704978262981855508e+00 -3.830058578125444768e+01 3.216989890667162655e+01 3.577492302155681703e+00 -2.077241582980115453e+01
1 1.759983108086678527e+01 -1.730940354845031059e+00 -2.253675941868710808e+01 -5.045561548745021163e+00 8.759996077166523065e+00 1.876929783278329822e+01 -6.212215056129931412e+00 -1.493612484899612625e+01 -2.157165511732901919e+01 -2.637579953834198676e+01 2.861849184560570336e+01 5.563958973250302087e+00 -2.039336727822856332e+01
1 1.816301986237333210e+01 -9.133402671125742112e-01 -2.934531622364212922e+01 -1.430570643373260076e+01 -3.478443488913265380e+00 1.017694389389076370e+01 -1.707995889444532978e+01 -2.802316508595535538e+01 -1.231424808314953623e+01 -1.350537600475758637e+01 3.613480438795009064e+01 2.956909868287081800e+00 -2.077014033468587328e+01
1 1.942542584117278182e+01 5.013088627459187485e+00 -3.168748056179856576e+01 -1.607885725973685354e+01 8.709674906382469217e+00 9.657769639861630395e+00 -7.162328751070784705e+00 -8.647025943789840241e+00 1.568367870322359803e+00 -4.327656707003351144e+00 1.005542411959873483e+01 5.261717297427933815e+00 -2.635642263236755767e+00
1 2.056035324898186900e+01 4.336937666685258819e+00 -3.962413096453741446e+01 -1.517092022702424536e+01 1.303886098728264642e+01 2.311143712509262116e+01 -3.476486926881261752e+01 -1.888277762336818100e+01 1.114766813743112017e+01 -2.109340057451331774e+01 3.133213340167530347e+01 1.487562751784867743e+01 -1.525041625892736441e+01
1 2.088994678350639234e+01 3.218131799639786461e+00 -3.072504972161821968e+01 -8.129220106788347167e+00 1.165123719701189664e+01 2.191887127329438556e+01 -2.266522233729681801e+01 -1.748315754636866615e+01 -4.738784149895343134e+00 -1.386852494714994499e+01 1.359058887093742563e+01 8.008032858040987634e+00 4.520602189286798023e+00
1 2.109228834141235609e+01 3.494247173311336052e+00 -4.206289120347154409e+01 -1.261405236648857731e+01 2.261943260597593319e+00 3.037318974394604609e+01 -3.805007859133292669e+01 -2.993840725392936974e+01 1.784761740146504394e+01 -1.822060851410932969e+01 3.203580627538595138e+01 1.900897655120379426e+01 -9.350204404589076645e+00
1 2.063005077564682566e+01 2.065138533605930693e+00 -3.573952858193111837e+01 -2.388804317624936058e+00 1.247028634287542204e+01 2.488439064351414132e+01 -2.202273107461544299e+01 -2.650016187033467219e+01 4.952716156252845003e+00 -9.709333876688861054e+00 2.045820031727494737e+01 8.973368273187787736e+00 -1.750968384296440661e+01
1 2.027020880173488138e+01 3.291935343713680240e+00 -3.327388449946641202e+01 -5.135291013681230865e+00 1.513360848736047615e+01 2.833957011743952847e+01 -2.496327816777056086e+01 -2.986805521895010784e+01 -2.893358948424171739e+00 -1.696892499165067392e+01 1.726722018411274107e+01 -7.585186184511489849e-01 -1.493891693137464394e+01
1 1.915966036891221336e+01 5.637558217918909875e+00 -2.712596188090972760e+01 -1.583126077269084497e+00 1.170109996944574426e+01 3.000499026478953013e+01 -2.140223082906531360e+01 -3.015443585395117054e+01 7.697926443201835944e+00 -2.104159228943225912e+01 1.328007130314119877e+01 4.255054660473217787e+00 -2.103433829366183261e+01
1 1.994596228042308184e+01 3.371393571730166183e+00 -2.943143914715989951e+01 1.861574676763844582e+00 2.176982718175812437e+01 4.864668151531569862e+01 -2.321202393717384638e+01 -3.251604341120106767e+01 5.315300519103504762e+00 -3.084275235915568203e+01 1.887024027914061364e+01 -3.890018056031295579e+00 -2.839261698436648729e+01
1 2.001737224621519573e+01 9.577543554036804352e+00 -3.157183085527592681e+01 -7.318295264321005078e+00 1.066940072906557191e+01 3.257912873347526528e+01 -2.655469775163689050e+01 -2.542307202730784965e+01 1.676487889999797787e+01 -2.066370744913022506e+01 2.420377827109838975e+01 1.804150634284308197e+01 -1.299481716715285451e+01
1 1.904764835161122605e+01 7.369838415870966664e+00 -2.345047288230925986e+01 5.558264703928546879e+00 2.134827980708953987e+01 2.668190135983793709e+01 -3.240454072632844884e+01 -3.281292620192470366e+01 9.079337523203905747e+00 -1.563408062287945199e+01 1.918427041589183801e+01 6.021362149664040153e+00 -1.903501901318541556e+01
1 1.896092143042390177e+01 5.992459793963974768e+00 -2.300443629654031241e+01 7.142239591064079463e+00 2.704410343826235419e+01 2.990121651699925920e+01 -3.513358919003872671e+01 -2.950190892975337675e+01 8.460843466818531056e+00 -3.213507358724934448e+01 2.088214144754100587e+01 2.352049271691247334e+00 -3.624630990725341206e+01
1 1.901840402587470180e+01 2.593681747795831605e+00 -2.591142968490254361e+01 5.157262331488981388e+00 2.944409987991416244e+01 2.219215791260834081e+01 -2.546329968413260758e+01 -2.834231173260879189e+01 -8.646559730089268925e+00 -2.023517919059943537e+01 1.303946048179268402e+01 -3.873937127731426067e+00 -2.203965659872414662e+01
1 1.889875301814750586e+01 4.595832037503730483e+00 -2.437600237532246439e+01 8.879408401647514992e+00 2.945930767759121238e+01 2.115504943242550695e+01 -4.128194366808677529e+01 -2.652199236907048530e+01 1.277961073444080675e+01 -3.147930981486825175e+01 2.158007127624354027e+01 4.024362271606751307e+00 -3.760718404678888049e+01
1 1.888077415000302750e+01 9.512171708546756088e-01 -2.621082037897205197e+01 2.491322260011342937e+00 1.693312176996291640e+01 2.067884113634687537e+01 -3.073421757175517399e+01 -1.942424865262014677e+01 9.344490498475382267e+00 -3.593872390997205457e+01 3.822913497672195127e-01 -2.613308136480276822e+00 -3.198142842686201703e+01
1 1.907322626725241932e+01 -4.558377046234104668e+00 -3.045297576580271581e+01 1.069388386674518721e+01 3.825410320169456924e+01 3.979644640237415132e+01 -3.381821229804202744e+01 -3.287445168047306510e+01 1.205913530137157252e+01 -3.111711568458595067e+01 8.453202794968213141e+00 -4.613904436361628392e+00 -2.781049467156099553e+01
1 1.851326222097000951e+01 5.436056589775321690e+00 -3.352658999112893667e+01 -1.331634069999547343e+01 1.595899369640800280e+01 1.118574395913804231e+01 -2.597050268388579042e+01 -1.122306859172650739e+01 7.065179416147983282e+00 -1.776636666639365814e+01 1.121759544358864069e+01 -2.916707913822114584e+00 -1.755417681125655704e+01
1 1.731150972631112239e+01 -2.584791907529541799e+00 -2.428783164526176108e+01 -4.123479881450114459e-01 2.945899866695827640e+01 9.280519483650110146e+00 -3.910804717548641918e+01 -3.082016608587339590e+01 3.176894919630075975e+00 -2.566060322648903380e+01 6.159874534655186196e+00 1.258488809389370022e+00 -3.503826868287907814e+01
1 1.751962483582229524e+01 -7.273757519136588634e+00 -2.300241983929048217e+01 1.294365236727199786e+01 4.581928255880201561e+01 3.153156534531803956e+01 -3.211076244776252508e+01 -2.886544192336704384e+01 -2.094795252831701760e+01 -2.781533830879802949e+01 2.017497997987208080e+01 -1.348536924725626562e+01 -2.436692056488423219e+01
1 1.694257422843491767e+01 -4.577549547308847444e+00 -1.969682007552331626e+01 7.280392817842116671e+00 3.988504780448785425e+01 1.466058882693964094e+01 -2.997697039805449748e+01 -1.655023239038687777e+01 -1.081866268697330113e+01 -1.521570217237188238e+01 2.540126071670054841e+01 -1.563505590620389540e+01 -2.415653896185897764e+01
1 1.639531347709091236e+01 -3.098193404037322018e+00 -1.799489437398926128e+01 -7.516931007472558157e-01 3.645354693579182026e+01 1.770698109817051957e+01 -1.907714261856436266e+01 -1.100010707151492717e+01 -1.882288337904617803e+00 -1.575645533584295777e+01 1.778292080406161446e+01 -1.374396872575297301e+01 -2.409666282519912173e+01
1 1.476684331950951901e+01 -1.275071030150207640e+01 -9.915263492307822446e+00 -1.137009728646744655e+00 2.760935470706341732e+01 1.492250702331500278e+01 -2.697044750171299654e+01 -3.243466839916351319e+01 2.474114198901338657e+00 -2.120254484568750378e-03 1.745547394023557430e+01 -2.120636065762351308e+00 -5.941707987523566104e+00
1 1.413810934347223558e+01 -1.203611645308284750e+01 -7.732519536678458039e+00 -4.624986067871425632e+00 1.857463219682995970e+01 1.288815120565919692e+01 -1.318755975781994039e+01 -1.984482701032885288e+01 5.462951147274483610e+00 8.847937012555100011e+00 1.363461858872346966e+01 -1.154819009644205474e+00 1.785862925825256520e+00
1 1.364804346678766045e+01 -1.501599637904646301e+01 -1.412538120723654325e-02 -1.275789657226555018e+00 2.115163401572108626e+01 1.191952264189944977e+01 -1.564651117781978407e+01 -2.275258878665957951e+01 7.682856734609512017e+00 5.771983283806435772e+00 8.296097123981803989e+00 -5.547496910350593780e+00 -6.167708456113251358e+00
1 1.344561586783981788e+01 -1.824336090330850979e+01 -1.127741877133211279e+00 -5.922652888491193757e+00 1.417262572261683928e+01 8.983810308650781451e+00 -1.205175520593014227e+01 -2.712179726473014796e+01 -5.509090959874784588e+00 -6.982587887046998176e+00 -6.419127367097576808e+00 -3.662981149134550307e+00 -1.221949507634343668e+01
1 1.332962147239493511e+01 -1.977207876535996789e+01 1.156887687115677688e+00 -3.621165294870135831e+00 2.215651244364379480e+01 1.909832726158133909e+01 -1.989092280739073626e+00 -2.012774532122958959e+01 -4.630399165327589550e+00 -1.681523387888571586e+00 -1.459348933682504734e+00 -1.422335106458198162e+00 -1.915865643643019034e+00
1 1.315791894953187402e+01 -1.822684552273947745e+01 6.845540167120936381e+00 -1.657147056136419438e+00 1.549391309240614767e+01 1.075579554879369049e+01 -7.912960620066372464e+00 -1.160745050541006052e+01 -2.670479595982162557e-01 -4.674582664144028676e+00 1.218134633616595464e+00 -1.808419389826267931e+00 1.738608564565342851e+00
1 1.313375930945656656e+01 -2.037098501565336406e+01 5.585520262646944012e+00 -1.342896733117388219e+00 7.844767623598968065e+00 5.884942718536601447e+00 -6.757266896718250315e+00 -1.013039504168603422e+01 -4.013767449359818329e+00 -1.135449964200556394e+01 -8.183003324116429056e+00 -6.511640066397663240e+00 2.378325489971591100e+00
1 1.335994366561865121e+01 -1.931588490301733074e+01 1.225362382172898634e+01 3.776347798028590663e+00 7.345672429355276201e+00 -1.060497748006085539e+00 -7.718369335389436259e+00 -1.373175607259489794e+01 2.521329822056949332e+00 6.686372385567095122e+00 1.003452269788527040e+01 7.221263973973577777e+00 7.296160957423946769e+00
1 1.321154369758411562e+01 -1.996792200756741664e+01 9.525201576007169990e+00 7.537131476982485978e-01 9.294017932998112741e+00 7.654296585623320048e+00 4.971702027207056673e+00 -7.004354204379412252e+00 -6.895594532982067815e-01 -2.534662277654637919e+00 -3.956899073579799725e-02 -4.874423030765000497e+00 -3.772986841668271030e+00
1 1.332659993009795052e+01 -2.239248436227492078e+01 6.995938487910276393e+00 -1.481565951948269122e+00 1.033113596602184270e+00 5.113727690534405568e+00 -6.239886817700658561e+00 -1.281178684353289832e+01 4.891810755906997876e+00 3.666824004014171301e+00 7.570198281124632445e+00 4.475177765869211122e+00 1.225198497250133300e+00
1 1.325955252623302094e+01 -2.195006350243292914e+01 8.148094775271490064e+00 1.278412076339125791e+00 9.494362765385854885e+00 9.917391776696302230e+00 6.321199477829761548e+00 1.656201119508551034e-01 5.484262645345686416e+00 -1.709274377241612353e+00 -3.550656146785359790e-01 -5.810783387933750710e+00 -1.032066909255575382e+01
1 1.327937379859023714e+01 -2.319963624618030451e+01 3.886851780188174121e+00 -4.149436988129052928e+00 -1.855963687953310792e+00 5.010300734407645784e+00 7.840580214465674658e+00 2.972038589762040495e+00 6.905331507445123584e+00 -1.036399945666856226e+00 5.795658988937429257e+00 -5.716235234171681556e-01 -1.115794669197168743e+00
1 1.319221975619932152e+01 -2.457493832479462981e+01 6.568536042565448874e+00 3.308425833723353193e+00 9.266316948046940283e+00 1.621605850964443718e+01 9.594669548028461392e+00 1.930628782468949145e-01 8.632572124457148277e+00 1.090516405380157217e+01 1.004317865124322928e+01 1.102029443013734245e+01 5.989435553296992509e+00
1 1.326075945976778492e+01 -2.424720964920825494e+01 7.467684571526696402e+00 -8.816355720616235458e-02 5.894141739163719862e+00 1.229411152732347823e+01 5.883462067309770838e+00 -5.528673617203563317e+00 4.639605389860991913e+00 7.517126431754685534e+00 9.899419237223904489e+00 -3.758214351123938535e-01 -2.483944843303070638e+00
1 1.325325170536061847e+01 -2.463347467711122718e+01 5.629054749429072579e+00 -1.962154158195953402e-01 -4.430391181999513428e+00 -1.481082093761054930e+00 4.876068880935690686e+00 -4.977587046218430622e+00 5.117658449346770944e+00 4.048275185540495813e-01 -4.471773820459135074e-01 -2.330393025141824559e+00 -5.360463307231292163e+00
1 1.314224233200349801e+01 -2.159666513732445026e+01 8.455665875571053647e+00 3.469929871528433019e+00 6.999121171514366857e+00 1.206984799700388322e+01 1.089009188169112186e+01 1.371358698134538812e-01 9.895732745320781731e+00 4.690898784046655834e+00 1.069658536566280205e+01 1.001753960721586267e+01 4.624029280508371365e+00
1 1.324405452790827020e+01 -2.506405263244060322e+01 6.832601921209519702e+00 1.443018729373478415e+00 3.238429658233020536e+00 9.788091776252116460e+00 9.298238378023453876e+00 4.065947675772892289e+00 1.183791247692374782e+01 -1.521451306108116075e+00 4.304686113410439718e-01 -7.182102746020792239e+00 -4.851844692814042403e+00
1 1.314500325702589123e+01 -2.302887660691725813e+01 1.042653713915278146e+01 2.930785287178268916e+00 3.737246589565001553e+00 4.799120699071911744e+00 1.255730755425849665e+01 -1.115608417099625216e+00 3.685034393930226138e+00 -5.087928880087333461e-01 5.109615241265402119e+00 1.307698188188623156e+00 -2.891367825024640514e-01
1 1.315460411369414473e+01 -2.851662077333123335e+01 3.845417230050655721e+00 5.003524746824967728e-01 5.808578706368522582e+00 8.745655437142513478e+00 4.762189283159319331e+00 -1.585159858005056044e-01 1.549664659691704394e+01 7.690018908335074954e+00 1.500152546287053035e+01 9.928796932149658971e+00 1.304074064523923493e+00
1 1.320768466358951265e+01 -2.577572870723773235e+01 6.321901652908381131e+00 -1.538395628585888408e+00 4.909786277151235723e+00 3.443463770148553316e+00 7.936968299353320155e+00 4.375003241614876082e+00 6.530600625928334679e+00 1.088201827737418803e+00 3.566292100172080204e+00 5.090920152072385463e+00 4.940656350023163945e+00
1 1.310592191001922124e+01 -2.698903911736160666e+01 3.757690488506362225e+00 -2.048075341977455111e+00 -8.437306635973677027e-01 1.559874755039514505e-01 2.536379963867772425e+00 -5.302702560499558793e+00 7.042163897042064136e-01 -4.357369553437393961e+00 -1.172775179060354311e+01 -1.422182457911756970e+01 -1.260050170075607134e+01
1 1.318250214762575467e+01 -2.530754216348197616e+01 8.460669045153577983e+00 2.176670566976901255e-01 2.818410648165690979e+00 9.336105152236285676e+00 5.562565203503443634e+00 4.426483220962794007e+00 4.814099130641802837e+00 -1.125771037884600201e+00 5.335140153876098523e+00 2.742941268577957281e+00 9.944527579411264639e+00
1 1.316567598471737099e+01 -2.506788106200854926e+01 8.226078806393442022e+00 -9.768539002766858381e-01 4.739941888859354968e+00 5.590600438081959389e+00 3.646638278063742966e+00 -4.148104989336207638e+00 2.368508269659668208e+00 2.528430066066806425e+00 8.867320165909305274e+00 -7.022435326864804317e-01 -1.181185047496583351e+01
1 1.309055702147475664e+01 -2.639883658496387042e+01 6.042543825292596260e+00 3.741079239354425656e+00 9.246893871669012555e+00 4.591603518894112668e+00 5.573005513171764846e-01 -3.554899327303559509e-01 6.648993059028979857e+00 1.312211204443661217e+01 1.455292677140537450e+01 -1.252844017483492278e+00 -1.228865445384484367e+01
1 1.311855218069458928e+01 -2.569424611931221847e+01 3.406443558046679865e+00 -3.971678825311989680e+00 1.155909850908915182e+00 2.465601165310350673e+00 4.344396446655649946e+00 8.763091190599443081e+00 1.362824003951605256e+01 6.798630409703828370e+00 1.024932330134987168e+01 9.951260658546956961e+00 8.484605117656776940e+00
1 1.319409232268731280e+01 -2.454893785285401719e+01 6.547683604912362121e+00 -3.906640356476366316e-01 7.300096765776399543e+00 1.133283601244893468e+01 8.270095703813689525e+00 -7.890836419075997199e-01 5.427101204438139703e+00 4.128500640363659713e+00 1.684652371080779787e+01 1.628997557466740176e+01 1.256698844108359125e+01
1 1.299811456955108291e+01 -2.752677652019555410e+01 -6.190924912339643149e-02 -1.002094631874341069e+01 -5.450166296862823501e+00 -6.577808275836391161e+00 -6.071022966066075277e+00 2.418791964652192927e+00 1.889750806187412202e+00 -1.327541466227395217e+00 4.508775387373978205e+00 1.053500135571361618e+01 1.336990218841820166e+01
1 1.322210018816324961e+01 -2.635617679814943770e+01 6.109498781728373018e+00 -4.868614222155563276e+00 -3.132384832643868577e-01 2.969781881044692096e+00 9.286151318023488699e+00 1.248460909831041832e+01 1.395859943408178161e+01 4.061837719191836449e+00 -9.223515984841647031e-01 2.620959605285008709e-01 2.163048881066360618e+00
1 1.322058614964724299e+01 -2.358122445357564700e+01 6.361990437141574972e+00 -3.480732868133174840e+00 2.468472167009953255e-01 4.581499600168304376e+00 1.137742100409975166e+01 8.942206183193709634e+00 1.709245934722544291e+01 6.963098508397322028e+00 5.604857348150008356e+00 -9.777483812713496647e-01 1.509185981403539323e+00
1 1.325295263426850667e+01 -2.747136621614719942e+01 3.204447597581665530e+00 -2.189069022685404153e+00 3.576752024785816442e+00 1.329138687503041982e+00 1.197509445556421603e+01 1.139568624898922344e+01 1.127304323357997617e+01 6.124684491915099116e+00 -6.127746478861724466e-02 -6.340973534875624651e+00 -8.227166527442872024e+00
1 1.313529131435613451e+01 -2.676514348359706474e+01 3.295267801121382512e+00 -6.670197352276505676e+00 3.278619247688263627e+00 4.871229810216049394e+00 1.391749204951211816e+01 1.150641493020904882e+01 1.412794547193613326e+01 -4.530121921604100876e+00 -3.091091585255567598e+00 1.166064155307473316e+00 -4.665503064035881664e+00
1 1.327606317365500033e+01 -2.550795708451750698e+01 6.612950529609523009e+00 -4.854954009677554971e+00 1.221629406620334590e+00 8.170522181744542811e-01 2.349665746178486003e+00 -5.139102070793013510e+00 3.445539244193741801e+00 -6.215467795818722330e+00 -4.626054662145169694e+00 1.057100187326137641e-01 -3.583146886483563165e+00
1 1.311286394232486963e+01 -2.232282093576417736e+01 7.717335169511282622e+00 2.321796700283380144e+00 3.217660342262938400e+00 4.416128526609182536e+00 9.671576756226535565e+00 7.924076890230636216e+00 1.511547607077880429e+01 3.856421408085592528e+00 9.817321077139917307e+00 8.326859896652090143e+00 1.228462661321318095e+00
1 1.317385264457889527e+01 -2.096473205233570525e+01 1.204730972242558629e+01 -1.991840961632854734e-01 5.311878631263081019e+00 1.060105274588716284e+01 1.215751576403870970e+01 8.289722246322952515e+00 1.216119647600373099e+01 1.119491500121740302e+01 8.410977941832909366e+00 7.118385260580691209e+00 1.201955552503628510e+01
1 1.322417153979630733e+01 -2.625795742097145435e+01 4.698031409767574829e+00 2.110328747620104028e+00 3.841168113158091924e+00 8.345513458715531740e+00 1.237303176743663791e+01 9.764311946657496577e+00 1.182979459065998640e+01 9.800195511342623789e+00 9.713391498287096582e+00 -8.837534302659443952e+00 -8.991832137361900124e+00
1 1.331488331660286129e+01 -2.568302092080971732e+01 7.733793779644730471e+00 5.297426467867876632e+00 8.431801072571541766e+00 1.187577126319632903e+01 9.775428155721352041e+00 3.176514863644445130e-01 1.016221893999539816e+01 -4.824506713893367049e+00 -3.896715730719009785e-01 -2.521785720383547535e-01 2.025916649931746250e+00
1 1.331811886048126681e+01 -2.545314417426855869e+01 6.901119428296897063e+00 3.532386100942472407e+00 1.257178215981867631e+01 1.687342853448404156e+01 1.035036790069698931e+01 6.231622710217694205e+00 6.434554856099917508e+00 -9.068396738955767367e-01 3.825481169500588141e+00 -4.446129757674710525e+00 -2.827554890048167291e+00
1 1.314984321100553899e+01 -2.657803237972450106e+01 4.163704038900323923e+00 -1.481164767314473218e+00 6.122356651736145849e+00 7.228889728184262786e+00 1.012770947060980120e+01 1.250866061550765629e+01 6.486854102786244525e+00 -5.209851346724863053e-01 -1.337844864234221332e+00 -3.276704910829181472e+00 8.196315711064366738e+00
1 1.315093356156128834e+01 -2.572460632493857702e+01 3.917541823294784287e+00 -7.414281081717799538e+00 -4.271278454145067904e+00 -1.857580286151597981e+00 4.841987033588995293e-01 -2.090833455614996339e+00 4.874259328229082477e+00 3.459810553943026168e+00 2.589544470099168549e+00 -7.782372429941143643e+00 2.107490011407027630e+00
1 1.309513704462752059e+01 -2.662972610419975084e+01 2.575312386157586619e-01 -7.293116349638649076e+00 3.460829916492687452e+00 1.184452329461208286e+01 7.933438379157626841e+00 8.780793190891687416e+00 6.655469967566413736e+00 1.823136862910293976e+00 2.744317517763982472e+00 8.378370410829522053e-01 3.104731204954587653e+00
1 1.316360126621956006e+01 -2.853316233718944872e+01 2.459218891498399007e+00 -2.152655212858688216e+00 1.663252328961598803e+00 6.253891024896525153e+00 6.397313846831666595e+00 -1.304151885934478061e-01 1.498132087452151673e+01 9.132942906059044574e+00 4.541671946841458585e+00 1.709833773615859087e+00 3.577984803900369659e+00
1 1.319641637169858228e+01 -3.007631312433469972e+01 -2.191356345373992820e+00 -1.114208511014273384e+01 -3.325083680377126427e+00 5.996271862431036936e+00 1.089541448086198194e+01 1.847192587304104450e+01 3.316585627402012193e+01 2.165299400069010716e+01 2.113006855310033671e+01 1.487439941668680987e+01 1.746289110063001360e+01
1 1.328411679346871388e+01 -2.423473072112244253e+01 7.263717553620894662e+00 -1.108613123989516946e+00 3.099438628256452333e+00 7.973341722165057988e+00 7.614499548240543092e+00 6.054214427424049916e+00 1.358891881913886479e+01 8.022569736631112391e+00 6.594272798980068906e+00 -4.812457113004596110e+00 -4.387996321634890506e+00
1 1.330348357151150829e+01 -2.457753211884991629e+01 1.033136237216429443e+01 1.485871049577971892e+00 6.293572545870206092e+00 9.338024507718474254e+00 5.902850622834773908e+00 1.966984951386593794e+00 5.033525695015550028e+00 8.710268917984212322e+00 1.084732118251880273e+01 -3.600421192285285343e+00 -3.450830572065079149e+00
1 1.311616539835522666e+01 -2.622396695613526774e+01 5.418275170854562894e+00 2.714365428157088922e-01 9.609966175860121140e+00 1.059501852443321823e+01 1.310688707303722822e+01 5.786245917009161133e+00 1.311065717456454838e+00 -7.410421816080664748e+00 -7.632196960501731908e+00 -4.902021152599786546e+00 7.756129942530791688e-01
1 1.318317471804102858e+01 -2.401024100622414181e+01 6.022283482254221276e+00 2.212275114525400710e+00 1.234252969072645811e+01 1.605357158083759117e+01 1.031900066674942273e+01 7.744299433299906887e+00 8.335328368977320324e+00 5.192921181836433142e+00 8.398541112348809179e+00 -3.564775209290451219e+00 -5.520010639686733001e+00
1 1.310866619314437642e+01 -2.811328312199463397e+01 5.278777736160782386e-01 -6.100306919731610655e+00 4.400141502155621609e+00 2.788777887726461291e+00 1.437288505232555025e+01 1.316880167747913433e+01 8.185434742316754608e+00 1.172745990980885063e-02 -2.229575313347324617e+00 -9.849475841019417643e+00 -2.343697433532963281e-01
1 1.314454100552857341e+01 -2.343382462041801162e+01 8.789575022584715569e+00 -1.773422169062536691e+00 6.518340136231898896e+00 9.241590514472354911e+00 1.796060778229419697e+01 1.371351901689354946e+01 8.489598047523298163e+00 6.589134763291340846e+00 2.526517498946066809e+00 6.644122551329896542e-02 6.123707893950130376e+00
1 1.310725961246948046e+01 -2.936154041273062987e+01 3.999654858350942366e+00 -4.442163247947361171e+00 -2.345589430320580149e-01 5.215435573094471255e-01 4.266050782080131221e+00 3.894190769101216532e+00 1.565551489963695531e+01 1.411918903309128481e+01 1.030574971464712775e+01 1.460052446737836007e+01 1.666543894365121758e+01
1 1.314532323962852445e+01 -3.046175327129288490e+01 3.903066412861755818e+00 4.356957711205009520e-01 1.089964994737863568e+00 -1.922765587546748201e+00 -9.570667561625879616e-01 -3.445328412535464846e+00 3.403252379847595321e+00 2.578725999155514703e+00 5.566182400426741061e+00 -6.174901561814595041e+00 4.211774112370481743e-02
1 1.304160032272507586e+01 -2.526585539212102205e+01 4.793587692712391046e+00 8.759142623825717511e-01 4.923389320167774308e+00 1.334170876336141554e+01 1.306110473703698105e+01 1.083935739947485644e+01 1.080267813255457376e+01 6.103345476890882360e+00 1.388793478577091678e+00 3.126288082797202758e-03 1.388081816397170876e+00
1 1.307263384087641711e+01 -3.030639894225469533e+01 -6.346872073578990747e-01 -7.825499876596634152e+00 -3.982115344830556847e+00 1.849092847210868973e+00 1.243134619604158964e+01 4.338632622435778963e+00 -4.386907953668739424e+00 -5.233820663403194295e+00 3.117769572677124845e+00 -1.543825394435304421e+00 -6.416507504923793626e+00
1 1.318552376278323024e+01 -2.553967763844801198e+01 4.623941060544962234e+00 -4.156114462277867183e+00 3.644990826238556192e+00 4.260316328126823038e+00 6.674431618672041822e+00 2.375591056140699209e+00 2.340617089448992494e-01 -4.413014386415866852e+00 -2.460074054322274772e+00 -3.218845088512262365e+00 -6.550432878224494715e+00
1 1.318181250292835216e+01 -2.656543431114278775e+01 6.306792579315292357e+00 2.304092490021737216e+00 1.064631551058661962e+01 1.506525908931080160e+01 1.330065626171228566e+01 1.208240784290317293e+01 9.832855648775680635e+00 3.117797788928192926e+00 3.393457959060329099e+00 -1.170980170743314730e+00 4.696914989731453716e+00
1 1.312645515071493207e+01 -2.452088488551621381e+01 8.892706324782444938e+00 -1.061878151013523119e+00 -1.491488890524832689e+00 1.984304655020268315e+00 9.928277638313936393e+00 7.398544441763532653e+00 1.334174137864886944e+01 5.898455971731871195e+00 -7.144819123956768214e-01 -2.224378707366092112e+00 3.428260893455229219e+00
1 1.302280162464067814e+01 -2.568055322945346219e+01 5.798941643128347145e+00 -9.888384815660716809e-01 5.261736504240256629e+00 6.558831292219989173e+00 1.028528537018334177e+01 1.325131891520327265e+01 1.943270096385443324e+01 6.362771058932136015e+00 5.280159067021079622e+00 8.723944070158717423e+00 6.712750722378051371e+00
1 1.316413474363736213e+01 -2.792807630521689788e+01 6.243100305246614745e+00 5.846975351609496663e+00 1.678952963587197900e+01 1.208260629561868527e+01 1.012099208481463464e+01 1.523824192683022938e+00 7.333305590165331012e+00 6.620744543720003428e+00 8.046686883077315500e+00 8.341181463556853970e+00 1.006721607745892655e+01
1 1.321046864354150863e+01 -2.704273053203320742e+01 7.298638728503523687e+00 4.421820828697210715e+00 1.057951859053341614e+01 5.551554113299574489e+00 1.157160733473931558e+01 9.373114638536643284e+00 1.347625435671017158e+01 4.578580566629351090e+00 1.845571963819434336e+00 1.304540729703896451e+00 4.725677417228181021e+00
1 1.324169781604897977e+01 -2.567755759574344410e+01 9.510930567496153287e+00 3.695135000922971535e+00 6.153626846254160121e+00 3.848673207983423161e+00 4.297205072263028391e+00 -1.283499189974385057e+00 3.748238154188862303e+00 -5.067051639148701936e-01 -4.279667616751361425e-01 -3.817456413035073215e+00 -3.816414686413804880e-01
1 1.311302426370653329e+01 -2.452899055901574599e+01 8.092226208204625237e+00 1.701982078928813424e-01 5.908883449107012353e+00 4.495946353422907826e+00 1.098509212541321567e+01 1.343981965390081790e+01 1.176771609074775427e+01 9.561183993105274226e+00 1.244598318095381195e+01 6.954818324632062954e+00 1.266984285336383920e+01
1 1.318678831220925929e+01 -2.744646491666736665e+01 3.866152857317274538e+00 -5.304497772831600955e+00 5.905982369123751186e-01 3.084385164256865597e+00 2.686154306347742882e+00 2.772651302717756838e+00 5.990380203504872547e+00 -3.065235675660535009e+00 4.627336852593602501e+00 -2.312200604652403513e+00 -5.443659219879918076e+00
1 1.311819938745784420e+01 -2.274909099307038574e+01 9.574026412127219388e+00 3.260496558499450526e+00 4.794376324107405551e+00 5.804408572379175624e+00 7.887285753479808648e+00 6.413027757854087518e+00 1.602033423548494184e+01 -4.731926794965186922e-02 4.308394703420032279e+00 2.216783201631407962e+00 -2.994533591638157133e-02
1 1.324252321771580121e+01 -2.962457801743932606e+01 7.158411332362838442e-01 -7.816564003969395102e+00 1.371424328708051865e+00 4.512755447339037218e+00 1.466829466385236280e+01 1.193358407020103051e+01 1.825703271507640224e+01 6.055661319743320448e+00 6.110455351849185313e+00 -2.870240207461836612e-01 2.483321316812911184e-01
1 1.319049477728129993e+01 -2.550349071129167200e+01 4.211279910314865482e+00 -3.622035885382524079e+00 5.062594979824157626e+00 1.838104715853889459e+00 3.396684627712160953e+00 1.537757673901215982e+00 6.799377840565538733e+00 -1.518194245248337237e+00 -7.540230996918928952e+00 -8.921140777675351075e+00 1.361897393653747346e-01
1 1.324367674307580067e+01 -2.638761511532004533e+01 6.049762931756085038e+00 -3.625915679167099892e+00 -6.069268683422339716e-01 -1.362580953565571962e+00 7.401179687456045819e+00 3.206275257731285855e+00 5.571213608968100139e+00 5.928024134919513521e+00 1.002229270424546748e+01 6.477425616535581909e+00 5.266254991999161916e+00
1 1.330767661245618250e+01 -2.527344915726635577e+01 7.532706553823533824e+00 9.147805853356580919e-01 3.917823637018274407e+00 6.379582990159904377e+00 1.057074257813539298e+01 1.006441950260729001e+01 1.287248885813483312e+01 6.120454900797763109e+00 8.598696017287593918e+00 4.719446132199591304e+00 1.001755972586788168e+01
1 1.319020099961642600e+01 -2.946304168909959742e+01 1.219059121376642851e+00 -1.031917649750137000e+00 4.371033343736219656e+00 9.920493403244650121e-01 9.237095486333831929e+00 6.007895089633088048e+00 9.879281467542744721e+00 4.991432228690410589e-01 3.090175613335622629e+00 3.085546296294728208e+00 4.604674449323587382e+00
1 1.329009257265942701e+01 -2.743926572159784527e+01 7.497440323098219395e+00 3.180326320287261588e+00 7.631600256032472274e+00 1.403313549967477947e+01 1.645063404836396259e+01 1.239122308400663108e+01 8.315490790484014738e+00 -4.011647241200676284e+00 7.672326219392525459e+00 9.378527125349087612e+00 1.073122804595937119e+01
1 1.324686892838582253e+01 -3.022555551758832237e+01 2.184439583048204625e+00 -1.765749075277857294e+00 1.279084848262097118e+00 1.862994651029089788e+00 1.044605161983644948e+01 6.644616933642651269e+00 6.775853157330249843e+00 -3.643994685493818331e+00 2.243779139842086767e+00 4.046216441947790621e+00 9.985016515303613005e+00
1 1.319247688472989211e+01 -3.037284225652334868e+01 -1.421087272989130235e-01 -7.120122327617155911e+00 -4.442413345573782202e+00 -6.706048041048028985e+00 -1.279075433486899227e-01 -1.418573635315762305e+00 2.682282113226083009e+00 -5.380572387720067518e+00 2.386167864806846506e+00 -3.077095913710019115e+00 -2.167461111319183509e+00
1 1.327640749036771517e+01 -2.788966766943731201e+01 8.129223932154760135e+00 2.284704914784348340e+00 7.270861736918918794e+00 1.233054772477356620e+00 3.331425845285600484e+00 5.750411269574444262e+00 1.054988900277694519e+01 -2.482898280894661802e+00 -7.523270493881448751e+00 -6.514005239623409160e+00 3.617654906005236537e+00
1 1.323472530641413591e+01 -2.605592129946107605e+01 9.239462888351969383e+00 -2.293624152741775113e+00 -1.493356838036195455e+00 2.738198126244435482e-01 3.544173110657208969e+00 6.745921264477144241e+00 4.064653417287876103e+00 -6.339730201761649475e+00 -6.883221269600207748e+00 -1.019371869511303963e+01 -8.321884875384922609e+00
1 1.311339848828080612e+01 -2.953731091288931054e+01 2.729353145597052333e+00 -2.267835899650700870e+00 6.738735373695170505e-01 4.956504567480213730e+00 6.425404099868975649e+00 8.805455007203697448e+00 1.203261362659346823e+01 7.936905063282699402e+00 9.952433982651440303e+00 -9.836011596321206696e+00 -1.627336961289836736e+01
1 1.310994073811175120e+01 -2.567199635186272744e+01 7.377215222530787209e+00 5.263505375614817794e+00 6.798515119317165123e+00 8.600250337545304546e+00 1.411709064177587791e+01 1.335743736094634571e+01 1.606377954074837788e+01 9.179586940029622610e+00 8.761414293546332388e+00 2.145012386129098836e+00 1.647029309124962593e+00
1 1.303776061824712684e+01 -2.518471636154430371e+01 1.228924633215568774e+00 -6.982514924972501369e+00 9.067113599304288396e-01 5.465247101696448340e+00 7.174122977026261339e+00 4.356330955756839707e+00 1.849347790282451598e+01 1.341109633675150903e+01 9.351380979032382967e+00 5.981551242494294485e+00 9.755051607762653676e-01
1 1.319114152401277273e+01 -2.042682307550152743e+01 8.501711052736629526e+00 1.252186444290824152e+00 4.848716113112671700e+00 2.613096532211632628e+00 1.438024890514518717e+01 1.224478033314407632e+01 1.229226624683321667e+01 8.376092774124840545e+00 1.578022240504679274e+01 6.357496609997211223e+00 -2.465264553362172428e+00
1 1.333298166739966284e+01 -2.754068935843621091e+01 1.921873696088736594e+00 -5.380048006636499736e+00 3.439619874321288240e+00 8.309030807361546422e+00 1.518492547595890763e+01 1.935863677678677064e+01 2.315074011051613212e+01 1.512674489549248236e+01 9.127723974901668313e+00 4.893210694548025153e+00 1.135038604178793875e+01
1 1.300950247363847900e+01 -2.119291412169243216e+01 9.810708428009418114e+00 4.124272165839232507e+00 8.715309916714049976e+00 5.571757736895817992e+00 4.846105484975799627e+00 -5.168669288704005882e-02 1.161737892659303384e+00 8.809795229634342917e-02 4.185900022812575338e-01 -8.969567552020189183e+00 -4.107938803103133196e+00
1 1.320145840064275156e+01 -2.903435151609378906e+01 3.848417677384966318e+00 1.399420205244956250e+00 8.941878493375142511e+00 8.345860556690549714e+00 8.376705773883296402e+00 5.594739746385184453e-01 4.679281337699315202e+00 -1.175754156253844052e+00 3.684986007770293615e+00 2.714385915736058141e+00 5.804726521404063533e+00
1 1.307826774407080883e+01 -2.633357811677163340e+01 3.873222514484143897e+00 5.942672440921623611e-01 7.230261280609130203e+00 1.003668751609179211e+01 1.046465179173528703e+01 6.803894298938837792e+00 1.456508481491368734e+01 4.346435028510478915e+00 5.984931140269546646e+00 1.527153687575783625e+00 2.573900763827677185e+00
1 1.314112052499350369e+01 -2.700031002249837186e+01 3.660455064036446160e+00 -2.965466434705134269e+00 3.673219388685445619e+00 4.792028673324959520e+00 1.233881208783273742e+01 1.140562865479257759e+01 1.281797653897589306e+01 7.073550039117680654e+00 1.163114815029584115e+01 1.216412681274213758e-01 -6.525264517565934952e+00
1 1.317624955603231740e+01 -2.751090919784627431e+01 4.423034870089039394e+00 -4.299408709358655933e+00 3.558769870146887726e+00 1.188490758969559380e+01 8.756789038132309244e+00 6.482534353653136572e-01 4.743867520836958285e+00 1.024336480138180905e+00 8.142277970151509336e+00 1.306919099243967430e+00 1.139906660218350742e+00
1 1.304836891273807531e+01 -2.792849022889245347e+01 1.484191229153354108e+00 -4.195805441518000833e+00 -1.792418095652429377e+00 5.966342733722740377e-01 7.881693778268200390e+00 7.345527077014781803e-01 7.050920866018217659e+00 2.597383984468722318e+00 4.545918736864876131e+00 -2.767450785538771552e+00 -2.071074218613352169e+00
1 1.319652522370681247e+01 -2.683999526479535547e+01 7.772095815810751596e+00 -4.360384504369867464e-01 7.053033715253467228e+00 1.100784874615515818e+01 8.226389841946868842e+00 -6.524849930819874189e+00 2.712726708272831466e+00 5.790895077361271071e+00 8.032374254486127185e+00 -2.720322442835371834e+00 -2.921702147773451053e+00
1 1.314168767937794513e+01 -2.951637808236705141e+01 4.794227118211424332e-01 -6.870933896219770354e+00 -1.507250227202977744e+00 1.584787674355246034e+00 4.450694533994912661e+00 5.354937047619742430e+00 1.587989492409500869e+01 4.276464797580891819e+00 1.214442189373777303e+01 1.369826543996136436e+01 1.654763589823235037e+01
1 1.820850902734272836e+01 -4.729102395562770056e+01 2.795587791776929176e+00 6.209242714544644492e+00 -2.258309591187638432e+01 2.487456761512954628e+01 -1.319295417099202394e+00 -1.598475933087416934e+01 1.540135585132482099e+01 1.966232135862777453e+00 8.864753714851785205e+00 9.842546165624263210e+00 1.068890851214673710e+01
1 1.488091438572201497e+01 -2.978242765864010977e+01 5.414269984212737086e+00 6.142996405204572685e-01 -1.436904532216873775e+01 1.244214958674655591e+01 -7.024978745543049019e-01 -1.025333442071740997e+01 6.891679704034993748e+00 -9.622476006269277349e+00 -1.210167263819009964e+00 9.492648192842739974e+00 -7.903977257358596020e+00
1 1.425639566245859768e+01 -3.269057208600015230e+01 5.167349703166407515e+00 -4.377586352233286071e+00 -9.733331426664692643e+00 1.669639513059346925e+01 4.854379646907776902e+00 -3.176355839033887296e+00 1.104109741841423542e+01 -5.729452757022298615e-01 -3.477189266254451461e+00 4.882140804915987786e+00 -1.280489712117904855e+00
1 1.386076284649429091e+01 -3.013129389821172310e+01 3.880861584057914371e+00 -3.798071588934038179e+00 -7.807248879086873927e+00 1.667736888310297516e+01 6.981355311067045655e+00 1.650978984610939504e+00 1.519729358071541903e+01 2.247774655404882527e+00 3.972297213974916641e+00 7.289001541128761197e+00 3.373074666746735950e+00
1 1.347075826005396415e+01 -2.963968845878719804e+01 2.036231564114997727e+00 -5.827851329135775416e+00 -7.457316879970765200e+00 7.886140416630138539e+00 1.725844847105346969e-01 -3.643204154226661995e+00 5.723414463721713474e+00 -4.708405708185646965e+00 1.889385011299942407e+00 -1.125915308901774603e+00 2.979699649294774044e+00
1 1.333910040973783673e+01 -3.202991773108424667e+01 5.911306883986682248e-01 -4.696540461309338887e+00 -3.759695927007414618e+00 1.073330326568024873e+01 1.474474525331623376e+01 4.436796007307955314e+00 1.821790105761883183e+01 4.193528794715652097e+00 -1.731478881177316964e+00 -3.807475973935304125e+00 -7.773962419606148533e-01
1 1.323517050301875564e+01 -2.827748423953890367e+01 6.686682238789694033e+00 2.240572812170848582e+00 6.650585076906491366e+00 1.596358970674853062e+01 2.149720559809666298e+01 1.397669475542691053e+01 2.238810663493862307e+01 4.639087848394116698e+00 -3.269676426501681554e+00 -7.629229712418075238e+00 -4.683503628772111682e+00
1 1.305044286296701017e+01 -2.985471302309539610e+01 -9.004397638197695342e-01 -2.679186390706564502e+00 4.912065890843094529e+00 6.324895305802429313e+00 1.159457586287333797e+01 5.558114907882514721e+00 6.735362249201212848e+00 -7.434466351818072916e+00 -8.237398008730879795e+00 -2.403644161117590716e+00 -3.896477442976996830e+00
1 1.319312441778620304e+01 -2.932663209731063958e+01 1.167715529993665013e+00 -5.112216278985795448e+00 2.553233524786501896e+00 2.708370633167438424e+00 1.715058810405150069e+01 1.778875028110620704e+01 2.104021730329092676e+01 1.363724513810679895e+01 1.063206272354915072e+01 5.084455469844152198e+00 2.281579763540316219e-01
1 1.320857319581437928e+01 -2.628792343558923505e+01 2.113116374369023109e+00 -5.260000444098439587e+00 5.512845464302688292e+00 6.429589266951883708e+00 1.317926369852174595e+01 1.215934173705507604e+01 1.947658638025642119e+01 8.972655315136920606e+00 4.021482579513997457e+00 3.301048377984659776e+00 8.755910108490711607e+00
