1 1.344473874223059262e+01 -2.488471547732131484e+01 7.349644816572372008e+00 -8.710047908260282412e+00 -4.219197790248858659e+00 -2.395772312620251032e+00 4.322115660562616313e+00 -3.131730049809275496e+00 -1.371675492508816374e+00 -4.498575318081679875e+00 -4.117079568290614944e+00 2.483084577852278763e+00 2.213387481963100534e+00
1 1.339663916541037025e+01 -2.766042755938361708e+01 -1.458212191105432876e+00 -1.198626413068222263e+01 -3.210229878343523247e+00 -2.239009283623140778e+00 8.650755372902256823e+00 6.307708830656816090e+00 7.433319753349971748e+00 1.778669938613004708e+00 5.931030238911031205e+00 -2.477330356387100974e+00 -1.738616021543094448e+01
1 1.325500693544216446e+01 -1.891709706957922776e+01 1.099789006125648072e+01 2.921234649413071871e+00 6.368361487377282693e+00 4.290408094606510403e+00 8.608610458761560835e+00 -2.555254554833914088e-02 1.086942660344696066e+01 9.588766603406210010e+00 7.415248541246773684e+00 3.352862605587307421e+00 9.917285015038901363e+00
1 1.320601249255758880e+01 -2.768538720958516919e+01 5.530277244871451892e+00 -4.419046398417130206e+00 -4.849437098813955127e-01 3.728853906541004015e+00 4.626706375540271310e+00 5.604211226873133889e+00 1.031942910395407864e+01 2.065225616357002636e+00 7.520330059953157509e+00 6.214298677747708055e+00 5.944701870244983866e+00
1 1.304510063181870905e+01 -2.366306671432102604e+01 7.098335284742079310e+00 -8.606702915210373561e-01 8.145039112267886239e+00 1.617150927142638039e+01 9.000166337281269691e+00 -2.854117114197560201e-01 4.810150590679437954e+00 1.147577103230681406e+00 1.414423471053217085e+00 -2.052650913815630140e+00 4.724785292787596624e+00
1 1.308527719893439745e+01 -2.768562408134665631e+01 1.361714363717404064e+00 -3.871927461479584553e-01 1.063960784148436112e+01 9.191794202889408183e+00 1.138991019842418773e+01 8.951230410699871243e+00 9.668179380161676661e+00 -3.736261735269649775e-01 1.491160247563948271e+00 1.066752380804989020e+00 8.418883824641929081e+00
1 1.310595869392010115e+01 -2.863602288290277187e+01 4.866805239933366667e-01 -6.438877999972664412e+00 6.847940232816993045e-02 3.655957118582757182e-01 5.149551495318006822e+00 5.519140307373825216e+00 8.577285545884633322e+00 8.423206050806838485e-01 8.592493520662921824e+00 -3.343366338223408896e+00 -7.535090370156307671e+00
1 1.315170261846276922e+01 -2.926314384400440005e+01 2.555079031814500024e-01 -6.387844037357420568e+00 1.160126017847923796e+00 4.269064421661460607e+00 1.156982883523479977e+01 1.197500112155299234e+01 1.030005653988623671e+01 -2.763572209549336023e+00 4.175868744360538898e+00 5.814636434659883335e+00 6.228114769793552163e+00
1 1.329559899690881508e+01 -2.259545583610299602e+01 9.093247386216066985e+00 1.234451868079736059e+00 6.702735502518079258e+00 4.870786302560199843e+00 1.433889999700940443e+01 1.057838902778187951e+01 1.008472284916313555e+01 -5.810491389892137315e-01 3.156909336211758621e+00 1.566682616658140237e+00 3.293545800452278627e+00
1 1.322432421726214535e+01 -2.315141815659825397e+01 1.045474660510080867e+01 1.236743104088665508e-02 3.451784290465680360e+00 2.349011710274830023e+00 1.306560082467519024e+01 9.414815257136551097e+00 7.121448128780892617e+00 -7.396201211224462391e+00 -3.949491037022262452e-02 -1.677747197098886645e+00 -1.713067798890094695e-01
1 1.331932871728083256e+01 -2.814571376441813655e+01 7.383905134580251328e+00 1.963256553136329741e+00 5.569704560289562068e+00 4.399935176385726621e+00 1.309869454047331949e+01 9.762797705655254177e+00 1.339589759312432982e+01 2.205605226269097052e+00 5.308508216772809263e+00 -1.609758941477241745e+00 -3.002737529519890369e+00
1 1.314276684184745214e+01 -2.592339019833735136e+01 4.986698868782080574e+00 -4.488855500724784342e+00 -6.294974551080577463e+00 -2.299702553811858952e+00 -4.495139388977605899e-01 -3.943192701268171785e+00 4.215832162402066707e+00 1.264544562980696840e+00 7.862518843474549657e-01 -2.150453376760530944e+00 3.959546962376256918e+00
1 1.315875450865180696e+01 -2.474127298628396687e+01 4.762916255936784360e+00 -5.480784029793678513e+00 2.326922436472868672e+00 4.883651008488802958e+00 7.385802466042343806e-01 -3.517407622731778816e-02 5.310924939453968818e+00 -4.311330786429647510e+00 6.286067037575159056e+00 2.151034766408855603e+00 4.888864420649187359e+00
1 1.338412852733276992e+01 -2.376359235625899657e+01 1.024909513943136119e+01 1.555977738973252533e+00 9.780980202046430705e+00 8.341176575835858031e+00 -1.208585772052508112e-01 8.928066287761200925e+00 1.064438516671641821e+01 -1.181457341002225325e+00 3.888388922330882291e+00 5.751073272684006810e+00 -1.089016989181332273e-01
1 1.324327373614261383e+01 -2.359514849954706150e+01 9.955445694131606515e+00 2.838155633032128033e+00 3.203885574518592794e+00 5.111456676157472012e-01 5.996262221759029565e+00 -1.392099311457728250e+00 1.275224420693138683e+00 -2.795302189981819119e+00 -1.780024259359124894e+00 -9.071693632094641746e-01 1.872149254031068466e+00
1 1.342351485107734277e+01 -2.344369849520907323e+01 5.105566439429014558e+00 8.478323951440586148e-01 1.014918958992048736e+01 2.950347856926981649e+00 2.114194917311957855e+00 -3.696203710708004575e+00 7.890631064155044783e+00 4.665308762391944697e+00 -2.417799291380815951e+00 6.619830753315380178e+00 1.016776038407553884e+01
1 1.320998936905232490e+01 -2.066695729006247362e+01 8.278195943697731707e+00 3.359811594580203398e+00 1.128670053610451873e+01 8.380296102391078250e+00 6.100767403207131068e+00 -8.684038023341805745e-01 8.622629823004702487e+00 9.597462369508939162e+00 8.027933123572132956e+00 8.570800075166284060e+00 1.028807402333707444e+01
1 1.322917578134696548e+01 -2.535620869774943031e+01 -1.619849020703571840e+00 -4.658485114119676140e+00 9.021070346878342860e+00 1.054428258946603592e+01 7.019489817054638259e+00 8.534496437220715492e+00 2.681666202157587975e+01 1.394417612725395728e+01 2.794342347803847382e+00 -5.377472801871041597e-01 6.824021819178604176e+00
1 1.322916704044982517e+01 -2.431355035486888738e+01 5.572683088003154595e+00 -1.851883070380430096e+00 8.334382347165316673e+00 4.105579093671090973e+00 3.054548972432294285e+00 -9.134413782123397496e+00 -2.060254374209676609e+00 -7.196883962391627421e+00 -9.468198087538910457e+00 -1.080196017439743628e+01 -3.388796320874046142e+00
1 1.321268823278574089e+01 -2.707191069551533147e+01 6.762757195920563014e+00 -5.717064387925911984e-01 9.466327213365433479e+00 1.032439498378177234e+01 2.213350143489035471e+00 -3.416178853011356820e-01 1.746369440649259985e+01 9.151696716714413427e+00 4.236602335129344254e+00 -4.529364545676394904e+00 3.632404300367999550e+00
1 1.317648115516259821e+01 -2.617637076209286917e+01 5.783421476765241209e+00 1.678311295081780230e+00 3.849674618652502822e+00 4.634065790144522801e+00 8.182350587367897887e+00 7.343754043713471846e-01 5.566629890038243822e+00 6.089854261068786023e+00 1.958975938020489416e+00 -1.244698240010130696e+01 -6.369417158517166833e+00
1 1.314952545993722488e+01 -2.377810808335479464e+01 8.349708081393959702e+00 2.905358405489202323e+00 2.221871508359139824e+00 7.012684925809092640e+00 1.538398087414832105e+01 1.217952719591909627e+01 1.065714791610968248e+01 -1.288840019186975105e+00 -2.610593776660464549e+00 -3.001094381650180498e+00 -1.274932616939986385e+00
1 1.313510571142359673e+01 -2.179297853730798806e+01 9.769390357508743961e+00 1.609310503001239567e+00 8.092379733480775883e+00 1.643622698378219837e+01 1.144043880851070050e+01 5.247222076895756260e+00 9.992933291733788082e+00 -2.617300766254585298e+00 -3.889121609009430269e+00 -2.221075165993174672e+00 4.042907352872933124e+00
1 1.326405957394430146e+01 -2.892080524347288417e+01 2.029783471827509178e+00 -7.432927315488694120e+00 -5.075550737423159653e+00 -2.860222128888922910e+00 -6.699511846884861344e-01 3.843072595587514684e+00 9.983429122119348520e+00 5.688885327190829067e+00 1.771332527928760214e+01 1.862427362050507895e+01 1.481634065993831939e+01
1 1.321585155520336308e+01 -2.279840376244336042e+01 6.557012066194278788e+00 2.548528969363825336e+00 1.666499525047905905e+01 1.321123290460005606e+01 6.478648387013649312e+00 1.047811000456420061e+00 6.496346500400310475e+00 8.915146394359950932e+00 4.229917941533512860e+00 3.282891058963159914e+00 1.097969716305283505e+01
1 1.313479597580425917e+01 -2.214939620328871683e+01 3.290624517280642980e+00 -2.450476821708967190e+00 8.247558646241499147e+00 5.240289613786711875e+00 2.524899595800752294e+00 8.059662776478733193e+00 1.922334016111961219e+01 1.053441919502711777e+01 6.485213926463092804e+00 4.206210773257398117e+00 1.163713320248365157e+01
1 1.321959412865511574e+01 -2.506026809934077804e+01 2.791779031279265411e+00 -3.903437578706487887e+00 2.158441668042808015e+00 2.488313496096201394e-01 -2.423897820154453875e+00 -3.389905981312373751e+00 7.327585848079654518e+00 4.504721021840758510e+00 1.920066418365902861e+00 -7.585333613385263796e+00 -9.343555335861402078e-01
1 1.326810804190231607e+01 -2.244635183126530009e+01 9.259535765682453956e+00 2.534876184404329269e+00 3.414568262656787923e+00 4.076268560588153456e+00 1.284762044479684384e+01 7.374370705195840259e+00 1.679689817399169982e+01 8.176492833290641471e+00 1.296761114633485201e+00 -1.074327955421838787e+00 6.987606957181886180e+00
1 1.341197199424462383e+01 -2.512925582697423721e+01 2.706579129817781482e+00 1.061301169838910097e+00 9.479666177044384412e+00 1.244193068046529937e+01 1.192569807096853651e+01 1.370572682175375423e+00 1.790280699830947597e+01 4.571923639032045905e+00 5.089754806393095521e+00 -5.440987826293253171e+00 1.695680608241902088e-01
1 1.337453273184814684e+01 -2.478256183398676882e+01 6.211922128308218660e+00 -2.097338812597465019e+00 1.767161754162119625e+00 1.557156270365709805e+00 -2.850298339307089091e+00 -5.619728950392524958e+00 7.555623151699575324e+00 7.034578790441734952e+00 1.555086612304056592e-01 5.718508766231212626e+00 8.426814240530990929e+00
1 1.325880001388321716e+01 -2.807249645211452105e+01 3.334560400301416649e+00 -3.752684996290042818e+00 -5.784326821946597974e+00 -7.414648225848148755e+00 -1.746593464144339336e+01 -1.329873721458094238e+01 -6.153386372027323858e+00 -1.457601509016990882e+01 -6.867962064765532837e+00 -5.057676367086262559e+00 -1.188414452311726421e+01
1 1.308376284873819806e+01 -2.454845163096439364e+01 7.035328488120196511e+00 -1.720959446527723591e+00 2.500393949192317500e+00 6.934410685914386363e+00 9.266773974778384826e+00 3.634071007805719677e+00 4.948091061903103771e+00 -4.726370897790308057e+00 5.724569092962269679e+00 1.149538766154476832e+01 1.185137664649280609e+01
1 1.301532226818453708e+01 -2.369423619715481166e+01 7.177367732350368179e+00 1.062837422401619270e+00 5.657355260000081820e+00 1.234776194385954895e+01 8.193454431427653617e+00 3.821128742594272154e+00 8.230679386180003831e+00 3.607682174620766569e-01 1.064017699581144250e+01 6.063725827783865263e+00 4.783651018905759500e+00
1 1.325417318562664803e+01 -2.396262379045642277e+01 5.466767229254013705e-01 -3.887830676516303541e+00 8.788264710019788595e+00 5.853707106958921713e+00 2.869174896865318569e+00 -3.543592395060755518e+00 1.302751120094134940e+01 1.806529053942123397e+01 9.969320405473890645e+00 7.865443716579853195e+00 1.097782232651069378e+01
1 1.318502466713517762e+01 -2.358312627113441451e+01 6.206850751409300315e+00 -3.301146638311218240e+00 6.090452641415067703e+00 6.595527471464517788e+00 3.261400958383398052e+00 1.503051387956951812e+00 1.290812851263087779e+01 6.391324732620594418e+00 1.001489175934339926e+01 5.156025030013646315e+00 1.995246877388601847e+00
1 1.302012015780926824e+01 -2.474589197772813165e+01 5.225001107950396850e+00 1.810623028609164908e+00 9.494011411374955856e+00 7.396790341789772683e+00 6.606349965607823727e+00 5.704393099714867965e+00 4.527770162419831657e+00 7.153266000126792257e+00 5.635995379824281670e+00 -5.175457571522243505e+00 -8.514885283883320000e+00
1 1.327670847813631028e+01 -2.459583898602119589e+01 7.559648541204948557e+00 3.270126042897527174e+00 6.860433361868278901e+00 1.275975787018396268e+01 1.582150634262208655e+01 9.862887445898440575e+00 1.125012744339893267e+01 2.441640404118705643e+00 1.774554287504370498e+00 -1.842167977524134637e+00 2.795461422381689820e-01
1 1.326307114610897742e+01 -2.442199403046594952e+01 9.250013538632646970e+00 2.161218309168766449e+00 4.634378415108291627e+00 1.053541865175930248e+01 1.267222958771244556e+01 4.032938984649398151e+00 7.923587009592922392e+00 2.351157003054460404e+00 5.716169278574609436e+00 2.424981319012120551e+00 8.845647322861090345e+00
1 1.314409548686588458e+01 -2.577363322024666559e+01 7.370361132272619464e+00 2.766912303846633225e+00 8.000833754513271501e+00 7.113059590015739175e+00 2.104416330676108782e+00 -2.838914330243240691e+00 4.883153589632081903e+00 -8.975596968383582341e-01 -2.870874807491186953e+00 -4.605469996932154864e+00 1.138743811501892050e-01
1 1.311344755989500932e+01 -2.654525125036149902e+01 4.748575178724395052e+00 -1.034795239071678141e+00 4.539858715516423615e+00 3.115081105099326120e+00 7.081247088225985920e+00 6.592981673984928292e+00 9.864776822850441107e+00 4.602080184339960023e-01 -8.974805477879494120e+00 -1.726776034423349815e+00 3.872547799064360419e+00
1 1.307319939974260414e+01 -2.298219228723166196e+01 7.196767545979872338e+00 -2.765123794350774489e-01 7.457037112095582287e+00 5.485154328780947885e+00 1.038397875082732646e+01 4.881447110155507474e+00 1.584762448467467699e+01 7.701128873999252278e+00 7.295334489075973927e+00 4.774002508621953744e+00 -5.252910555785359481e-01
1 1.314349583982684422e+01 -2.438042050460014920e+01 5.952270527618073181e+00 -8.007691473358162781e+00 -6.377467556257109038e+00 9.364588150903884189e-01 -7.131528030143133301e-02 1.573634995658392599e+00 1.121246297793959634e+01 2.118169146581130868e-01 4.447842505729688867e+00 8.323767256980895368e+00 1.040217531827906505e+01
1 1.319166181541977068e+01 -2.286466765939324475e+01 1.294920772807563125e+01 4.214211680766728918e+00 9.474630598651431868e+00 1.075820474397997017e+01 1.377261201916337185e+01 5.951254292346801478e+00 1.475369624178778061e+01 8.459061805210810192e+00 4.758921262006407638e+00 2.241514429516916262e+00 4.016684825894293098e+00
1 1.322764975822849465e+01 -2.606350589006658680e+01 5.828630200081704515e+00 4.731100003565452461e+00 6.392698815657481326e+00 3.506159988524075732e+00 1.259715178396252533e+01 7.969593300909077804e+00 8.940722126597654196e+00 -7.711465537399726788e-02 7.986918632486097458e+00 -4.210246803076047040e-01 5.416089661794221133e-01
1 1.330048604686571245e+01 -2.586547375203694799e+01 5.134586193385681341e+00 -1.233997613959756379e+00 3.041495292916270188e+00 4.165114299965025246e+00 9.780879324850966228e+00 4.267505691857262029e+00 1.077384845000378810e+01 9.968750460079778275e-01 -1.521081765351493198e+00 6.439133609976464001e+00 8.295910548913919769e+00
1 1.688027154522035644e+01 -3.729320862151708837e+01 1.088868827785799276e+01 1.609626264766826864e+01 -1.774816914755317754e+01 3.529682657745241414e+01 -6.934078658071088697e+00 9.372654269877353173e+00 1.748097332523763825e+01 -6.060341101212523007e+00 2.090561502544580108e+01 -2.514285481853108184e+00 4.450864128898134098e+00
1 1.613147427071494988e+01 -3.533340281305947173e+01 8.773537452919162760e+00 1.290812487693735378e+01 -2.584133361234666282e+01 3.410550765623293046e+01 -1.783074302941092037e+00 -2.269861291921432489e+00 2.116526197850170732e+01 -1.410172862946043537e+01 6.363258691502624131e+00 -1.689185044060367735e+00 -1.132054113508185011e+01
1 1.430427488722333429e+01 -3.053560060108054230e+01 8.203751747748791345e+00 1.746624902066262530e+00 -1.148977107498066630e+01 2.141930300031183521e+01 4.145160442840409409e+00 1.058049907975135362e+01 2.387888398424404102e+01 4.711177538224284311e-02 1.033990294719249547e+01 -7.666223290800195045e+00 3.533341178661314252e+00
1 1.392895886878274858e+01 -2.168660127179581210e+01 1.224529721881780375e+01 4.706451227168431117e+00 -5.829850996254668516e+00 1.564349916849978328e+01 -6.097178661345458162e-01 -9.364861326568965083e-01 1.411933924814288766e+01 -2.444804489025025340e+00 1.333209289269634290e+01 -7.373517553576723671e+00 2.532294268653081826e+00
1 1.382976639635859861e+01 -2.374269488284785368e+01 7.362799046262629155e+00 1.240974881270385310e+01 6.494014166212623174e+00 1.196190039190332399e+01 8.504173772017248112e+00 9.834836982564933550e+00 1.374228792220497830e+01 -2.754763518732593619e-01 1.392109267187277588e+01 -9.683253294880628914e+00 -9.164121363040694135e+00
1 1.335920237396715038e+01 -3.038989683966750377e+01 -9.379458312241659712e-01 -4.887621685305496122e+00 -7.250534871995475417e-01 2.758938076539285689e+00 1.868396862600394170e+00 3.699110234073987424e+00 1.265543439745185061e+01 1.386259024064713508e+01 2.143920984976274724e+01 1.662583957374179278e+01 1.655520232197647346e+01
1 1.343236913690448731e+01 -2.467156066473418718e+01 7.988408374576587256e+00 3.267738379418769767e+00 1.171910199148832987e+01 9.272035150891095867e+00 7.228339683630960799e+00 8.631950168380749133e+00 7.351819052464892756e+00 3.683562851953715800e+00 8.375012523552364030e+00 7.170689302958375144e+00 7.014131832521770527e+00
1 1.324604011659296710e+01 -2.518620124014318762e+01 5.981711763478577026e+00 1.404447615921360637e-01 3.083357656477997644e+00 1.078193484897492560e+01 1.420470192257107200e+01 1.224562230795929807e+01 2.040287123831988580e+01 4.533943050301741384e-01 1.693557220351430859e+00 1.228306024772414906e+00 -2.958559934242471545e+00
1 1.327438850379602719e+01 -2.667503214754770013e+01 4.073359384110801784e+00 -2.629657990883532026e+00 -1.848124242944266360e+00 2.215453975428985700e+00 1.036986024385872174e+00 5.317891039247905210e-03 3.651650480383614727e+00 1.069465588073884277e+01 3.656059099091010012e+00 1.380495066149972416e+00 8.099097493375646550e-01
1 1.322246812153319162e+01 -2.408734590276522880e+01 8.563312458983393327e+00 -4.360471545808798588e+00 7.884744158657367441e-01 3.322367052841507906e+00 1.328089350788253498e+01 8.791565910413661200e+00 1.062213390769124999e+01 6.071989826553511271e+00 2.940987682863323904e+00 9.146457061357317286e+00 -1.427447114715916676e+00
1 1.320610140485784711e+01 -2.582482536095952952e+01 8.163137712234265209e+00 -1.735932880025361225e-01 2.134299950672960300e+00 7.060403723934289388e+00 1.130372341396983416e+01 1.497094937285531202e+01 1.531945162245630954e+01 8.102469873077449591e+00 1.421009305232717068e+01 9.161020463277846915e+00 7.759004203368141672e-01
1 1.308782268320133646e+01 -2.632648918452646924e+01 4.389970063206405371e+00 -2.845754853345510149e+00 -3.386530610042353118e-01 1.947196137551252537e+00 6.202437063343159807e+00 4.654077021242387091e-01 3.323299776278886286e-01 -6.961050012378484197e+00 -1.033916661780166280e+01 -1.458835267464509755e+01 -9.446609645506478969e+00
1 1.316077583231958492e+01 -2.331372652660834177e+01 1.026925711485497850e+01 4.557284606080736822e+00 1.131413106856847683e+01 1.339360401581710214e+01 1.063309091878660517e+01 4.515597218736605356e+00 9.806475509115546885e+00 6.680601653958419206e+00 1.164603328238229096e+01 2.717988837994555595e+00 2.590424780694878137e+00
1 1.306823031551554415e+01 -2.749249315255025294e+01 5.357216768070043322e+00 7.493498725517769188e+00 1.709084915063269960e+01 2.052375737618341844e+01 2.058474414391530871e+01 1.001283136841162680e+01 1.139310770910763182e+01 2.863571505660387206e+00 9.763854647993576164e-01 -9.272007060935106182e+00 -4.854191345168660021e+00
1 1.314202497290128946e+01 -2.466569386125166830e+01 9.059809869839497765e+00 4.682943201889357421e-01 3.533715514765197074e+00 3.374999008024349934e+00 5.639595456845231780e+00 1.105934461190392515e+00 6.170098795065196207e+00 -6.894325631302547386e+00 -8.541125666081240908e+00 -8.146195405062705674e+00 3.050132959172911495e-01
1 1.308558379489868173e+01 -2.600527807551954496e+01 6.806541688042505811e+00 -1.519979256256790867e+00 2.203344460341605249e+00 8.032469861741262207e+00 1.274847979621149285e+01 9.372646953029471817e+00 1.094996748061900504e+01 4.476932168401174472e+00 1.573975104652419077e+00 1.823261967985355447e+00 3.672523024974565953e+00
1 1.310368517881058459e+01 -2.706215737344568595e+01 3.029871562416863284e+00 1.641054851475540088e+00 1.314751853967845552e+00 5.313972791616305535e+00 1.700225128559268128e+01 1.321774327632230239e+01 1.293942840603129696e+01 1.526958167720839477e+00 6.108902166634551989e+00 2.348436978850251933e+00 -1.793391403885490065e-01
1 1.311334053575870229e+01 -2.993418222874134216e+01 -4.840684151503852339e-01 -4.915241139638425238e+00 -1.031644950902796287e+00 3.451761713509073459e+00 4.151538085611901963e+00 -3.249316232468193011e+00 1.101486540663605673e+01 3.938759568730708427e+00 5.082441388466157228e+00 -1.084273480216180641e+00 9.732058607969142905e-01
1 1.323331377839812895e+01 -2.547599685182583684e+01 4.948671874583546959e+00 1.977545888729156820e+00 9.765508018665398637e+00 4.752425992127965237e+00 7.062857674201787894e+00 9.018067601972961089e-01 6.138551303275783688e+00 1.035680171207208211e+01 5.505181726611963811e+00 2.520369611816527744e+00 8.593951420707991673e+00
1 1.330267960196320942e+01 -2.184138803725338107e+01 1.400922933091173661e+01 5.232255411254270960e+00 8.222354753570721542e+00 5.517148398526898312e+00 1.368251944033976208e+01 1.083583727626605864e+01 1.311123771288465889e+01 7.468530780992329809e+00 3.749462987442039985e+00 8.691094024253951389e+00 4.180946582813869661e+00
1 1.316243005201981120e+01 -2.619401523039877588e+01 5.960343820783436719e+00 -1.149390958024119058e+00 5.746135283935820404e+00 7.275553886260743397e+00 1.141738433677529763e+01 5.672572415291317505e+00 7.711537068234716408e+00 -2.497566937310559787e+00 -8.473060973171444132e+00 -5.693858578304254792e+00 -1.102108587738482415e+00
1 1.324127326715438180e+01 -2.705529584561173806e+01 1.405661574286197091e+00 -9.546537362090841583e+00 -3.660645280244855915e+00 -2.456436723451381976e+00 -1.402573772467082591e+00 1.940169278403501840e+00 1.210445156532888333e+01 -1.591618215905021838e-01 9.069394609846927580e+00 1.065969719474858124e+01 1.631621277576107687e+01
1 1.325038174359086263e+01 -2.354735449047977980e+01 7.302031446277886140e+00 5.082948517545320399e+00 3.591708081060729807e+00 -3.104508139246894838e-01 -8.944309846544187259e-01 4.128851037931011270e+00 8.893902024158139241e+00 -8.946819292787996147e+00 2.180953941372589799e+00 3.101549983191692839e+00 -4.164373351375865617e+00
1 1.346507120763435417e+01 -2.923547180677408619e+01 1.208619983363276307e-01 4.907456155329496639e+00 7.581255405300966643e+00 1.260350238969458836e+01 1.049497241986867735e+01 1.634565281028357830e+01 2.344235004201135197e+01 1.995934284842264717e+01 1.621317212060926138e+01 1.070507160518658907e+01 1.636159124858223990e+01
1 1.356019610507153850e+01 -2.751022080622122701e+01 -1.568189586751108644e+00 2.638099518566527024e+00 9.140807635649244034e+00 1.221911705306056639e+01 1.068271019492518548e+01 1.523847985452589704e+01 2.350200058526682412e+01 1.530171310915517857e+01 1.945308747407056416e+01 2.553236186897503757e+00 1.216735949857945309e+00
1 1.361519442438040350e+01 -2.530255824295436895e+01 2.406610073192276822e+00 5.148102491120555513e+00 -7.558633145066426251e-02 7.945319592499182626e+00 4.650861905696333842e+00 2.916153766362508670e-01 1.027769363696051741e+01 1.415699037105510927e+00 6.063014259553684226e+00 -1.479178661891970448e+00 5.035024693911385185e+00
1 1.373435386977167916e+01 -2.997926251395504238e+01 -3.055174025647025005e+00 1.999129959018580704e+00 -9.288304112545512359e-01 1.189058363445057864e+01 1.040586640619308767e+01 3.645407005731072125e+00 1.215269334989812222e+01 8.394161395300244521e+00 7.390450106463929636e+00 -1.705621178783431802e+01 -4.630577599950177259e+00
1 1.350570809045706433e+01 -2.518218050512837891e+01 2.701781459377047501e+00 1.115100745895637857e+01 9.343190737047544658e+00 1.582252573996523859e+00 2.927627593076879364e+00 2.309817491513653565e+00 1.285837833170359090e+01 1.306405663083674895e+01 8.073663617129714254e+00 -1.394270536274904604e+00 6.542577448969391120e-03
1 1.341198424131656886e+01 -2.486778595779731660e+01 5.068970361357873600e+00 4.692225426793019238e+00 2.932593485262752431e+00 3.965337555163956917e+00 1.388814698909702106e+00 6.377155898791449395e+00 1.035851976609824732e+01 9.149688356501664011e-01 8.088350183715101949e+00 -4.598605462514445463e+00 1.542438737114538050e+00
1 1.331969917685987248e+01 -2.488975124781631010e+01 7.321001286595361091e-01 8.836095052198825739e-01 6.725784565685601457e+00 1.825724841387006636e+00 2.438325475256860386e+00 4.051933143869644205e+00 1.670465917956196833e+01 6.326634931675937601e+00 1.173056890557105980e+01 8.639639556444260293e+00 1.257003625509929101e+01
1 1.338148305261709403e+01 -2.585411165780442744e+01 9.520527932454386777e-01 6.367433956483166568e+00 9.974511641030648690e+00 2.702537978335793678e+00 7.591850718725113190e+00 2.917194917528153297e+00 1.251982769434594367e+01 8.129430285005970092e+00 1.533897354104102995e+01 4.189238072116488354e+00 1.257412818544096744e+01
1 1.336163065603209255e+01 -2.757548610979483783e+01 1.709840105694334866e+00 2.473418382649155589e+00 5.068496906567022009e+00 8.137248328761788940e+00 9.523547223974063058e+00 5.775935341351146945e+00 1.502175891408958996e+01 1.489237425277726246e+01 1.917322453809996929e+01 1.303350787843918823e+01 2.074581637832281444e+01
1 1.329285384995133334e+01 -2.371671702046899455e+01 8.007832921346080823e+00 1.029061120982048294e+01 1.098049456371526311e+01 4.834069477915553747e+00 4.207093170987139530e+00 -2.932869616047363959e+00 7.335785012417584738e+00 2.409578981625555727e+00 -7.136521705986935415e-02 3.557940066757910635e+00 3.091209884742693870e+00
1 1.329929645662114268e+01 -2.795613465660557040e+01 -5.007884826115275301e-01 -3.029455396324829852e+00 -5.532142000025948303e-02 -2.245389482157794880e+00 -6.876871972357451845e+00 -5.923070564974122654e+00 9.876814619648110138e+00 7.907185295385465995e-01 5.692575397759763511e+00 1.551147487666418995e-02 2.921221877777335330e+00
1 1.319804008841304643e+01 -2.698680113534834391e+01 -3.611773172329210690e-01 -5.564866890655297382e+00 1.762523164050451285e+00 -3.031986312237648362e-01 -3.161137250691786527e+00 3.669249868324163888e+00 1.059870797256467334e+01 6.107865776135720459e+00 3.540477906478018966e+00 6.842112515971230380e+00 1.180448775189166710e+01
1 1.330335499530122334e+01 -2.531563829924395748e+01 4.079794842521502929e+00 -3.236316006426400271e+00 7.538786637214398567e-01 -1.490437867581937637e+00 -1.148948171857187894e+00 6.172466838177813386e+00 9.922682286948541375e+00 5.113426546721267840e+00 6.995135058191026545e+00 6.792628051907414033e+00 8.937344169633668400e+00
1 1.328626392571275261e+01 -2.652525733591908264e+01 4.135403605427439011e+00 -5.990256991867155101e+00 7.827043742999137521e+00 1.252058117530199155e+01 1.317009475172008592e+01 1.461920329378838446e+01 1.195964689553303018e+01 7.093990071493772476e+00 5.334286772187815551e+00 -7.596212767718114378e+00 -1.330328272527532718e+00
1 1.324457121028313189e+01 -2.627643301932237563e+01 1.913026219787172577e+00 -3.976028263282887831e+00 4.279904019709147356e+00 1.263883618014246224e+01 1.463094594276733496e+01 5.592516319318103335e+00 9.354120615755050494e+00 -1.775885659960502849e+00 -8.882136652026625612e+00 -1.183541381870403342e+01 -4.752297313731777884e+00
1 1.425105575896484389e+01 -1.798092175365296086e+01 -1.307293022644031133e+01 -2.493814130920157357e+00 1.139082386872709840e+01 6.366982212047961553e+00 -1.906272364524523510e+01 -1.775094904282212127e+01 1.164915411152603575e+01 -5.569048650240145726e+00 9.569574217479551947e+00 -2.734463424180776148e+00 -1.940731194652700609e+01
1 1.783687920749382982e+01 -2.355347170613081431e+01 -3.199945304543262736e+01 1.520216960728342670e+01 1.246240205372346033e+01 5.685371738781000772e+00 -1.348825678105117198e+01 -5.115168300247807665e+00 1.153736025851025104e+01 -4.700877776232787575e+00 4.148059816847636228e+01 2.286918614205027112e+01 -1.123113643281356211e+01
1 1.852648399462894702e+01 -2.944491845022105814e+00 -2.848063772305838981e+01 -4.355735249453486446e+00 7.116555146156430922e+00 1.718912043961476854e+01 -2.640029886270898274e+01 -2.527095409300113360e+01 -6.546165705263415013e+00 -1.210664491628339690e+01 2.363635948858429714e+01 2.034250214476789331e+00 -1.593772496535576622e+01
1 1.998067932574305772e+01 4.252235566173524717e+00 -3.722712546488614294e+01 -1.306845770010465380e+01 1.833968076151311166e+01 2.599194363674774877e+01 -2.426745459886310030e+01 -3.372178390874414333e+01 6.481214395875186440e+00 -1.459498522461331405e+01 2.272315300760401513e+01 2.691016279916239284e+01 -2.350839571454053922e-01
1 2.048571076608795494e+01 3.184788683860961367e+00 -4.116693976327735527e+01 -1.650243097214759302e+01 5.853257882166609249e+00 1.639726197513157402e+01 -3.467806932099384198e+01 -3.692190712691169807e+01 -9.647696476775829311e+00 -2.871541129521639846e+01 1.881260487437161455e+00 -5.628143339806631396e+00 -1.709069909850217783e+01
1 2.068020214678271174e+01 4.525148009984675035e+00 -3.477646759559495138e+01 -8.507135828040196301e+00 2.224252467999905392e+01 2.752031176359393072e+01 -1.692205203294867033e+01 -3.072742527478881414e+01 -8.160838299396393936e+00 -5.941091361486140698e+00 1.215467816438220261e+01 5.011273563842571832e+00 2.251241777387442689e+00
1 2.043624203037492038e+01 3.803760454914876021e+00 -3.329300947565495505e+01 -4.673803513379382935e+00 1.631581216103111487e+01 3.780853803055362050e+01 -2.153689356878102501e+01 -3.707457882004916883e+01 7.498129361745823340e-01 -1.732238647550837030e+01 1.404504430911352841e+01 1.430176595130673300e+00 -1.274942618076890000e+01
1 2.069566355531208046e+01 1.926779312774272723e+00 -3.929692644516526912e+01 -4.568144068273123359e+00 2.014840524694047019e+01 3.823688723747805795e+01 -1.267441462301033717e+01 -3.042722766918669564e+01 -5.631342262591272352e-01 -1.519865253237395386e+01 9.375460150019176098e+00 3.814548383802222054e-01 -1.805616753668473606e+01
1 2.012455257328306502e+01 8.804864805309069453e+00 -3.065771873566686523e+01 -1.033234315919846935e+01 1.599554832224192324e+01 3.163236835663355961e+01 -1.486140234280214578e+01 -2.756120340622024756e+01 4.584951162956354409e-01 -2.016592005581122038e+01 2.970563805339644592e+00 2.926867162296401759e+00 -1.427550243138504626e+01
1 2.049742337416902060e+01 8.613273233758008018e+00 -3.142703295260739438e+01 -5.648620246662584776e+00 2.700689112866380270e+01 3.277494768906703371e+01 -2.377848057213220301e+01 -3.751442765218162378e+01 2.158120050140182933e+00 -4.489717286862319412e+00 1.131539457696969819e+01 1.784777759238024064e+00 -9.311956669251173935e+00
1 1.986495882676886993e+01 8.904185488643824087e+00 -2.481494071763456688e+01 -1.085964289461604793e+01 2.203636205950036953e+01 2.859561393533033424e+01 -2.771971162508797448e+01 -3.282028273709196498e+01 5.198202996003067788e+00 -3.559780680880621606e+00 1.409351419421703433e+01 1.651747953828390791e+01 1.339009969087959551e+00
1 1.990633450977690089e+01 7.760662072828702129e+00 -2.560861419620490764e+01 -3.308023215595425004e+00 1.946229562145379433e+01 2.223829005496255817e+01 -3.082396695877407566e+01 -3.102294436884164952e+01 1.441513208847631766e+01 -8.656304587864672939e+00 1.161080209123974605e+01 5.795683021641854893e+00 -2.588388624356372958e+01
1 1.969247107931946772e+01 5.461370232175690731e+00 -2.609686553827383193e+01 3.452724013218361421e+00 2.600005068384533402e+01 2.920214699903863576e+01 -3.480935479382493014e+01 -4.538736062634275470e+01 3.409364563702528272e+00 -1.849263954616760586e+01 3.968181161328054429e+00 8.306119144289892731e+00 -1.635918497719571363e+01
1 1.884699076992165345e+01 5.160369630240816186e+00 -2.281558408944101402e+01 6.257108803037247036e+00 2.421078110684202400e+01 2.189333066349171730e+01 -3.853351559080188338e+01 -4.614394538209268859e+01 1.384314632246178078e+01 -2.290904915232600203e+01 4.666339707308767792e+00 9.038032496488099810e+00 -2.541281295224939996e+01
1 1.836572231405574129e+01 1.895096613479675840e+00 -2.320144148308914467e+01 5.034076482240736894e+00 2.584141293101107451e+01 2.203066319123247752e+01 -2.960160766031611246e+01 -3.970743277367498791e+01 7.185291098833576307e+00 -1.857739035071037748e+01 6.600132795592215551e+00 9.233259209604698370e+00 -3.514865697383955023e+01
1 1.816249761002970686e+01 -3.754429396492712900e+00 -2.549498032511940337e+01 4.483001247836927661e+00 2.727356374600019961e+01 2.070396850806073274e+01 -1.046293682056263563e+01 -1.965305137607546726e+01 1.196192949599277533e+01 -4.742749790062668502e+00 -1.000394733754584031e+01 2.977487070572642391e+00 -8.374814614824698467e+00
1 1.874891391613775582e+01 -1.634069492471642349e+00 -2.940385609243617893e+01 4.386772306315112502e+00 3.132075448525374739e+01 2.049007445633115410e+01 -3.982501189073952474e+01 -3.516923715314427312e+01 1.603893867683134289e+01 -1.703180068084598986e+01 -5.528854570482928388e+00 -3.599651831950860803e+00 -2.296290179988675462e+01
1 1.848939141884274662e+01 -5.508740601646385793e-01 -2.729462587935353568e+01 4.581930175885425172e+00 3.714851855756333521e+01 2.504152844490496932e+01 -3.260035028893870646e+01 -3.301073298021251645e+01 1.583609214530361342e+01 -2.023789356233110581e+01 5.853530068411108012e+00 8.532428888737610961e-01 -3.213241874166737944e+01
1 1.785302385370269462e+01 -1.748239607473732971e+00 -2.458479101522724619e+01 -2.079231535409076681e+00 2.588066084430586500e+01 1.906770072497776880e+01 -2.146406348339056791e+01 -2.235112741576142881e+01 -1.907015280810873792e+00 -1.168490897117288263e+01 1.272650068678924029e+01 -3.408902493122964450e-01 -8.640075128045417330e+00
1 1.754916242280231131e+01 -2.472795141519778195e+00 -2.568053044873037294e+01 -7.492932222198581016e+00 2.356337474451093428e+01 1.959975420092549570e+01 -1.690521755269099557e+01 -3.304384285738277782e+01 -6.223701411602585942e+00 -1.396990160858281804e+01 -4.851371425461549869e+00 -1.181895733892605449e+01 -1.860989549729391968e+01
1 1.737412847901925517e+01 -2.240507646808343800e+00 -2.237511328363016361e+01 -2.431440943573881519e+00 3.444071107329219217e+01 2.072717190287841049e+01 -2.863046721461978095e+01 -2.486504416386487293e+01 -2.146051399399122150e+00 -7.434590272316495607e+00 1.590712865144759292e+01 -1.111871783338252762e+01 -1.895690574508230597e+01
1 1.671379385795876615e+01 -6.864596574185227951e+00 -2.123772522767596271e+01 6.325336245923305345e-01 2.096289713749684225e+01 2.179357850015903963e+01 -2.179442145095438477e+01 -1.524540131671199994e+01 -1.445132289780930668e+00 -2.012131635323614987e+01 1.917442841137932774e+01 -1.818067646379469693e+01 -2.388826263626224389e+01
1 1.564645445952536562e+01 -6.731892664547024729e+00 -1.385475651997788127e+01 8.304805222769930939e-01 2.497235210065855426e+01 1.679210747294314743e+01 -1.616450644112200408e+01 -1.740563436084946503e+01 -4.676907499763479414e+00 -8.516113078297277150e-01 2.063580506961576333e+01 -1.495964664738348660e+01 -1.547979707504641844e+01
1 1.543810372472341541e+01 -1.083010923678504511e+01 -1.165219202990003566e+01 5.498836483100584260e+00 3.152682237257176823e+01 2.410793710218815278e+01 -1.500157799870809150e+01 -3.223011921490995491e+01 -1.025970462041250109e+01 1.087719106192181329e+01 2.451758199404465088e+01 -9.896445348296133204e+00 -1.259446712657815759e+01
1 1.464200011819109370e+01 -1.326592169398308663e+01 -1.399105871779273791e+01 -9.719120646976175948e+00 2.061027194528465145e+01 1.758331145321598754e+01 -2.071862272718617248e+01 -2.958985838449329364e+01 -1.192251879594735620e+01 -2.788171527472201205e+00 8.740403001227804225e+00 -1.285701661400824847e+01 -2.008232867706829339e+01
1 1.388386099584551303e+01 -1.250329769800699609e+01 -5.450718682435508278e+00 -9.601819154601800577e+00 1.150102451821851446e+01 9.320401286702942656e+00 -1.795246856011639736e+01 -2.149915525437804931e+01 2.064374200714149676e+00 1.065910739809539542e+01 1.393655745304177351e+01 -1.728158517969269070e+01 -1.842102375411857196e+01
1 1.365802386843736471e+01 -1.371624825099270595e+01 -4.054117030809156197e-01 -7.121397394849934059e+00 1.234617566533704291e+01 1.516120080767328382e+01 -8.426871058796729486e+00 -2.254926166956082412e+01 -4.120690134825448325e+00 6.691765501458390553e+00 3.867883788903510922e+00 -7.275172534067696262e+00 -1.467614521306645514e+01
1 1.348719896909094729e+01 -1.701971931430198381e+01 1.176334400819564419e+00 -8.155087217749375839e+00 1.910435875070154665e+01 1.904557668278110327e+01 -4.797707876849385045e+00 -1.301523608452284186e+01 9.821820873868318813e+00 1.666095930263123037e+01 1.893874261702145034e+01 6.282456007249317409e+00 -6.078149667342771956e+00
1 1.351606336348394954e+01 -2.026987031316848231e+01 -3.162168240891070625e-01 -5.456820654234651791e+00 1.502379993958214932e+01 1.858689376596159804e+01 2.126422407155243999e+00 -6.443396076099952019e+00 4.874960055701552442e+00 4.029059329389449218e+00 4.950870446295565053e+00 -1.502938756750522487e+01 -1.404861366453078730e+01
1 1.332406435324309868e+01 -1.963145821566625315e+01 9.889729567719085512e-02 -2.909508886472959688e+00 1.194283683043857103e+01 1.356715314175736609e+01 1.905392563048562193e+00 -1.265018464196725922e+01 -3.492249501792009880e+00 6.652628932618634749e+00 1.280397892368515755e+01 -2.913901543573900632e+00 -7.176436954194307383e+00
1 1.344082760060929793e+01 -2.068122937100715575e+01 1.231851277001206224e+00 -3.638196608794547426e+00 9.243217628240341099e+00 1.750038854504403929e+01 6.977504330955283329e+00 -1.108759952406779270e+01 1.206081440839539454e+01 6.408631459526434426e+00 1.074445395560183059e+01 1.636797663806614622e+00 -2.245541099013373287e+00
1 1.331686963211572028e+01 -2.082190383692526936e+01 8.419288334220633274e+00 -2.875284028474286213e+00 1.027549821019955090e+01 1.575589882097751371e+01 6.952653309363984846e+00 -6.873774966903905437e+00 5.253540017319229705e+00 8.011689602407651378e+00 5.775608307940712116e+00 2.723339697495926082e+00 -2.658464240958319902e+00
1 1.318001124829358162e+01 -2.300207915749638587e+01 3.595756584689748347e+00 9.611364328521593281e-01 1.808142843426021074e+01 2.077697372247254393e+01 2.610682814149948783e+01 1.097411526323221587e+01 6.219626532243726302e+00 7.062265421517857966e+00 6.558086730992358504e+00 5.760430528409218098e+00 5.878248229608844966e+00
1 1.324777607379632904e+01 -1.995739095052319101e+01 8.825885526756282573e+00 2.665806103821539264e+00 1.301987674680864870e+01 1.795755430933794372e+01 1.492119779310490735e+01 -5.952531144908412841e-01 5.216769385828088801e+00 4.315774414659655278e+00 -2.230761730284822608e+00 -1.051864581597250137e+01 -9.978137351752677020e+00
1 1.325819057032624038e+01 -1.990269847532388425e+01 8.035797180245387139e+00 -2.689679717628456146e+00 4.143888173528794461e+00 6.751672486850310406e+00 1.184294364542601397e+00 -5.280324274795733963e+00 3.702210919397615818e+00 1.982255660231155847e+00 8.559615670568163637e+00 2.574232747946696875e+00 -3.019758363003096857e+00
1 1.323409341663052174e+01 -2.238155940207465733e+01 9.751334196830789836e+00 2.912516490551321890e+00 2.043012319789026865e+00 3.822608500132730125e+00 6.255183929369437124e+00 7.163397123849924775e+00 9.234073844219009786e+00 3.218238671329835654e+00 1.183609113677439417e+01 -3.221088514416216020e-01 2.279982820602170612e+00
1 1.330114295211944686e+01 -2.554496804924290032e+01 1.946944999404341070e+00 -1.792067973876801945e+00 2.768950608270787317e+00 1.075843996483516918e+01 5.820593628044303358e+00 9.524857837859448395e+00 1.850914700577849814e+01 -3.446202453087515161e-01 1.609954549227778697e+00 -1.397869192949488859e+00 -2.287581082601225724e+00
1 1.326391183058964529e+01 -2.414999136369105770e+01 5.430589390299385144e+00 1.487207027366520551e+00 4.270836019190666022e+00 1.272683001215898457e+01 1.467787736959383160e+01 -3.623111763532139484e+00 -2.639359840119742007e+00 -2.887933651739378771e+00 7.298152511869337999e+00 9.150140474788749145e+00 1.503892326044409877e+01
1 1.316978560308406720e+01 -2.608846628490243091e+01 4.441039396862301203e+00 6.153499499443190857e+00 7.082361268604075555e+00 4.036973937023526027e+00 9.294797699218937836e+00 8.530577475902223483e+00 1.946988216008737638e+01 5.986671779110157132e+00 -2.618537705663090964e+00 -3.796609742496785067e+00 1.209886731333324139e+00
1 1.320684793557394343e+01 -2.482220114197430405e+01 3.458829555152124424e+00 -4.404881058397028953e-02 1.753985052389559041e+00 6.454338730509506128e+00 7.642977015219091896e+00 1.097829734600314922e+01 1.157158519562432630e+01 -3.655331296588309353e+00 -6.369549720466181952e+00 -3.189054464741567951e+00 1.775772530761486445e+00
1 1.333014242257691073e+01 -2.679836800657861673e+01 1.676636634307302698e+00 -6.547308305641626802e+00 -2.396562319788407613e+00 5.688713732529246947e+00 9.003807059098200227e+00 2.156411135626543185e+00 4.268599810549035922e+00 -2.493927346015183844e+00 -1.771804471592317132e+00 -3.910777939524707758e+00 -3.422458078788182867e+00
1 1.324372636419761129e+01 -2.368676422547166283e+01 7.111287570762848453e+00 5.129610179629417566e+00 9.564084530038410747e+00 7.945248092294934672e+00 7.298500126567497581e+00 -4.289227137830653014e+00 4.140000793960070702e+00 -1.534584566628399704e+00 4.735950895539432715e+00 8.704960347878628824e+00 5.528640867937982151e+00
1 1.316017532757577513e+01 -2.160007269170427691e+01 9.728102371793827530e+00 4.545742793461813314e+00 8.439378615438244413e-01 7.281690799683588011e+00 1.261455213441484169e+01 2.039267292555700273e+00 1.002896884401740252e+01 3.428999099768937686e+00 -3.211377164843880472e+00 4.441093335983886670e-01 7.706151121810114191e+00
1 1.312268042878861785e+01 -2.353018923151363140e+01 6.050506154227969446e+00 -5.198486237737889697e-03 8.190517364557182489e+00 9.731874389586554486e+00 5.662488756317036298e+00 -2.640529755972004927e-02 1.956863992656708573e-01 -8.282764335592599281e+00 -3.166441822987609012e-01 1.194805319568096547e+00 9.939982929826125968e+00
1 1.333977110061674054e+01 -2.537123950047955745e+01 3.817043060679951694e+00 -1.768246638375551294e+00 -2.768233261342421869e+00 3.917928382580829982e+00 2.724386468636998959e+00 1.075924320342704910e+00 1.420604849514614720e+01 -1.622839195082873553e+00 4.937105470090156878e+00 6.812590337668973373e-01 7.023373927216799650e+00
1 1.328828276377912943e+01 -2.348845166828004594e+01 6.558468037425528863e+00 1.862280413292792369e+00 3.534437087663843791e+00 1.616732708460692436e+01 1.586030048052762531e+01 3.790323883016258666e+00 3.181424479078681866e+00 4.039290051253411562e+00 1.074074164598316727e+01 -2.948995768397413286e+00 2.967888762051824614e+00
1 1.326580131545732222e+01 -2.658641973062050212e+01 2.414271443745347856e+00 -4.517505449063912160e+00 1.734288826990449506e+00 7.172326907463682844e+00 1.114912475035168526e+01 6.233804947986188338e+00 9.172305799529794967e+00 2.301833514505262634e+00 7.043248134603613764e+00 1.065278542196321077e+01 1.402518902113237154e+01
1 1.334157627633910970e+01 -2.542834467885307959e+01 7.432867955622821654e+00 1.376698762961292566e-01 6.574405165994122724e-01 5.059915706243430122e+00 1.298190520038583884e+01 3.813173737047020340e-01 1.792828987696170939e+00 -1.406524902775277086e+00 -1.966410243259870017e+00 -9.422111212037149741e+00 -2.503300635727777390e+00
1 1.345890114986602448e+01 -2.393358538126495816e+01 6.783820737630469111e+00 -4.039132435846927827e+00 -9.239481966860420670e+00 2.393366139617318478e+00 1.624825090469054656e+00 -5.199088482705875869e+00 -1.564805372436019359e+00 -1.832535035969506865e+01 -1.105642601472761299e+01 -1.022131875006568613e+01 -1.030524745523049468e+01
1 1.336365678185785200e+01 -2.404040020434532465e+01 4.947834377517502880e+00 2.513030873604443216e-01 1.892706490153432064e+00 9.490171040485202880e+00 1.155731516824586791e+01 6.229010238791754084e+00 1.078792406819436422e+01 5.751099614978134156e+00 1.012668808016857902e+01 5.780552414319613419e+00 3.191097860902088468e-01
1 1.339862878204751517e+01 -2.516447196187654001e+01 5.666413797505336802e+00 -2.130033422555637657e+00 -1.001787752029223544e+00 1.082330383017159825e+01 1.280757047951006911e+01 3.487150505030414571e+00 1.372035713043637450e+01 8.675496702287830431e+00 1.398098810428698258e+01 1.231928868535698385e+01 1.616676612666222823e+01
1 1.324779132370269252e+01 -2.175336832421294631e+01 7.050749364512062911e+00 2.712530336003504239e+00 7.113338478533236753e+00 7.156762041828192089e+00 7.664854850194240399e+00 2.809103658368669265e+00 1.111692524246566727e+01 4.319666887744599393e+00 1.402982339130411482e+01 1.328100561668754764e+01 8.053488608283791095e+00
1 1.340349892222129569e+01 -2.855088057563510162e+01 1.462013060701620626e+00 -3.402211974721730758e+00 4.267170937256305585e+00 5.907395436729218297e+00 -1.953004182018635293e-01 -3.744168915269127318e+00 1.080644372902086836e+01 -3.855612724831064764e+00 -1.396703142758097371e+00 -4.308144060112527818e+00 4.722918942295422084e+00
1 1.325596486206507230e+01 -2.672249597542370125e+01 6.226880785100472160e+00 2.225373378320926410e+00 5.458128759509777161e+00 7.224098223617744452e+00 1.774331701518168458e+01 6.346855604298137443e+00 6.562412346640675409e+00 4.428694785375291154e+00 9.169089344765387395e+00 5.210599099382985600e+00 1.311222865037688701e+00
1 1.312522950804533295e+01 -2.244836103529859983e+01 8.237884582605875750e+00 2.509092273488914504e+00 3.218274888772968634e+00 1.083024901302577092e+01 1.548610881602659717e+01 3.179830073918047173e+00 6.434427042143615161e+00 5.859413677114473806e+00 5.228739046670883184e+00 3.446530913868834034e+00 3.021880304985287591e+00
1 1.309832207313125885e+01 -2.229467363334292429e+01 8.880535813157488079e+00 -3.352796991364964119e-01 4.066400601131038073e+00 5.092953694628551631e+00 -6.392230092209615078e-02 1.008115252106958737e+00 8.475626082944143214e-01 -1.045413594765717491e+01 -9.493135141074938943e+00 -4.043431148166685141e+00 1.577511955113508169e+00
1 1.322270456249308701e+01 -2.393243064643714391e+01 7.013035413315596323e+00 -2.973301920109871155e+00 7.889172330161069446e-01 6.823104328250554573e+00 8.760154985503939784e+00 5.923865887367570693e+00 1.098960543367405052e+01 -1.068259479986311961e-01 5.130364137516503220e+00 8.277474860913445198e+00 7.616681762962398849e+00
1 1.313753600607682870e+01 -2.374691909991220840e+01 6.044754436351257532e+00 7.201962853237748874e-01 5.072489524487457935e+00 4.453670548139638363e+00 1.196578040354514982e+01 1.283815042499446157e+01 1.532170882200538742e+01 5.464089798013810118e+00 5.319972453147630009e-01 3.746256514834469975e+00 7.055987378908240792e+00
1 1.313530485552830562e+01 -2.481971209210373885e+01 4.265739330181865796e+00 -2.055508817472776251e+00 3.526740384721195554e+00 5.414239985132714317e+00 7.459820405188918535e+00 9.341315762122912147e+00 1.640944011366235600e+01 7.841345018330177830e+00 9.266554134373263807e+00 4.738154601808839850e+00 6.479038683768178153e+00
1 1.315206505992533259e+01 -2.707671106485556933e+01 8.390049710195729205e+00 4.610771988838655133e+00 5.883346762670901064e+00 1.390646748600797089e+01 1.413230843667948555e+01 -2.973525737918379708e+00 5.663332808910933380e+00 9.225738696796467408e+00 1.859828118834817801e+00 -2.192725533059764587e+00 1.454976943191018002e+00
1 1.317568469718094981e+01 -2.324657113516697393e+01 9.061725889012985036e+00 -1.311550592370612500e-01 2.632967363579977516e+00 7.192889768219642654e+00 1.555758928146398468e+01 5.610793564286287172e+00 1.345249081787554424e+01 9.991157290893042386e+00 1.496786796618224180e+01 5.161300657506539658e+00 9.306148705331006354e+00
1 1.317012127102718466e+01 -2.537018486894724845e+01 1.199271160290160054e+01 6.079787957124618281e+00 7.583554784104798330e+00 9.514863922464114054e+00 1.155967666170086972e+01 7.408096254614042309e+00 1.069946514615585720e+01 3.549506252788014127e+00 9.997653356574706662e-02 -6.840665704085472143e+00 -8.795347047105343208e+00
1 1.319864808297390013e+01 -2.563700366356563265e+01 8.729113479903436001e+00 -2.787309475418971338e+00 -5.855708353614106798e+00 -2.285092323882339738e+00 2.988201128630064929e+00 -1.922985918114802351e+00 8.612710010036648711e+00 3.442227240668883415e+00 -2.374662469054598546e+00 8.804063810593619477e-02 -1.938942701373955080e+00
1 1.313642989636556813e+01 -2.523488556042923747e+01 5.211726714365013891e+00 -1.450472512524318747e+00 3.107440153198134603e+00 1.291894164841768777e+00 7.509431027981785967e+00 4.961118268306481838e+00 1.228455685422332699e+01 9.153658332542324416e+00 1.236518014711191427e+01 1.249045935678957164e+01 6.594787477821648203e+00
1 1.312187005029515952e+01 -2.243386245584009586e+01 8.566753060333498482e+00 -3.360302773110291685e+00 4.347202865292290497e+00 1.508659176030832327e+01 1.487397926547419047e+01 1.197091814615690986e+01 1.451170235427427002e+01 5.000740846458624489e+00 1.730652179564827264e+01 5.294266487775693086e+00 5.064263515650194059e+00
1 1.316237490884959271e+01 -2.765429768652097309e+01 1.672127007626008854e+00 -6.144328050070964053e+00 2.407622357331755114e-01 5.760109904210992227e+00 1.082758845002668657e+01 1.692851322599491226e+01 2.100126928963733874e+01 1.058731099802900211e+01 1.415832441232164918e+01 9.491923498376401369e+00 1.323724445777802217e+01
1 1.335138368097842054e+01 -2.542807715480665109e+01 5.099613682131965753e+00 -1.881332458844447775e+00 2.062621045737499159e+00 7.282769739105478202e+00 1.705327838872385016e+01 1.681121414418102233e+01 2.172748351983270254e+01 1.140215138598322575e+01 1.395416912851085556e+01 6.921057333581971172e+00 3.729054968828304339e+00
1 1.322457189709316694e+01 -2.519614684384257330e+01 5.726798378335604234e+00 -1.599820277151357481e-02 9.449447411020040377e+00 1.487804441770021491e+01 2.024381836680828073e+01 1.798027523707712305e+01 1.956984233527492734e+01 8.653842462958456494e+00 1.479233815151164144e+00 -3.310129919763965312e+00 -5.292841136894842480e-01
1 1.320653337457611087e+01 -2.851038960059631933e+01 3.363792461269749179e+00 9.674377079739988616e-01 6.012232705125251098e-01 1.133643204122046777e+00 1.401732525529671136e+01 2.161833031351623902e+01 1.518316969576052955e+01 1.023943434955947929e+01 6.268644065865593085e+00 -4.344936257120279421e+00 -1.579575793572156162e+00
1 1.329856484222939272e+01 -2.803132606528491877e+01 2.004431610931691310e+00 -1.009351720509448214e+00 -1.573699474287809652e+00 -3.686836365724093678e+00 4.307193819228197995e+00 4.420937661256308715e+00 9.914661504847673612e+00 1.023378682498606906e+01 1.072192606334638043e+01 -1.369644554941158998e-01 1.958477501024376011e+00
1 1.306299605794274576e+01 -2.610751228243186972e+01 6.711827760779189411e+00 4.514444362412747935e+00 3.922933015747581464e+00 4.662405539350774397e+00 1.237297513422543105e+01 7.026841741596205893e+00 1.107852184567580878e+01 4.273923101275992842e+00 3.729167348119037939e+00 -1.630737766469058769e+00 5.136810224918544776e+00
1 1.326628224706156267e+01 -2.921978461188895793e+01 -3.566084029385781395e+00 -1.048106676654583325e+01 -2.492533687225055417e+00 -1.297303643721029909e+00 2.454731241851511481e+00 7.488512546340968967e+00 1.580186050745859738e+01 6.869535881647064635e+00 3.680392974004996987e+00 6.099837055534016450e-01 3.688681663644704511e-01
1 1.320396594283461233e+01 -2.396315160566651414e+01 6.132951776407860933e+00 8.893034791929760319e-01 7.909992645228130392e+00 9.782830174084413244e+00 5.736932966247556109e+00 7.791954875065618680e+00 4.887358131413697571e+00 4.897866277624100206e+00 8.247094852996925241e+00 4.576531386900065002e+00 9.167791894998687852e+00
1 1.322087815413498646e+01 -1.874876472326912591e+01 1.325090757385223839e+01 8.803962363973377947e+00 7.073260324894551587e+00 3.469215256734583974e+00 1.003491955914373257e+01 5.099535911189325255e+00 8.444253861099275227e+00 7.573314262186260137e+00 5.355068820380748384e+00 1.256485747614359161e+00 -1.228343322361889145e+00
1 1.316487132136366967e+01 -2.283792126729016658e+01 8.085786838460435888e+00 1.574425956247863301e+00 3.117912171280239786e+00 8.194494282286326481e-01 1.082466993712079706e+01 1.078150245554200559e+01 1.017587845528288248e+01 1.836976511010082191e+00 1.918661701884221804e+00 -3.424884973481117978e+00 -3.217761515509666825e+00
1 1.315006311999379029e+01 -2.195852124039024034e+01 8.480435113822952786e+00 2.403628518576257367e+00 7.966008327582240867e+00 6.305046825901484908e+00 1.176168130135284073e+01 9.765107112206642626e+00 1.459625944909440598e+01 8.816435138834242125e+00 8.895001868325428163e+00 -6.234466113096569229e-02 -2.658027519441214181e+00
1 1.322741938361436631e+01 -2.408280367073699324e+01 1.018805798080714098e+01 6.480287985951703078e+00 7.966631656889094693e+00 1.042843277004490155e+01 8.937818905947917614e+00 -2.115539083341023918e+00 2.238418617575349767e+00 -3.274510445951015480e+00 -3.891266290511591119e+00 -4.723144462014539080e+00 -2.342978448063322450e+00
1 1.317819480203658777e+01 -2.766122653465480141e+01 5.617898242707168421e+00 5.326626774161530298e-01 1.175001425282172285e+01 1.368591396205372490e+01 1.136741269119280417e+01 1.011658771347746644e+01 1.491182617874406979e+01 8.020217596750107703e+00 2.758515477505449009e+00 3.760721911226287517e+00 1.223122040361562313e+01
1 1.307099928963680924e+01 -2.480768627184859199e+01 8.806516929842157282e+00 1.798540049066769120e-01 6.436927968146807899e+00 9.896425822039111253e+00 1.014390016363996239e+01 3.849672467658620700e+00 3.131739684100454113e+00 -4.659024135477508044e-01 3.461401193142325639e+00 4.754288320714492588e-01 7.075155228314867983e+00
1 1.326172707141746443e+01 -2.566777619912145525e+01 8.297610584991900851e+00 5.434714337049398880e-01 2.795688417227296885e+00 5.153672662715849562e+00 6.688269906515445840e+00 6.654385760341019029e+00 7.239889893715329983e+00 2.887673468769348606e+00 5.308196905333794291e+00 1.294471151095495109e+01 5.152399091248923924e+00
1 1.317174024549817268e+01 -2.489164059109354454e+01 6.894152130724347849e+00 -1.950536083793917852e+00 3.209720388116745760e-01 2.926191503663094995e+00 8.902728724102951574e+00 4.388272712774249129e+00 1.491075597208221026e+01 5.576426555955301012e+00 -8.614817362412569013e-01 -3.122890618347995861e+00 -4.675468633914692695e+00
1 1.323677328022268185e+01 -2.493371607465671502e+01 2.917586559278543046e+00 -2.759959190617577995e+00 4.179583612761127442e-01 1.884446102868436057e+00 1.382596674905291501e+01 5.404066075118493906e+00 8.037122732159525995e+00 2.735341995540165883e+00 3.720383984455641890e+00 3.026319928080394739e+00 4.386589847673744380e+00
1 1.321436232758432894e+01 -2.557341754880812701e+01 6.832742418628150460e+00 -1.517254459573627701e+00 1.334665710377615166e+00 5.382518993416780972e+00 8.151058435850247363e+00 4.981946132288527451e+00 1.310995490965531118e+01 1.166495932725361051e+01 7.940912565378208221e+00 -4.570529658579761900e+00 -3.021166863138744940e+00
1 1.318124973599860006e+01 -2.135060430098101136e+01 7.843818478617285095e+00 8.907047745280072260e-01 2.091947229352177473e+00 5.402246661177287912e+00 9.265214969358929409e+00 -2.377339267053333760e+00 1.093266340850790774e+00 -6.456354075080755761e-01 8.788705693607791858e+00 1.645065141907198214e+00 4.721433584330308464e-01
1 1.318962454617399871e+01 -2.285907802348792472e+01 1.120761254388072636e+01 8.445174223088612209e+00 1.059829267910311223e+01 8.675609304772496699e+00 1.292818990551429614e+01 4.548894887804222797e+00 8.361175895340725361e+00 1.074391166425421495e+01 1.812980737863052738e+01 6.565367751753315773e+00 4.457438321827718042e+00
1 1.315027102974820394e+01 -2.644732661106112914e+01 6.246638399080035597e+00 -1.838207570511896372e-01 1.447676928601409285e+00 -4.302344794803703715e-02 8.766696401039181907e+00 1.318384758074685514e+01 1.664404307881045497e+01 1.325262133156748767e+01 7.261594698442531914e+00 1.923544921168341304e+00 9.063480679268609563e+00
1 1.318638227734477830e+01 -2.810680616743193738e+01 2.605226732288428604e+00 -5.979509317936574142e+00 -4.757387135601638839e+00 2.795465492244516792e+00 1.342444806809363733e+01 1.014334103210020643e+01 1.485653180314313992e+01 1.400979546310726676e+01 2.006338482382369648e+01 1.146343508761917995e+01 1.542343737631832212e+01
1 1.320581706658641252e+01 -2.082087408816456531e+01 1.236603799878979082e+01 7.390684642275786587e-01 4.462567388427785886e+00 7.668749466149931138e+00 7.342947921031305114e+00 4.946065601580205140e+00 9.006361280710340367e+00 3.333032346934465373e+00 4.829045487141451432e+00 -2.758947046434990558e+00 -2.164697550799370873e+00
1 1.320893973417902778e+01 -2.877377603813365781e+01 3.412524116945156116e+00 -2.580838412545933824e+00 -2.301856732789141713e+00 6.395710725752877523e-02 7.489683544010218519e+00 1.658123792684124576e+00 1.084014620383022631e+01 8.229593330910569549e+00 8.397464704038107186e+00 3.685755653724315239e-01 2.527697701378877504e+00
1 1.313755398838715749e+01 -2.908956882325476201e+01 1.436518896169958426e+00 -8.753652585721257040e+00 -4.299971782556195166e+00 5.399376079424296648e+00 1.116373228690160602e+01 6.475185881210768990e+00 6.463146768464747005e+00 7.351702510631337617e+00 1.313248253395149234e+01 5.127814333376629286e+00 5.410302862585294470e+00
1 1.310819352084428147e+01 -2.793930096743539337e+01 2.274193704873353372e+00 -3.793109117767755389e+00 4.187604778140880057e+00 1.042918589487562464e+01 1.587783711888533311e+01 -1.402917516076694904e+00 -8.955795058059781155e+00 -1.587564727756177341e+01 -9.585895053812480526e+00 -1.630522235753090410e+00 4.170276061951813773e+00
1 1.317230764619960226e+01 -2.423109688298071518e+01 9.647770014459489119e+00 -1.204234868195523056e+00 8.895229457212774804e+00 1.100802018968776963e+01 1.153169686979360264e+01 4.806466196476295138e+00 1.087914811598118625e+01 1.604221909456161388e+00 5.257267375812071819e+00 2.016345203046934209e+00 4.587692918468567527e+00
1 1.315217277035136156e+01 -2.534530979115470473e+01 7.008135655218493021e+00 -9.248013463663466993e-01 5.893862264620752356e+00 7.516718451717957272e+00 1.632329363652069887e+01 6.529530820837063487e+00 -5.189633977247738450e-01 -3.002880257361469685e+00 1.528775522175362500e+00 2.596722496298868421e+00 2.641228394980413618e+00
1 1.322434471794242938e+01 -2.661614195022633922e+01 3.036024800793213796e+00 -4.533171612308159126e+00 -2.651457221651629115e-01 4.122294293158730305e+00 1.228500999300897512e+01 8.850683454294841823e+00 1.283627894839194461e+01 8.665628994171077792e+00 1.594470813293714784e+01 1.062622880750165599e+01 2.399685513206973653e+00
1 1.306387787959757141e+01 -2.352752097034311873e+01 8.527366532993728043e+00 1.491596813837149593e+00 -7.243810066058706809e-01 3.355504557870456317e+00 1.645922682929543157e+01 8.599352254198322498e+00 1.251164894312428544e+01 3.531004953067276464e+00 1.026486248624455122e+01 5.428464961140325507e+00 8.239240122313270520e-01
1 1.370256268164491686e+01 -2.753809131250829623e+01 2.986010526468801940e-01 -1.617529553067216241e+00 8.697632013015744734e-01 2.101103632393701659e+01 1.387281999684426381e+01 -6.029814734778530472e+00 1.721410058254181408e+01 2.061090483573794874e+00 7.695506774930677807e+00 3.818896942270480821e+00 -6.237355876179826453e+00
1 1.373147701635375562e+01 -2.521872130720366201e+01 -3.372186596375664092e+00 -3.618972139692270940e+00 -1.328353423939688582e+00 1.795478955274314004e+01 1.299216497991765884e+01 -6.448780526229729304e-01 2.253094285173576594e+01 8.121400603106074811e+00 1.592404039821319017e+01 1.695363442721574643e+01 2.972372836534963980e+00
1 1.322210570599900592e+01 -2.426515894153175879e+01 7.008675433130060028e+00 -3.192853310153876412e-01 2.936151655739670741e+00 1.142335818474631104e+01 1.331626743217744036e+01 4.991642738567144022e+00 1.064899660497596834e+01 -1.939976269003401477e+00 9.353942487428703600e+00 3.596003267003907489e+00 5.759437994316627396e+00
1 1.309578904639042030e+01 -2.221297915555321367e+01 1.005008412833944220e+01 -1.680857731631270280e+00 4.126326756118658068e+00 5.709983315984607621e+00 9.332443376794078205e+00 2.011184817013022652e+00 6.838367827223729156e-01 -5.663930662325197041e+00 4.196622821168575435e+00 2.875199548138581029e+00 3.274527270263526635e+00
1 1.301571750678727568e+01 -2.540246435639192057e+01 2.693407085961550873e+00 -7.962804740229383782e+00 -1.297012749234993212e+00 -7.161208098129173694e-01 2.355443381946669579e+00 -5.315285683832043695e+00 4.410218973066869275e+00 8.130606042049667082e+00 1.338974590180449376e+01 1.059725728852163051e+01 1.234695359870731046e+01
1 1.798570021637161531e+01 -4.652860693504042189e+01 7.054989432604084065e-01 6.269876049559449660e-01 -1.838437174052918976e+01 2.084763638438129263e+01 2.500625342617601721e+00 -2.069902324863448584e+01 2.511878083527161820e+01 -2.566475795595651199e+00 9.952413528919631602e+00 1.171356703307246505e+01 3.270749824068408085e+00
1 1.464218609692722062e+01 -2.737266577312853144e+01 1.233565098762892553e+01 1.260373877317394964e+01 -5.364338145492780541e+00 2.016211735367360802e+01 5.959601869274950836e+00 3.237773371878417406e-01 9.156137245918417378e+00 -9.142333853197387228e+00 -1.868149266732720193e+00 9.981562510630476837e+00 2.107165862736836814e+00
1 1.418352452213316894e+01 -2.761204958857673120e+01 1.174655457775864598e+01 6.446597181213168604e+00 -5.922822181662546370e+00 1.584704696497908394e+01 1.414942329382884978e+01 1.395034981337543911e+01 1.866217745901167646e+01 2.794948230502094066e+00 2.639030913823749547e+00 7.706921766303481469e+00 5.290187487280331169e+00
1 1.386582368228235396e+01 -2.763627219826231141e+01 8.213490348337122882e+00 5.735968920661200343e+00 4.260516059110530662e-01 1.788307981258330415e+01 9.271675171780524138e+00 1.230653018588950154e+00 1.764672482683791088e+01 1.190052591458654874e+01 9.485340760569689778e+00 1.270595218970618134e+01 7.729945980143861028e+00
1 1.345376036854158563e+01 -2.878630998108161165e+01 4.418038872888130797e+00 -3.990716663318149671e+00 -5.142237022919636580e+00 3.448627671453598165e+00 6.859400992487780790e+00 4.823802388777240213e-01 1.615207199594665255e+01 8.023075591108831617e+00 -3.474297029173541995e-01 4.491292046686561790e+00 4.161594410011088208e+00
1 1.327514085061559079e+01 -2.991918761037763019e+01 3.757411910479364625e+00 3.334255541192795436e-01 8.287435348210181019e+00 2.082194263262521261e+01 2.592986448824333223e+01 2.139169174422763220e+01 2.604369691049728530e+01 1.493275295165759076e+01 1.785035845994455883e+01 1.476235425425898029e+01 7.102772914296184403e+00
1 1.314030537461145975e+01 -2.604689666556070549e+01 4.617352907823350172e+00 -4.613321244874605043e+00 -3.911789807941446373e+00 3.998547700385042702e+00 9.348153704272592179e+00 3.536525614893155645e+00 1.133509562394266545e+01 2.012011409834441711e+00 1.119840608607449273e+00 -3.914670943714662066e+00 4.091037833373101784e-01
1 1.313940561416671748e+01 -2.266782451341832427e+01 1.113078368728695722e+01 2.059672570025166127e+00 2.653887373600267274e+00 1.215369063037916364e+00 4.942175993332274864e+00 1.265960340501576731e+01 1.436377547644406683e+01 3.911315235121921585e+00 9.739316809173468314e+00 -1.641190343967950938e+00 -2.549208978405570925e+00
1 1.304279015364665995e+01 -2.703690881859504458e+01 2.814116412618612451e+00 -3.203582987153199557e+00 1.685564464886890379e+00 5.780128103988216859e-01 8.525579458918230102e+00 9.417330177468617336e+00 1.291130319199169385e+01 8.674057641984784794e+00 9.248349222358687172e+00 4.029406939155328438e+00 -2.178755837059746181e+00
1 1.303756949558008138e+01 -2.212879718746736302e+01 7.250276476835069595e+00 -8.854637679711592213e-01 4.635895177667470612e-01 7.805188725193018540e-01 3.639816399547953552e+00 4.872503675106916177e+00 1.279434998106549592e+01 5.174741107491333203e+00 4.570726404050101443e+00 -4.226935295691026440e+00 -1.381871267780162338e+00
1 1.308865077177027025e+01 -2.908409639482898612e+01 -8.404350815848377065e-01 -6.892438740380775641e+00 1.981479228481310528e+00 4.577893840430146355e+00 8.443475016735208172e+00 9.018816581309597069e+00 7.913839544940000970e+00 -3.363956191497301518e+00 -1.488317340930372490e+00 -2.716261827416710961e+00 -4.661555441787371912e+00
1 1.705130940598519373e+01 -3.404345711985830292e+01 1.322186381719615333e+01 8.361299362478414210e+00 -1.573078026066605162e+01 4.867559061912653640e+00 7.246805056277228374e+00 -2.055496224516876858e+00 1.310160528351476295e+01 -2.300754181671807785e+00 -3.084500495811021370e+00 1.022943666004167440e+01 4.787692708798814145e+00
