1 1.329117298472104025e+01 -1.809349456036462911e+01 7.799331875881732046e+00 -3.074082203837074534e+00 2.987541747033901185e+00 5.689605330167017527e+00 6.206396799776007889e+00 5.557576467153531929e+00 1.028026232139161422e+01 4.613084150821912921e+00 3.904863282667708102e+00 5.725833882458303492e+00 9.539091746734827737e+00
1 1.309495268292587333e+01 -2.309472282144581712e+01 9.970465409465100848e+00 2.437479603713654797e+00 -6.801091624673047953e-01 7.926401942491549946e+00 1.093101066091885620e+01 9.707542086009002702e+00 2.169009440761472618e+01 1.950227675381056347e+00 3.057708594671109559e+00 1.051424211103777573e+01 1.205081692952460948e+01
1 1.333306791368366540e+01 -2.483056065258235989e+01 5.801061504332575502e+00 -1.741895459849566397e+00 -6.465458528268182903e+00 7.049668080903528811e+00 1.334127005746230443e+00 -4.970259323300860288e+00 2.019754375645672795e+01 1.644631066556263832e+01 2.101227253588109889e+01 1.419439759551575442e+01 7.856377578465623124e+00
1 1.314323750966535975e+01 -2.097067092942562638e+01 1.895601085380136386e+00 -8.762747295434039074e+00 -1.402929785056762801e+00 7.178376842828097182e+00 3.608010846095053292e+00 -1.761982412171221979e+00 1.544668458138600897e+01 1.590769473621014818e+01 2.136895194240657858e+01 9.634860560538150764e+00 3.000340469596717075e+00
1 1.316103803154334884e+01 -2.600136186261273608e+01 4.543770143938409944e+00 -3.371077176352519800e+00 -2.793052516619896952e+00 -2.352452496870362619e+00 4.637035882771292528e+00 6.057490001324189244e+00 1.568567737228916492e+01 1.355993203245448697e+01 1.253047516147653084e+01 9.203594015290152086e+00 1.499272691679140834e+01
1 1.319280472998537945e+01 -2.753890437024739413e+01 9.958172535107162604e-01 -9.637669532112905557e+00 -7.850765429436510345e+00 -6.267416902978347082e+00 -2.945328898474831814e+00 -1.408685753916051331e-01 6.712271322296614606e+00 9.977329463101483498e+00 5.474863088509564157e+00 2.734639666676637049e-01 4.504301626416038928e+00
1 1.316167732942287216e+01 -2.650348004007299352e+01 6.428815279791662896e+00 1.632983762492488777e+00 1.032862656779612820e+01 1.171848951506973258e+01 9.171598951690999257e+00 -4.764094793996106247e+00 -1.623285812425816488e+00 -4.862327819176980981e+00 1.309283302335728649e+00 1.314755433600982348e+00 4.647857466298156659e+00
1 1.318716607319914580e+01 -2.873157652335052248e+01 1.654752405861551923e+00 -8.907739086672416207e+00 -2.716104434918763744e+00 3.221526150386887721e+00 1.218749155998998024e+00 -5.699275881770184959e+00 -1.406275560052892670e+00 4.679310369978886719e+00 1.816423917045101888e+01 1.312358654125900870e+01 1.160220384804586757e+01
1 1.315020776550766790e+01 -3.043369461358980743e+01 2.549111488644175902e-02 -1.048650341266801433e+01 -4.253714604906654984e+00 8.282085609924297875e-01 2.190547662450986088e+00 -1.788324252374019485e+00 -1.088671449573837879e+00 -3.334901491085095593e+00 1.081866410436468362e-01 -4.625891598519896064e+00 -4.785081185336710341e+00
1 1.306099163956007736e+01 -2.813471402526669252e+01 2.688531042461743681e-01 -6.735989591547785871e+00 -1.532527666255070864e+00 -2.921724586116853484e+00 7.461182834326787194e+00 1.060510103060728326e+01 2.112026365722562105e+01 1.142880906332112012e+01 3.147022595762031028e+00 5.050888122779629619e+00 5.031703570868167219e+00
1 1.304637253502689198e+01 -2.833677709620414831e+01 9.881776647528373037e-02 -1.084110683904833117e+01 -8.355052089868610921e+00 -5.211591253066380602e+00 8.454575823510170451e+00 1.236728650008503472e+01 1.100248234165691308e+01 6.138734897333688600e-01 -3.321506273002201137e+00 1.676498722127724550e+00 1.069060630692572644e+01
1 1.311179185726238572e+01 -2.659724928329246296e+01 7.913233550252611437e+00 -2.988076174122432871e+00 1.808785229320778454e+00 7.478128053359479388e+00 7.191021490109886116e+00 7.177970722547894589e+00 1.352437129577021047e+01 1.032216662892130721e+01 5.509055867465196599e+00 3.409682478525442484e+00 2.314384411209864822e+00
1 1.322189139085925547e+01 -2.654583458614684233e+01 6.161259201647635741e+00 -6.133071551743581651e+00 -3.645094119332280336e+00 2.896858269937712116e+00 2.393778548941220830e-01 8.238505780841979265e-01 1.505854031340835597e+01 6.000970020489790890e+00 5.520376995697175104e+00 6.490031451347370250e+00 1.149153967351761096e+01
1 1.307201501877465866e+01 -2.598585603670787592e+01 2.706176399462268733e+00 -3.742927257924651308e+00 -3.632288936000827029e+00 1.649152646160363833e+00 1.232932373001918158e+01 1.703071607652647756e+01 2.333876775245025925e+01 5.672997711504683238e+00 4.745368976658740579e+00 8.276425491289298719e+00 1.535687040211366750e+01
1 1.309436235546323601e+01 -2.828121759834587223e+01 9.528605659215461099e-01 -4.556744889130983189e+00 -1.342176959889684440e+00 1.475870454664513498e-01 6.168025468752402318e+00 1.395882070438419120e+01 1.156768102965835077e+01 5.240896658556754240e+00 5.468678345725884071e+00 3.005238980532615400e+00 1.187256953773693446e+01
1 1.308499085986352028e+01 -2.593641893612661065e+01 8.938877882175255252e+00 7.339329140194902124e+00 3.558368303584885872e+00 3.626035231390604352e+00 6.061986255265988000e+00 4.908445324829578738e+00 7.922244884925921937e+00 5.108452485720580860e+00 -5.726984681519803111e+00 -1.031082709254737928e+01 -2.361101311738650121e+00
1 1.311420363919914323e+01 -2.817024898618265283e+01 5.483598989475647834e+00 -7.969544238504501499e-02 6.591091223356490225e+00 7.787322046535904541e+00 9.503228329395396301e+00 6.171970152720336333e-01 6.218255218181486299e+00 1.168664257497280623e+01 1.310244260444810926e+01 2.221892371612825379e+00 4.921171157388758211e+00
1 1.309148642388804085e+01 -2.486960908001385562e+01 6.148900906588648851e+00 1.102671070004138221e+00 8.650269511910025244e+00 7.057687278914275275e+00 1.075665269820571979e+01 -6.457044650945737985e-01 2.487915569553844630e+00 -2.134517459863856992e+00 -2.084378476165540839e+00 1.016649500706724663e+00 9.520657847494291559e+00
1 1.323844793147834409e+01 -2.439945047109124943e+01 6.118552882941751037e+00 -1.543763618116961833e+00 1.968402470660009618e+00 -6.316482961539646723e-01 3.255383564189654244e+00 -3.653084465869896658e+00 3.397571362523038374e+00 -9.134821078100234804e-01 4.659566689291692043e-01 -3.101931644705278934e+00 -4.736082942014118835e+00
1 1.319454491060874091e+01 -2.529274899622475203e+01 9.056771398018407027e+00 2.913841248623594726e+00 9.183043132035841438e+00 1.057460709246980635e+01 1.223221466244225830e+01 1.073474259299132960e+01 7.502415635532782900e+00 3.437447456605757790e+00 6.028306976584800303e+00 1.907077982423706297e+00 8.850430350465945395e+00
1 1.319268998411668470e+01 -2.394290516739407693e+01 8.868651920835141311e+00 -2.185732536839534390e+00 3.520533805326751420e+00 6.490558779935923006e+00 3.852793336056929974e+00 4.668647897244388112e+00 1.720852270115103622e+01 4.872598207911115864e+00 -5.304627161366918919e+00 9.744710181083371392e-01 4.652399024254071591e+00
1 1.325093737597327248e+01 -2.657330378586455666e+01 6.688316763523713959e+00 3.538402079331676831e+00 8.216245748653086878e+00 3.925819212919778867e+00 1.089728245852070643e+01 -1.601828743718204662e-01 -1.201041990530935966e+00 -2.774884202151628898e+00 -1.068557946514623103e+00 -3.416226650240491658e+00 4.570941770818917504e+00
1 1.322777558999467473e+01 -2.833260328225506086e+01 4.346293596230817791e+00 -2.438709986839052490e+00 6.460155146407051241e+00 7.951946049915982861e+00 1.527599942600430616e+01 1.067141081099079436e+01 8.000852259030885705e+00 -5.355775600738816866e-01 6.602124192916564382e+00 9.102250790492700361e+00 1.402695393864668461e+01
1 1.313476924421676806e+01 -2.883407270973346925e+01 9.125387998085863206e-01 -2.036627149014645699e+00 1.397583670095261965e+00 -1.872322687458021440e+00 1.149016200737615279e+01 7.236081379773691147e+00 5.925676452627580026e+00 3.889930489294996185e+00 8.861368626328781417e+00 8.538158155489760759e+00 1.177786761994128284e+01
1 1.314769218029157294e+01 -2.344146405894889895e+01 9.785940469256834362e+00 1.385755260301578362e+00 3.553378588279067607e+00 9.541561369661200942e+00 1.138889142191123938e+01 4.836508422800754659e+00 7.445972745622154498e+00 6.748784492022313231e+00 6.701243303265514761e+00 3.582503235122961094e+00 4.632887815827710476e+00
1 1.335187380640498134e+01 -2.558700010697393523e+01 5.461787546449373032e+00 -3.803214362487715494e+00 1.054679486701863400e+00 6.880667403930060821e+00 1.394895575140556510e+01 1.211851485564678299e+01 1.864126009883020885e+01 6.583366469344805516e+00 8.165725718547889755e+00 -8.672608217312633982e-01 -6.171648402566647817e+00
1 1.333750443593127955e+01 -2.642403323497643441e+01 2.850175499625358100e+00 -7.404492633570823656e+00 -4.291906341605898234e+00 5.671276581019167651e+00 7.658848026011733978e+00 8.374179752039394575e-01 9.610170445650910054e+00 3.357018479584806592e+00 8.722120069160478550e+00 2.790966079570195824e+00 -2.556190034212638906e+00
1 1.308468586947426715e+01 -2.660132411823764897e+01 4.741743924993478743e+00 9.186632470092438441e-01 5.588174986259613952e+00 6.813901311429099827e+00 3.570503582821327182e+00 -9.214673705828344552e+00 1.721507129741576714e+00 -1.733293923941798598e+00 1.038017114724862022e+00 -8.166068913287363173e-01 5.206652380476492148e+00
1 1.313481714800447264e+01 -2.771261979475299952e+01 1.530742556316236902e+00 -6.532298445552675581e+00 -1.385165614797009059e+00 4.558955322377496344e+00 5.568014078702380409e+00 -2.808476444750814593e+00 9.067103163135758592e+00 7.393686562427762787e+00 2.030873800398627971e+00 1.112221994432620242e+01 9.130170293742271070e+00
1 1.297842111833735146e+01 -2.607851520752868879e+01 3.471354636269523564e+00 9.066754237539031980e-01 2.318099046204263214e+00 2.816206384108488336e+00 1.223697939433247761e+01 9.724758527596758739e+00 1.258716814099938119e+01 8.566112014599930546e+00 7.294285049125885934e+00 5.954021940469347740e+00 4.207525773445559558e-01
1 1.308645485483807036e+01 -2.721450419246181696e+01 5.315846300901821309e+00 -3.786808839812381144e-01 9.645338731103121344e-01 4.366547040659815693e+00 1.091801922464563113e+01 5.404385198083581976e+00 1.067321075937837627e+01 4.505330719807639106e+00 9.851230161387457329e+00 5.484264487749423544e+00 1.292748636579816690e+01
1 1.331788831847200072e+01 -3.106019933000288091e+01 1.926480555930256910e+00 2.888990088872533057e+00 7.719854516655105137e+00 7.453132019757071625e+00 8.605233222156796202e+00 4.377865478370448038e+00 1.288375755944908541e+01 8.352065008479284458e+00 1.154285684404040424e+01 7.929569186710361706e+00 6.474980940353760595e+00
1 1.349223127208929007e+01 -2.737666348005855710e+01 4.523253406478743521e+00 6.202019961522421632e+00 3.498097667221108154e+00 1.382025064911863943e+01 1.323575143814184329e+01 1.051396426331274192e+01 2.137829815908995457e+01 4.111009411356350896e+00 8.973401186632779414e+00 -4.122371953901150299e+00 -6.688989865547792846e+00
1 1.335222961118181750e+01 -2.916553479645271096e+01 2.342473805307283274e-01 -8.034579942065956937e-01 1.885809400269571334e+00 1.847670295023397458e+01 1.527068270644717352e+01 4.470456522749288730e+00 1.650086936597767107e+01 2.703174445323778485e+00 1.888824666682796583e+00 2.823523494581396953e+00 6.761052350173006431e+00
1 1.338490302183830849e+01 -2.698643023465477242e+01 9.304400701660917039e-02 2.608088347491056780e+00 3.590226163795617875e+00 8.368835610879349574e+00 1.348572758673179983e+01 2.610316169434755196e+00 1.203466844507570777e+01 7.645558300759898174e+00 4.850969695539530946e+00 1.457038545349340808e+01 1.022111562171786936e+01
1 1.347459447847393932e+01 -3.199571651863293198e+01 -5.687359872605316724e+00 -8.642914312439318181e+00 -5.346497478983018858e+00 8.026181246473108599e-01 2.086771213053553620e+00 -4.732734458765591512e+00 1.450533174849075913e+01 1.222913632638167059e+01 3.286089547987915083e+00 -2.842642474806207797e+00 -6.868507922815833666e+00
1 1.330761263368931147e+01 -2.872720604336427996e+01 -1.368223520583672137e+00 -5.769775131652556510e+00 -2.099847795485932922e-01 2.091821721428255981e-02 7.501637819549505926e-01 2.398207108902559614e+00 1.250727736897333209e+01 1.793955503856917044e+00 4.081960047545295289e+00 3.008203787254690731e+00 3.141451764124064461e+00
1 1.329362926851365501e+01 -2.637763346880554138e+01 3.333390225900248804e+00 -2.497242515229793902e-01 6.859027907076196140e-01 8.274779960876045948e+00 7.310795529645175428e+00 -6.430680222073510421e-01 1.193421744132407447e+01 -8.737160863341506545e-01 -1.025329140325781374e-01 9.347398947813402970e+00 8.329549649287349311e+00
1 1.313547576119344384e+01 -2.725614050401327759e+01 -5.184989900354355363e-01 1.590249701835544149e+00 5.032242791272828697e+00 1.343092842499311779e+01 1.292595294008928875e+01 3.107930974820857450e+00 1.358608127518639108e+01 1.667965194087287051e+00 1.015970432167260817e+01 8.786552538862462569e+00 9.298245774245151196e+00
1 1.324092878914693117e+01 -2.892475612080808034e+01 -1.337942445866499019e+00 -7.168159799812889865e+00 -2.140542087950664918e+00 8.623472713676213486e-01 6.495877252864784346e+00 -3.634037260449927587e+00 -4.063471010475942613e+00 3.065363201717843822e+00 1.947071778965699718e+00 -6.461261453449401060e+00 -5.502296219814270195e+00
1 1.327359839391647256e+01 -3.030015497548584236e+01 -1.893675313674047400e+00 -8.228720305613165920e+00 -4.632076293947304357e+00 1.738510498220777079e+00 4.860286502748563109e+00 -3.699778109990399244e+00 -2.655976026958371428e+00 5.626819291180773064e+00 1.338497794814873032e+01 1.177934130315019345e+01 1.328046199183252973e+01
1 1.322557220788708854e+01 -2.522532408369628243e+01 2.301468821682419730e+00 -5.637306644776339581e+00 5.718618864005929225e+00 1.241371222015820308e+01 1.099240413736239574e+01 6.217124005084326832e+00 1.041343613164443660e+01 9.110309978713232226e+00 6.587440776758794136e+00 3.256137491429838438e+00 6.717520183457350136e+00
1 1.316452829094742860e+01 -2.518342018781005365e+01 5.195834447226051367e+00 1.361834594676405663e+00 8.924408015657832038e+00 1.338307439362649376e+01 1.032579150478225749e+01 -2.046662808941013711e+00 3.154343324856581088e+00 6.357006565315626467e+00 1.524184642541875334e+01 5.641393205044913373e+00 1.424312672976772332e+00
1 1.311185917821098812e+01 -2.573448545284600186e+01 1.480745359421121732e+00 1.466218501530064111e-01 1.319915796572977973e+00 8.656086330513971916e+00 1.258340848420861668e+01 4.879619912006567084e+00 8.848473985438756628e+00 2.192674212756527741e+00 1.483568292605699668e+01 1.270687591959936213e+01 4.602034339021250808e+00
1 1.309906054971580858e+01 -2.440806569229635059e+01 2.378952163822178445e+00 -3.076514008266689970e+00 3.848121766338132854e+00 9.107337285006256167e+00 7.305303679549327356e+00 3.861135569552588187e+00 1.058359693285882308e+01 9.957998962295118162e+00 1.720459356292069586e+01 4.921263103874412792e+00 6.753189441868443055e+00
1 1.306823908369633713e+01 -2.806768621095896066e+01 3.339630412067372767e+00 -1.872884904842142317e+00 5.752895184395120154e+00 1.329237934021335121e+01 1.007452854672606080e+01 -6.975873039800315922e+00 -3.532805833051106958e+00 -5.450121629063635176e+00 9.752598140432450213e-01 -5.781037039714989056e+00 -1.077474754172901328e+01
1 1.329662265057154080e+01 -2.719480958020496075e+01 5.054837302365001506e+00 -5.628920533106219537e+00 -1.037880267011341978e-01 2.106472712777831546e+00 5.986386519673180473e+00 -3.477172873433331812e+00 -1.410096308904007500e+00 -2.328105863653756824e+00 -4.623948121904892794e+00 -8.988918496876573627e+00 -6.120114454756163669e-01
1 1.324217591296693186e+01 -2.527365622815888813e+01 2.365320316003664214e+00 -6.740367257060359663e+00 2.139049926158421044e+00 6.965469345471126950e+00 8.379132641965092887e+00 -1.297105718198383606e+00 1.970261848345796540e+00 1.380285785581314650e+00 1.922628297129098440e+00 -7.930964814420132569e+00 -8.594021497434514600e+00
1 1.331888641086487013e+01 -2.748916527303096302e+01 -3.893108166166444062e-01 -1.189186216586240441e+01 -6.563621938592962834e+00 -7.705581481454752080e+00 -4.511443623992982266e-01 -3.217958390527127399e+00 -6.019021744680809860e+00 -1.099337472867127019e+00 6.231828288484363432e-01 -7.642538927177295882e+00 -1.723160450451502967e+01
1 1.314969469420990045e+01 -2.817667026664832974e+01 1.215870517125835937e+00 -7.006424288482111962e+00 2.571653349948518574e+00 1.860138244909301353e+00 -1.809718668005746295e-02 -1.154005479898106090e+00 -2.712204163915194144e+00 1.730609587849853748e+00 4.970618392847017120e+00 -2.811133634501008949e+00 2.535412303626726427e+00
1 1.313622921365402796e+01 -2.397692325167979277e+01 5.987911634851291076e+00 -1.369659603194413044e+00 4.695403959904241198e+00 2.625343361490402483e+00 1.059812359783943769e+01 5.774739155394406964e+00 -2.630622970451943932e+00 -3.035228621593119680e+00 9.932306938361442405e+00 1.557211160820537454e+00 -8.025000229398090212e+00
1 1.313652804168542865e+01 -2.580902662161918215e+01 2.030286269722473946e+00 -2.780557473127910573e+00 4.669219435060571577e+00 5.915597717083397988e+00 1.445790932594378653e+01 8.109717488868999347e-01 1.487527108693544431e+00 1.105803434299593846e+01 1.134217570811480158e+01 6.277316888096580172e+00 2.094428262486896841e+00
1 1.316204102280456922e+01 -2.715191904705428882e+01 4.463756385550753381e-01 -8.126351697349809555e+00 -2.401855702446475060e+00 6.849266872763837277e+00 1.287268677810599193e+01 6.054576172080812668e+00 9.471598382834203633e+00 7.791502378937217088e+00 7.381443841609449663e+00 -5.145662195072109313e+00 -8.804691964442246999e+00
1 1.315400578000632947e+01 -2.569213188993731833e+01 4.367616935337046868e+00 -3.494102495491033800e+00 2.249597229689272115e+00 7.091898440670346915e+00 9.685980554667050768e+00 2.757943455655626597e+00 5.088496734000901078e+00 2.308116730548580797e+00 5.186777194176410255e+00 -1.973764329713439403e-01 -5.502164888294148959e+00
1 1.321573259485059815e+01 -2.609840739483149363e+01 6.164991273057222720e+00 -5.352730194594267132e+00 -5.661193745895530149e+00 -8.706537357002266830e+00 -3.838081123374078807e+00 -1.116809338295909804e+01 -2.005753315046306895e+01 -2.048773218845496658e+01 -8.839226267203621035e+00 -9.833419681157609560e+00 -1.257774530427913007e+01
1 1.336085395389761210e+01 -2.954929723649425455e+01 2.736150994662720937e+00 -4.532994555903899325e+00 1.666246074810068034e+00 -1.003499894492533739e+00 4.028050565320446808e+00 2.521158016698982873e+00 1.198220691825175521e+01 7.201817226549115603e+00 1.336705393667661390e+01 1.311250550208057319e+01 7.244061571691457146e+00
1 1.486911783501894035e+01 -3.179035561014061528e+01 1.560965232383676415e+01 -6.956355515604520923e-01 9.883652145384203891e+00 8.138528766724979491e+00 1.871890278558238663e+01 -2.408701896820995447e+00 1.619494174252309904e+01 1.257530626060044066e+00 1.620709779163833630e+01 6.721635405588394008e+00 1.149748947179302405e+01
1 1.339591004215766290e+01 -2.753970498021959656e+01 8.666936216783367897e+00 5.155060715339574884e+00 5.107681307348868494e+00 8.521295057794503691e+00 1.275320507991041374e+01 1.811771433768337047e+00 5.760621546351853972e+00 -4.850879938843074335e+00 -3.213678894681831100e+00 -4.818530428651200737e+00 3.153638354474561645e-01
1 1.343933851516499267e+01 -3.420409057638688211e+01 1.243256355364221966e+00 2.384844154534284666e+00 -9.050981532794160067e-01 6.833622426829990104e+00 9.577968126788409364e+00 1.639475289545891057e+00 1.510684767089145097e+01 2.983341156801158967e+00 1.926011850561029970e+00 4.069991279864769496e+00 -7.092006812871228805e-01
1 1.335283156390955206e+01 -3.346232633803548140e+01 -1.124219951945203277e+01 -8.818086300432961266e+00 -1.336417501138531172e+01 -1.818456782482715539e+01 1.326491601445322521e+00 -4.333698522785828011e+00 -9.229429770308753334e+00 -3.879752480403356962e+00 -6.617511600089602375e+00 -2.333948739886164958e+01 -1.822064045836919988e+01
1 1.316816859047180088e+01 -2.635602432287612729e+01 1.432694423602998368e+00 -5.857996984432495502e+00 3.788541820595488385e+00 4.010529878554969230e+00 1.277202425951872833e+01 7.963247756861397519e+00 1.073041815219615636e+01 1.208026705184994398e+01 1.389798538996816646e+01 7.612277527492934404e+00 4.822023805233128790e+00
1 1.319373804285672769e+01 -2.371219627278956210e+01 1.180497918208918762e+01 4.732377691430906808e+00 7.937580434944981000e+00 1.039908688797432923e+01 9.724672258382632606e+00 6.046560858036396091e+00 5.632252350525837947e+00 9.273041175827311022e+00 1.401866766645457751e+01 -1.280243425548949432e+01 4.009686700766767586e+00
1 1.320116529394559812e+01 -2.573875463908784411e+01 5.866582297418057479e+00 3.274080936371856598e+00 6.165006148956051035e+00 1.522879185056036100e+01 1.758428807816032702e+01 1.767302244194907601e+01 1.789951087145334441e+01 5.101863998997518301e+00 1.116067038245350318e+01 4.409441964551669813e+00 2.194909825972175543e+00
1 1.341017388311269798e+01 -2.808753554292785282e+01 5.414879899100569993e+00 9.104128017731616396e-01 5.588945413496886339e+00 1.028343215489263862e+01 1.516128374778889665e+01 1.024507411249866173e+01 1.591247989134025076e+01 1.283098579247228699e+01 1.092394158513684488e+01 -1.059130324659349309e+00 2.417099586829453362e+00
1 1.316008932306343837e+01 -2.360541148565316760e+01 1.102241598205472783e+01 3.216525564636981471e+00 6.016699346165830242e+00 9.817444395778567312e+00 1.851582773049652886e+01 1.305176545617322503e+01 1.899729341345966205e+01 7.882159081511605159e+00 -2.040184908290658683e+00 -3.359773013276382336e+00 2.705539147133034117e+00
1 1.314614013920583702e+01 -2.689372434426977065e+01 4.713934249320830716e+00 -7.209283291709209229e-02 7.176681357815636098e+00 6.402721209164488059e+00 1.568925919793895218e+01 1.868129473987561084e+01 1.424278265605205185e+01 5.084944672451586101e+00 5.975989488948308725e+00 1.293490964266308296e+01 1.949009186976620356e+01
1 1.333530120789695417e+01 -2.764711853018526000e+01 7.027743024343032552e+00 -2.192251342951915927e+00 3.132352519346222053e+00 1.436806418649029560e+01 1.345340502778553038e+01 4.957635006158398916e+00 9.354942191432733978e+00 -9.434477873976414575e-01 4.225286518638908362e+00 1.392032667827154402e-01 -7.679424073427106867e-01
1 1.324536771972063853e+01 -2.753723519076482518e+01 2.789868941472852359e+00 -6.270333530636269970e+00 -2.953187813993952471e+00 1.817495553650238183e+00 9.687744810593542866e+00 4.526062841269612669e+00 1.078708481065736002e+01 -3.805623891663124869e+00 -3.576642052363067759e+00 -1.059603485605764561e+01 -5.774336396966187834e+00
1 1.308030108821500548e+01 -2.587377251788172572e+01 5.159177959194259699e+00 3.994127772634771034e+00 6.469423852633785721e+00 -6.969285235222099084e-01 8.253487695811116964e+00 3.393320734878810807e+00 1.255931711034865828e+01 5.670345146460934238e+00 2.853523242200194598e+00 6.882329981257910845e-01 5.316619766958475601e+00
1 1.313820574154910759e+01 -2.554545147976052633e+01 9.654145789311320058e+00 3.574178651060763823e+00 4.879783185736542350e+00 1.024811607060402352e+01 1.484186816217963489e+01 1.228112981769437262e+01 1.150732720508372431e+01 -2.278027510934886646e+00 4.694304418372526655e+00 8.845035622437299239e+00 6.014802367098002200e+00
1 1.340547381041076669e+01 -3.079521835969507393e+01 7.675077346428202940e-01 7.517325810722038648e-01 -3.638886571834353933e+00 2.586542443680396985e+00 1.086702465646541826e+00 -4.424216309543663961e+00 1.283202304720895626e+01 -2.497657928511301806e-01 8.904073632400026028e+00 4.421832408756580790e+00 4.479464098849270215e+00
1 1.343390547580663075e+01 -3.124978205893054906e+01 -1.355328278241205053e+00 2.777869745919238631e-01 -1.730945895723265737e+00 5.061494275161905421e+00 5.459358957625713993e-01 1.269704214088634542e+00 1.966707235331712411e+01 -3.459198673116306577e-01 1.429397019067895158e+01 9.835203932446507480e+00 3.006912345936995301e+00
1 1.444398566974341236e+01 -3.225729788646429341e+01 -9.135844605920903305e+00 6.818637895137405813e+00 1.454619747464279689e+00 2.169674540187663325e+01 3.833277758319372452e+00 8.347009715251475725e+00 2.773341136879695767e+01 -2.928800675266987064e+00 2.772067688120388951e+01 1.175496853969847422e+01 -2.028572332363653530e+01
1 1.727759367004604485e+01 -7.280832881681432944e+00 -2.466184796647883815e+01 7.690352870399586038e+00 5.681391013176011917e+00 1.055203875130808377e+01 -2.418664076197042334e+01 -7.866759799736170677e+00 4.110679948989046650e+00 -3.731704665743002636e+01 2.710043095059243257e+01 1.282932178082510610e+01 -1.506396558687293208e+01
1 1.883530141798312130e+01 -1.709286464282860629e-01 -3.230983790865820282e+01 -5.838726699177803958e+00 5.974556288639276680e+00 1.980882526392649723e+01 -2.479558241066933988e+01 -1.641403601490096875e+01 1.052838552154548601e+01 -2.356639781857432681e+01 2.716201839216987679e+01 1.760149083893199062e+01 -9.981021454045638563e+00
1 1.927098235919806513e+01 1.636773454630271463e-01 -3.222326683987446927e+01 -1.036686965235012003e+01 -1.267860871618002871e+00 2.270063563346712243e+01 -2.407932237162938804e+01 -2.362146161971438119e+01 -1.318726183344978375e+00 -2.594823673588756208e+01 1.688468552785950294e+01 5.842418066025517831e+00 -5.300519514031104329e+00
1 2.042227999228456881e+01 1.547657574466354991e+00 -3.846021714784659906e+01 -1.196431137764266683e+00 4.455945300333373105e+00 2.444303304399502252e+01 -3.152956806410207591e+01 -2.617579834163289831e+01 1.115124199300529817e+01 -3.124224965755214356e+01 2.545374629164460245e+01 1.979746201434471686e+01 -5.080040977735344576e+00
1 2.087228331713713558e+01 4.013772691939882620e+00 -3.462499382600581299e+01 -3.613994348192281603e+00 1.549919723039506358e+01 2.147438527060050717e+01 -1.648263830444300737e+01 -2.613854940132806703e+01 -1.074381529111657629e+00 -2.337996860068929195e+01 1.262696330598838790e+00 1.925113114547970028e+01 -1.434530156697015446e+00
1 2.119709594502612049e+01 3.859132272065523672e+00 -4.542454951965771670e+01 -4.385266742914988747e+00 1.232659420954837515e+01 1.574102478559328233e+01 -3.420850613231167614e+01 -3.127274736535662569e+01 1.400370394394595763e+01 -2.024798353641132920e+01 2.073904890713418681e+01 2.824413548568688270e+01 -1.580240497594713212e+01
1 2.131568462175004441e+01 -7.667859675500940386e-02 -3.443711048325752699e+01 -7.929332946894732004e+00 1.204802825389350218e+01 1.436814968366533662e+01 -1.787543599135845440e+01 -1.924680434302597121e+01 1.013916550934420968e+01 -1.394543369432983404e+01 2.844101782676490053e+00 1.948910076070286479e+01 -2.010309075938708290e+01
1 2.143168498308954639e+01 5.519250357153770992e+00 -4.641283914775159047e+01 3.515857365719717631e+00 1.753699074869551566e+01 2.314753858398765729e+01 -2.762650934330796204e+01 -3.824815706178915775e+01 9.216371968886177157e+00 -3.087321176644690368e+01 1.006766542897519834e+01 2.597494872103139230e+01 -1.221929622499688151e+01
1 2.142986654882486519e+01 2.929315002500121778e+00 -4.031913538189071744e+01 -2.970220647737932484e+00 2.272041143569666133e+01 2.366415771764839349e+01 -2.544517675705536774e+01 -4.203524948841376130e+01 4.098948323737226396e+00 -2.337177143269657265e+01 7.586377092001532318e+00 2.575808852153168971e+01 -1.515886322690210086e+01
1 2.152629122342110435e+01 5.340945888164909228e+00 -3.822696954578775319e+01 -2.400032745167349546e+00 2.792164165249084107e+01 2.764311525456877305e+01 -2.437532974171555011e+01 -3.558694462111540702e+01 5.972532718391859063e+00 -2.551280794713014899e+01 8.668155325317803417e+00 1.962622223191424808e+01 -1.989888994072812523e+01
1 2.132911997908699320e+01 3.683083326498640120e-01 -4.283778047801659739e+01 1.467554704800415832e+00 2.490851958661131960e+01 2.843829088122170745e+01 -2.924817267222125849e+01 -4.592062108868476855e+01 4.573336224529976235e+00 -3.268328913785895651e+01 9.233710313703008543e-01 2.669687248414428282e+01 -1.264236968060608568e+01
1 2.151599865472979189e+01 -4.754088913669539451e+00 -3.955276126115315805e+01 2.335580926749143860e+00 2.897496171951573984e+01 3.126811604489738983e+01 -2.853633420469956761e+01 -4.133637023956129752e+01 -8.915949254236229526e-01 -1.865053351831036466e+01 -9.487218361031761749e-01 2.854289336851462622e+01 -2.069463334259734211e+01
1 2.134218475133013015e+01 -4.446830416364347727e+00 -3.939392022389964865e+01 -9.934129571727776664e-01 2.557581882138173057e+01 2.223365988926182979e+01 -1.896427470035703777e+01 -3.433084762965376768e+01 -7.802483383287941443e+00 -2.500379193993249061e+01 -1.227769174498441984e+01 6.118779555547810389e+00 -2.436985542832224994e+01
1 2.150461917617340291e+01 1.193625231260446867e-01 -3.944034409813914266e+01 7.644986199135592742e+00 4.409215510109435598e+01 3.436134642429338726e+01 -3.335482987518713571e+01 -4.565399728925243750e+01 1.121154051002710617e+01 -2.586012535500463017e+01 9.032513051501241952e-01 1.868070258109196402e+01 -3.260521678656262878e+01
1 2.051850736233345884e+01 1.556467085344973800e+00 -3.108866761523510291e+01 3.340889853445021540e-01 2.294608433237698364e+01 2.376138677164674817e+01 -2.351397966169082210e+01 -3.090035472402107786e+01 2.126372849633691331e+00 -1.610714066173904158e+01 -5.881773279232310081e+00 8.547427928381402751e+00 -1.182694025251102232e+01
1 2.068325063708380895e+01 7.486496211135797552e+00 -3.341457551188601371e+01 4.107069464573301687e+00 3.110215106955930153e+01 3.508024335602508614e+01 -3.412925962322418627e+01 -4.348705090145094942e+01 1.667905518988481361e+01 -3.007662815745767659e+01 -2.239855409337053072e+00 1.659889645846633854e+01 -2.610811923836456572e+01
1 2.037969652203434734e+01 5.329416511136520818e+00 -3.177910648782518521e+01 -3.343854054363673889e+00 1.462765579600955768e+01 2.205726907868193720e+01 -2.159389418902832958e+01 -3.546346551636814581e+01 6.049125413658712702e+00 -9.414957968271107092e+00 5.639869855836637802e-01 1.909677118395808559e+00 -1.374658869380464665e+01
1 2.003849062637308265e+01 4.652909358295508113e+00 -3.178029369638695201e+01 4.902994485057114105e+00 3.311669364776415847e+01 4.130341578856010898e+01 -3.567008605347864147e+01 -3.931723632504689192e+01 1.472410903007599359e+01 -2.947574795766920985e+01 -1.607286939764852374e+00 -6.472145366186206061e-01 -2.641996839787905316e+01
1 1.978626789232244931e+01 1.830631356735478610e+00 -3.462246954442376534e+01 -5.971922850966463692e+00 2.842654258819377588e+01 3.287211157022733232e+01 -3.146241822304745384e+01 -3.128828460948901835e+01 7.664019103693158641e+00 -1.540418666200693920e+01 1.458650888668282164e+01 -1.446682867861443711e+01 -2.152761050224930983e+01
1 1.940071240795628427e+01 -3.909132471623995020e+00 -3.412810854451279141e+01 -5.271286313272958601e+00 1.500982802387840032e+01 2.175612730265571315e+01 -3.004922621670500860e+01 -3.385124938482554313e+01 3.519697460289152424e+00 -1.427279896078181842e+01 9.355063197795150387e+00 1.696217281022562418e+00 -7.214060607067732889e+00
1 1.969352950549433245e+01 -4.439634553148271934e+00 -3.215835057954619458e+01 -9.977887168431913700e-01 3.578526628708755908e+01 4.446824892139086671e+01 -4.325445677943398692e+01 -4.636382121340385964e+01 4.344518697180808964e+00 -2.436896337570511761e+01 8.654939516811809952e+00 -1.781908700812262225e+01 -2.464506738522064566e+01
1 1.952564918260001292e+01 1.107701799987414332e-01 -3.026925238284979258e+01 -4.181243906170455382e+00 3.161413481229061517e+01 3.517605515243481307e+01 -3.842615830447568470e+01 -2.602546502063103873e+01 9.827741737225553109e+00 -1.277312881890401286e+01 1.710600660712158216e+01 -1.987470378160776718e+01 -1.305227152341151253e+01
1 1.808946809897658525e+01 -1.986427074796890846e+00 -2.318062674980221871e+01 -7.143589873992696404e+00 1.948573847041796725e+01 1.611758528771738241e+01 -2.636104787156935458e+01 -2.374728224404442045e+01 -2.751875938476146199e+00 -5.314182321818401000e+00 9.727882699696853708e-01 -1.612888415981394630e+01 -9.169278251675134328e+00
1 1.676353945096232323e+01 -3.711710526188291670e+00 -1.754776946417306505e+01 -2.033801893957773554e+00 2.836129227900086747e+01 2.061767709350558064e+01 -3.227365384556489403e+01 -1.521567881819256662e+01 9.657352095947414616e-01 -2.878364801905162551e+01 7.375346955434056717e+00 -2.242928242984951126e+01 -1.189534346931439757e+01
1 1.591251444822903771e+01 -1.201388454448366261e+01 -1.557202762946651831e+01 1.755843701581778493e+00 1.571773683111989861e+01 2.954537082991614483e+01 -1.793999253549123196e+01 -2.505676969610924942e+01 6.502651429473915279e+00 -1.438878283024315863e+01 -2.540076266827204776e+00 -1.760592237749402145e+01 -4.360274223275614425e+00
1 1.488612837499356623e+01 -1.252383609434576428e+01 -8.711729632423224956e+00 3.683609515498654785e-01 2.531287594803014684e+01 2.414793347408153323e+01 -2.116809329061503320e+01 -2.718010688515407836e+01 1.668677593662291514e+01 8.497656801477013744e+00 9.066978096652931640e+00 4.700501203831858987e+00 2.422535989645256738e+00
1 1.468004509555828285e+01 -1.362500273534080186e+01 -1.029798991441366418e+01 -9.069935212757095355e-01 2.389240430248883129e+01 2.190574770790469117e+01 -1.868408254361694532e+01 -2.898169247195061260e+01 3.608554228180564927e+00 -3.157190860575106672e+00 2.710657079175320394e+00 -9.549471043249463165e+00 -1.163655047391523567e+01
1 1.416815697388440931e+01 -1.454015704965125266e+01 -8.543161568818653961e+00 -7.972692510320397163e-01 2.413785627332412176e+01 9.722245911896218118e+00 -1.781009816433342863e+01 -2.120476294726933020e+01 -2.994215795478185616e+00 -6.526164415649412298e+00 5.263479984039491910e-01 -1.914597183868853847e+01 -1.676934520595334277e+01
1 1.437268901191854198e+01 -1.840161593155480091e+01 -1.423489980764386331e+01 -3.104895180100385677e+00 2.746990146806867372e+01 1.304347692448512142e+01 -2.148330147223177988e+01 -3.294398806572812788e+01 -1.291333856183665141e+01 -2.301647875240822483e+00 1.917772053968870338e+01 -3.611455475405465965e+00 -1.837468044026363501e+01
1 1.376717884200949449e+01 -1.869355707553349077e+01 -9.441387639466041648e+00 -1.708983571878773811e+00 2.621804596811556110e+01 1.103385288929569263e+01 -9.421835136413591272e+00 -1.394569256399964807e+01 -6.079559371993338290e-01 1.144772564392575198e+01 1.391696867483074662e+01 5.781050746736855928e+00 4.328734475388366643e-01
1 1.355495686717736703e+01 -1.522767516256651277e+01 -1.384279416338407565e+00 -2.223070965673259458e+00 2.379174806668478581e+01 1.008193737503376042e+01 -4.146173551178533145e+00 -2.043819694523997299e+01 -1.362707943883743233e+01 1.227494705519334817e+00 9.516349013035211968e+00 -8.459153304874707402e+00 -1.516487569008205938e+01
1 1.352345028685011741e+01 -2.010122273486868849e+01 -4.009227324719528696e+00 -7.958576909915425546e+00 1.264975630008532370e+01 9.031928988048420592e+00 -9.428450134600323551e+00 -3.439493938093004743e+01 -1.922126683273544501e+01 -2.491324053388550119e+00 -5.110617102666977773e-01 -1.201087962729920378e+01 -9.823395684899844937e+00
1 1.330984158337874668e+01 -2.053497297902544716e+01 -2.858692895621873120e+00 -1.062157398732082036e+01 8.317592746540084292e+00 1.111460353859993688e+01 2.794424204780914689e+00 -1.113421397388478162e+01 -8.211684620796761536e+00 -6.624028167442608250e+00 5.937230519210769053e+00 -5.034140772872143899e+00 -1.250722813565104552e+01
1 1.316122221319073304e+01 -2.273425792001234313e+01 -7.291528318463592617e-01 -9.149523155722897982e+00 6.924725907121279889e+00 1.140217410801010978e+01 -3.366645492485961899e+00 -8.284098454332704975e+00 -3.166452420868996587e+00 2.541389896403781545e+00 2.801620225313617318e+00 -3.850171834146800531e+00 -4.283468996902739079e+00
1 1.318125476392744488e+01 -2.315502464563171259e+01 2.224054115221487660e+00 -3.767063380842100795e+00 3.151989365149339584e+00 8.425659991248117819e+00 4.811492270191653375e+00 -1.303917795979766980e+00 1.107381429252112959e+01 8.784564025721698144e+00 1.877995590291519523e+00 -3.153771829026477125e+00 5.336528733535261804e-01
1 1.327818192414007648e+01 -2.660688047719799343e+01 4.571009906297497594e+00 -5.754241429857604118e+00 2.753622626880125601e-02 9.348410517827467459e+00 4.446451935455120186e+00 -2.512802969047880808e+00 5.451184633828246362e+00 2.842155371770892724e+00 -3.342695136150368729e+00 -8.870662846597220152e+00 -1.459417274572974854e+01
1 1.323483041576488795e+01 -2.706276321980531208e+01 -3.425705338254925181e-01 -7.578142549116225979e+00 -6.825198424522447738e+00 -6.103595278858545692e-01 -6.526509435745652787e+00 -1.270574011551095239e+01 -2.245327283739602553e+00 -9.325043372628586624e+00 -9.389322893085227051e+00 -1.567697817493016466e+01 -1.279897998827162908e+01
1 1.314394448812027072e+01 -2.289938482431426436e+01 5.792432837387443634e+00 1.272065135945129821e+00 8.904655365756280361e+00 1.100605388730909873e+01 6.097523954592339201e+00 -1.486025534353711430e+00 1.532300950721820776e+01 8.307762548438727634e+00 5.773554905786425273e+00 -8.343175621977655387e-02 4.540778277228301185e+00
1 1.413189603844954689e+01 -3.197041177992166539e+01 2.016617489223567539e+00 2.267300585017954173e+00 -1.152882215761699136e+01 1.318255084943588962e+01 3.140893916883004788e+00 -2.210573103828677777e+00 2.829691565125504482e+01 1.037893911550408710e+01 2.228141471575915844e+01 1.945072242857195022e+01 5.762877143306522676e+00
1 1.416435168749495865e+01 -3.006182842491055851e+01 3.363756316958725900e+00 4.152234800846196450e+00 -8.753390859079683395e+00 1.939348504613804991e+01 1.367440536792573624e+01 5.725280295237925365e+00 2.362698976046531030e+01 -1.978241976241491118e+00 9.316699115102904827e+00 5.330481225556137126e+00 -2.119156657164810387e+00
1 1.324453665423958881e+01 -2.357608116693414146e+01 5.991192590348016545e+00 6.649509862920612857e-01 9.406885397710301078e+00 1.030028561925578501e+01 6.710615015849786147e+00 5.230620879725274897e+00 1.992636688742796736e+01 1.956737469306268240e+00 -4.370702337138125948e+00 1.342118657663737280e-01 4.252933486874201918e+00
1 1.324250905542083423e+01 -2.527093941329943760e+01 8.442889764991910795e+00 5.617358120129792853e-01 7.337577049350977987e+00 6.251807664423662203e+00 7.721369874486677887e+00 3.151213353914070758e+00 1.156280602053487705e+01 6.820041655577069761e+00 1.084472067216799829e+01 1.282970975349072518e+01 4.935737510150344676e+00
1 1.319027861786105227e+01 -2.492982191548193782e+01 4.894051090272514060e+00 6.782012901550852346e-01 5.291825240963198063e+00 1.517340202419504624e+00 4.964419340473709141e+00 5.968362556533677754e+00 1.375301891496202344e+01 6.735347661986144097e+00 -2.187151897924697330e+00 -1.481143342914981620e+00 -1.514149931548687489e+00
1 1.331167641252699774e+01 -3.114026299615549576e+01 -1.592030284218482805e+00 -6.741413271593365231e+00 1.511505851599931560e+00 3.695181294313591103e+00 6.532645492822561906e+00 -2.346797406298244126e-01 5.448435607023134786e+00 -4.536027738211493521e+00 -7.572298144735118086e+00 -1.178156934091955321e+01 -7.418164635403654117e+00
1 1.319181493116022175e+01 -2.801473414060309253e+01 -1.931341615651371302e-01 -5.634636557438895466e+00 6.836133543168564586e+00 1.196869616765096467e+01 8.127360923251810476e+00 1.061164611420077719e+01 1.737167514994026618e+01 1.141767884991161885e+01 7.284878726357400858e+00 6.229922553876974245e-01 7.091279660532022744e-01
1 1.305847793475790120e+01 -2.761300735884882585e+01 4.681437701743965007e+00 -2.027318898209435449e+00 -7.620458111451894334e-01 4.432200259917575380e+00 8.037668827109110126e+00 6.209386241943084528e+00 5.866759376820141370e+00 2.587214913969486219e+00 1.134649997643681685e+00 -3.322789463636791396e+00 -1.851105363593169573e+00
1 1.299349890657960849e+01 -3.176659855494543194e+01 -8.999146639159404382e-01 2.914085288118446401e-02 7.388231802302671625e+00 8.953086599299588499e+00 7.980068727550659879e+00 7.011599756279487394e-01 3.044113151821183472e+00 -1.133038740680189616e+00 -3.186998139918741368e-01 -5.116351984148782783e+00 -6.124337198045665120e-01
1 1.312722808156084575e+01 -2.843486264801538965e+01 3.754056473657662707e+00 -2.177658882361638570e-01 2.055156059328474782e+00 -2.889372190533860074e+00 -4.004251827029828625e+00 4.440174306617264977e-01 9.479362882315150785e+00 2.479163947113534494e+00 -6.310734603903639384e-01 3.919253008434639085e+00 1.153500996057493744e+01
1 1.322131421253472894e+01 -2.702495087978260457e+01 6.189085029701352880e+00 2.557645534728844705e+00 6.226587530604772880e+00 8.053286259540152869e+00 1.543716382930760389e+01 1.838315616492658222e+01 1.965816590737330927e+01 1.364153220498270080e+01 1.261877337546642508e+01 1.578000072268974652e+00 3.878417966095363489e+00
1 1.331973944705677049e+01 -2.688901308788771161e+01 6.026698162339238607e+00 -2.717974656889576401e+00 1.524539507432421725e+00 5.901740863836544726e+00 9.107961235697024094e+00 7.134921740119684941e+00 1.026378303628837863e+01 -1.615514723876137371e+00 8.736852949893371134e-01 1.393206165157673260e+00 4.829339164253826588e+00
1 1.317518346359840287e+01 -2.330820656204489438e+01 8.889270110186670237e+00 1.290158841326445593e-01 8.372660498718873523e-01 2.779723613113015634e+00 8.430392216028943508e+00 2.675063343356304912e+00 1.203517722830853742e+01 5.174647251748001331e+00 1.266763228348161086e+01 6.321091698882839616e+00 2.547363050270588514e-01
1 1.317323433166896152e+01 -2.821957599019419050e+01 2.460252510661472769e+00 -4.635217735470273048e+00 2.662053100413232620e+00 2.042339712116582717e+00 3.004752714568749816e+00 4.878031948452783872e+00 9.110827846089531334e+00 3.405419439593647901e+00 1.816843584326293115e+00 8.914958526478250489e-02 -1.859058055743463500e+00
1 1.308156329628044823e+01 -2.588681315490880763e+01 4.559056303706540803e+00 -4.493692694052639602e+00 4.528149990631987976e+00 1.205992656798694540e+01 1.497172555487139256e+01 1.049617852477375735e+01 1.305275752754062957e+01 -6.442787543893936375e-01 -3.288881486765666384e+00 -5.697377092582835978e+00 3.520713750377052254e+00
1 1.388081313237975323e+01 -2.990593407612915300e+01 6.922834839596927026e+00 5.775257165378390845e+00 -7.996499032014190433e+00 2.063806440607889314e+01 1.229257947352861002e+01 4.767423440131171475e+00 1.856159703666148886e+01 -2.103509441572116501e+00 8.854105921502286591e+00 1.172131673706410560e+01 1.484674436586977642e+01
1 1.335339908595069502e+01 -2.752681707526737753e+01 2.881877651200165591e+00 -2.881580617245733222e+00 1.885935687981255215e+00 -4.689127995518457048e+00 -4.259283424731525436e+00 -1.673304923932726007e+00 5.659442364027050587e+00 2.994438568613452478e+00 3.718729562636326147e+00 -8.998571732208802132e+00 -8.671435651294426838e-01
1 1.315353772207953575e+01 -2.742876817406785150e+01 8.721885739911637847e-01 -4.895399489609529198e+00 7.313749333831952804e+00 2.852961658253653887e+00 1.928533203773291627e+00 1.027541036665940988e+00 7.030447280230608165e+00 4.003022728647804840e+00 7.089931688404684351e+00 -4.617499060607435091e+00 4.082188783787542796e+00
1 1.334348163014838740e+01 -3.117774745807744807e+01 1.062683990435701276e+00 -1.553794202717032835e+00 4.297224744174920730e+00 -1.950059016915692611e+00 4.001933495668638763e+00 5.686415574198030676e+00 1.513360546663174766e+01 7.370755705867899188e+00 2.930287570243905737e+00 6.942332847493526415e+00 7.548057372261942177e+00
1 1.313267188551602871e+01 -2.730934207202543362e+01 1.597999393385834743e+00 -7.855125438403121052e+00 -7.970592016253100098e+00 -1.587495370751107027e+00 7.804999540493835930e+00 6.996219924986518457e+00 1.118246729123082339e+01 -4.003017938157446665e+00 3.127273016938177719e+00 1.000974953477507157e+01 1.290968735512190868e+01
1 1.311720057560513375e+01 -2.505681140952593822e+01 4.072004713796841813e+00 -1.409152666580281377e+00 4.048342069163912704e+00 5.556432921112150147e+00 8.080194865257801951e+00 9.080477626660089285e+00 1.216863985195328191e+01 1.205160156887525869e+00 -3.503457284631221746e+00 -5.937300739548768469e+00 -9.774370127071208697e-03
1 1.323463613038899922e+01 -2.479747932154109691e+01 7.365851046749695819e+00 4.096283345907715812e-01 7.443319243506425487e+00 7.237826506129217741e+00 1.499476986509931997e+01 3.529212124266998263e+00 5.257743348843301412e+00 8.051210614086455664e+00 5.547401083639065256e+00 -1.066083898049708267e+00 2.722414731976106061e+00
1 1.319525484266081428e+01 -2.337260850178734728e+01 8.115350873565201795e+00 1.726144900086202361e+00 7.337583056383612856e+00 1.006355762248980312e+01 1.647491969687721536e+01 1.087897018018993123e+01 9.402442187199968160e+00 -1.127161025319454835e+00 -4.566305878136123653e+00 -1.572283342312718490e+00 1.578112911502048243e+00
1 1.327825110912086082e+01 -2.577312537636539957e+01 7.911311449908503768e+00 3.169838080235181099e+00 2.965405780159944715e+00 5.545251946567266721e+00 1.069601964900353153e+01 8.125119151138314733e-01 1.134252499542917070e+00 3.719023670754258992e-01 2.048756879013481580e+00 6.190574946828962588e+00 8.891842327193147710e+00
1 1.309980540008872119e+01 -2.583670622943881057e+01 5.263817067934740912e+00 -7.636921727715568764e-01 -2.405344180032263690e+00 2.892643298521528461e+00 3.818862897856846850e+00 3.908672720734366113e+00 3.258759120514779450e+00 -5.040533580884012821e+00 3.697314293676126518e+00 -3.035437311602623978e-01 -5.391096734703380022e+00
1 1.312464083158876882e+01 -2.832800568416935860e+01 -6.933776729898647462e-01 -1.121248673152105724e+01 -8.480854427893198988e+00 -4.383351922922173571e+00 4.007300209645271671e+00 -8.352254561102072372e-02 9.051516323572672107e+00 1.378612610577628317e+01 9.626670861657322220e+00 5.711071785751578034e+00 1.610644499831560239e+01
1 1.324637454565211314e+01 -2.424281456122394474e+01 2.182570259248513889e+00 -4.198092550354415864e-01 1.284720698829002039e+01 7.061976192178113898e+00 5.453966522187760901e+00 -4.899847365678067668e+00 4.245850688714564392e+00 1.147218657114160223e+01 1.052180386118073230e+01 9.282594588560623805e+00 8.622758123331214719e+00
1 1.320509752423276773e+01 -2.349841788856752700e+01 8.150000150530816612e+00 -1.653802428443235661e-01 2.308299886685874380e+00 1.299924087464821243e+00 5.869364356864497090e+00 7.987549168975334624e+00 2.235147771221464907e+01 7.687080652748232268e+00 -5.829981631647135343e-01 -1.097250245562057103e+01 1.157809912440781241e+00
1 1.305593801713526858e+01 -2.680050423755806577e+01 4.698758798767802780e+00 -1.194849147750352225e+00 1.492694594909061145e-01 -7.145426510809979037e-01 1.889991689200098524e+00 -2.147326220987007428e+00 4.218994077902360473e-01 -7.249416436204422887e+00 -9.485555529229409144e-01 5.773452265369851677e-01 7.922498401602672935e+00
1 1.322986575929332886e+01 -2.881896791325873508e+01 5.517496145539352304e-01 -9.608698302762087806e+00 -2.480417770982059622e+00 -2.055551798262929442e+00 -4.281016151885981280e+00 -6.141370653515780376e+00 -6.602156179733862373e+00 -1.086301300560513106e+01 -5.301800026578783687e+00 4.293545448838422374e+00 5.096029214524556039e+00
1 1.316552878978271757e+01 -3.047153150763181273e+01 5.483974124830499619e-01 -9.474317769533380229e+00 -3.780217865910028952e+00 4.801836430046963478e-01 4.335256964771231125e+00 -1.533341254668550757e+00 -5.895222535606849057e+00 -7.790685621023326846e+00 -6.345298663987833931e-01 -6.506836681448330495e+00 -2.662918461697984185e+00
1 1.323449146117064501e+01 -2.634135302540383705e+01 5.576603339560791461e+00 -3.217342332805492866e+00 -7.337464756135287924e-01 1.519260712751904774e-01 5.442197675359829567e+00 1.487457014966863111e+00 1.504273405692214993e+01 9.184710059941362914e+00 1.215606972762692450e+01 6.715680311646321066e+00 1.328696228420152181e+01
1 1.317154209361670070e+01 -2.731052300043659642e+01 6.368479890401629540e+00 1.078490822324968068e+00 9.692686236663592414e-01 1.036369704043457851e+01 1.522068953132649582e+01 1.057636108824937970e+01 9.272338281348288191e+00 7.529209596940872329e-01 4.697416702353857332e+00 -2.521781857904948243e+00 -2.811099437770751552e-01
1 1.311614312776864644e+01 -2.523060656084437881e+01 8.584226340064153860e+00 4.037873635496400659e+00 4.512576075016202282e+00 3.913139496573763143e+00 6.955945061824743370e+00 7.946501554390689392e+00 1.297131159853003801e+01 3.710768365721322404e+00 -5.123119871883522469e-01 1.535194036101743986e+00 2.390578768204662641e+00
1 1.310423830538761791e+01 -2.367490106181952569e+01 7.156370436437746285e+00 1.439848090396509184e+00 4.361524548954479386e+00 -2.243568456639468245e+00 -8.790809298011083683e+00 -7.031643627370612215e+00 5.780016403720533269e+00 -4.429161207511501108e-01 5.329032723339753863e-01 4.996404042644215338e+00 1.347410915460190761e+00
1 1.337350862173685151e+01 -2.306169873150260585e+01 8.072527151551355473e+00 1.589470943914433443e+00 2.430201022135491939e+00 4.059293936175706996e+00 8.322068216098307047e+00 1.837418499274161121e+00 1.184187145833838883e+01 -1.152832863899043714e+00 3.559340024040591022e+00 -4.679520071423954874e+00 5.203438872942649951e+00
1 1.330573134084707476e+01 -2.443647191368705052e+01 1.082739879031399433e+01 4.745524287823137399e+00 4.691262659820775838e+00 8.698664106006091856e+00 9.425595621196817930e+00 5.737148954526806399e+00 1.562530005461772298e+01 -3.186037071400966258e+00 -3.660753343250458869e+00 -5.551983084922111900e+00 2.605325716542129300e+00
1 1.323473016043985773e+01 -2.648900020232923325e+01 5.929799129680350056e+00 7.756603124620997658e-01 2.075402666064085633e+00 6.526606227356817058e+00 9.891307266301197387e+00 4.957009565199163248e+00 7.397440706475979511e+00 1.402534131598355494e+00 8.653041156250903754e+00 7.789281221636203512e+00 9.264846398370114144e+00
1 1.317752099478099659e+01 -2.718056203735391563e+01 -2.089715260031285382e+00 -1.228040834451365981e+01 -8.056380200118345769e+00 2.142046178747014640e+00 3.840280535217552416e+00 -3.154506745522863698e-01 1.186657683859776213e+01 8.870314899347782500e+00 1.281965627384955297e+01 1.117858579267613095e+01 6.057257504976547580e+00
1 1.321247244713791424e+01 -2.798536592683893431e+01 1.069542368118862941e+00 -1.283056597479959393e+01 -1.119289730088480184e+01 -7.734720333495904043e+00 -2.020317519057305944e+00 -6.482092934922531136e+00 4.368927946549518104e+00 -3.463095850354215521e+00 -6.651435506056601277e+00 -2.996900654184010637e+00 -5.871639678689947850e+00
1 1.310948838796416105e+01 -2.553064266821642647e+01 2.369354623278678407e+00 -7.580006687159826839e+00 -4.051171294158114833e+00 -1.174625349384149864e+00 1.018078079469429120e+01 -5.897744876657498025e-01 5.944924778730904080e+00 -9.678514117463972444e-02 7.974011023799269182e+00 5.886060693128376542e+00 -5.510974641820793885e+00
1 1.309653162641001067e+01 -2.324790536595484269e+01 1.106438575712719441e+01 2.687408866440465172e+00 3.864315800145027513e+00 8.703563566491673953e+00 1.360706929209105809e+01 1.452967385518680388e+01 1.265890317904777085e+01 -2.899860008927969801e+00 1.693984054934043249e+00 -7.090617189932750364e+00 1.531929486786730354e+00
1 1.313733899226551216e+01 -2.737119265195524420e+01 3.038806564598467652e+00 -3.354873495783986748e+00 5.572257378585852156e-02 3.841188960951928077e+00 8.918166829914891736e+00 5.145221788675319097e+00 5.929814991069236818e+00 4.730100757177389426e+00 6.649015945778850245e+00 4.836799583798198299e+00 5.216584156157801466e+00
1 1.309420926265415375e+01 -2.590088141575205327e+01 6.338954177303611992e+00 2.498523570716012721e+00 1.068924372943321011e+01 1.484867096005307729e+01 1.724315893691538193e+01 1.025269296569985045e+01 1.475102644968466770e+01 8.258046634324131219e+00 8.144442560290830357e+00 7.770396908352229737e+00 2.264642240507887649e+00
1 1.314805333905296258e+01 -2.981306190940557244e+01 -8.773417614229872541e-01 -7.543725600890285321e+00 3.840293207124809705e+00 5.957175620831869800e+00 1.308424370192222241e+01 4.010540898941734156e+00 -4.022415389794780638e-01 -9.156253210991277314e+00 -9.918744995714430246e+00 -1.327386662680274654e+01 -2.670465611793666483e+00
1 1.315246229186163163e+01 -2.493128092326905332e+01 8.770784154529470911e+00 2.081182882205055762e+00 8.169142694128497695e+00 5.910874761948815781e+00 8.812995271163071465e+00 -9.741924127865758676e-01 1.383104079728497471e+00 -2.266152075545563971e+00 -3.995092158193010778e+00 6.984348234924045329e+00 6.592998216292643043e+00
1 1.331877514038022525e+01 -2.706904154351209968e+01 4.585121113235235413e+00 -3.412222343752808307e+00 5.832793853294493402e+00 1.114818746585074472e+01 1.541101875608429772e+01 9.473558402887812591e+00 1.684509221333542328e+01 1.108684292491851231e+01 9.309256005058569983e+00 9.457858486010151111e+00 7.593104527966279882e+00
1 1.308390917473712456e+01 -2.455430777050900915e+01 6.398150164975272780e+00 2.088346699066911505e+00 6.026274113651226116e+00 9.601257139606145685e+00 1.316292275488260621e+01 1.124176121934370443e+01 1.192084860381663880e+01 -1.220161315596779206e+00 -4.818414448453219201e+00 -1.163997713048947524e+01 -1.234462732678287988e+00
1 1.795723820877424615e+01 -4.747337174359186207e+01 -6.407669892720857518e-01 1.250394790422902913e+00 -1.852810821795646135e+01 2.101737596495008731e+01 -3.457611027291763506e+00 -2.701567468042300746e+01 1.730896552900867036e+01 9.522293514894512256e+00 -7.490689800875534488e+00 1.241445798728884142e+01 -1.002203998489803904e+00
1 1.457059962070606218e+01 -3.232434561119071503e+01 4.637026436062500423e+00 -1.860430899287569328e+00 -1.318195025288862787e+01 1.860855292420335161e+01 5.958053766162836773e+00 -7.170244789923875040e+00 1.457595774183856108e+01 -2.641672603955204646e-01 -1.179956260137116075e+01 4.871182287444913328e+00 3.655061655727619430e-01
1 1.409400479882528856e+01 -3.087785424661275968e+01 3.577536950317422804e+00 -3.145281176001871959e+00 -7.442288064106182155e+00 1.727230350188080266e+01 1.033187663872253736e+01 -2.312648247331032803e-01 1.340533986410506095e+01 3.914186353651896155e+00 -3.071011248409923899e-01 9.047942631134787916e+00 5.477666905570331757e+00
1 1.366697073011414609e+01 -2.907646596242770798e+01 2.834598380146986507e+00 1.830806474006026141e+00 6.662056542254833902e-01 9.821246444341346304e+00 1.033282317204401579e+01 8.557856681666420329e-02 1.073386119617082279e+01 8.085792879620031570e+00 1.584555463301441414e+01 1.829452977373480493e+01 1.327364191644334568e+01
1 1.331685569008182490e+01 -2.365469450446272859e+01 8.735350602097966544e+00 3.615208018611386187e+00 2.136390277517329128e+00 4.147445433254721259e+00 1.212373343884300603e+01 1.538646965366473163e+00 8.704662176851327260e+00 -1.396926125958294795e+00 -1.656841801390075350e-02 2.516936855657125882e+00 6.895693900882039706e+00
1 1.342625279046466247e+01 -2.680158390407708779e+01 6.850753058834047060e+00 4.763401785979375913e-01 -7.034931613433999864e+00 -3.328863844884977663e+00 2.484205265092545023e-01 2.378039245162137938e+00 6.289649361599498611e+00 2.412913039653628466e+00 -7.239077701175443913e+00 -7.778343251004698367e+00 -6.316004717636724664e+00
1 1.341042664167130560e+01 -2.708189921731257854e+01 4.771410752419287249e+00 -2.914125896333959354e+00 -4.184789636331927576e-01 1.003628422254234209e+01 2.053500450923489495e+01 2.267203274218115538e+01 1.752528388800308790e+01 1.068523688193057986e+01 1.459451831460353333e+01 1.130572072982800869e+01 6.522504660719820713e+00
1 1.323133563892941389e+01 -2.480042563528769506e+01 8.509306577723965148e+00 -1.378175861660164037e+00 -8.432877073471286566e-01 4.283487786349898130e+00 4.240168796037676380e+00 4.958381718787281400e+00 1.224557662986664042e+01 3.039333281112899687e+00 6.971509936557164444e+00 1.040555023614740016e+01 1.264628297341547736e+01
1 1.320104646072954857e+01 -2.706496881381036701e+01 4.300724385202356892e+00 -3.991999997424191093e+00 2.812617321858928321e+00 6.906876566482328172e+00 1.291994048725822353e+01 3.030065815321917988e+00 3.898760545109164255e+00 5.431078140737024107e+00 9.744215811801089089e+00 5.541525689968135104e+00 3.955375808903245805e+00
